frame,MLTx,MLTy,MLTz,MLTR1,MLTR2,MLTR3,MLTR4,MLTR5,MLTR6,MLTR7,MLTR8,MLTR9,MLTTVx,MLTTVy,MLTTVz,MLTRVx,MLTRVy,MLTRVz,MLGA,MRTx,MRTy,MRTz,MRTR1,MRTR2,MRTR3,MRTR4,MRTR5,MRTR6,MRTR7,MRTR8,MRTR9,MRTTVx,MRTTVy,MRTTVz,MRTRVx,MRTRVy,MRTRVz,MRGA,SLTx,SLTy,SLTz,SLTR1,SLTR2,SLTR3,SLTR4,SLTR5,SLTR6,SLTR7,SLTR8,SLTR9,SLTTVx,SLTTVy,SLTTVz,SLTRVx,SLTRVy,SLTRVz,SLGA,SRTx,SRTy,SRTz,SRTR1,SRTR2,SRTR3,SRTR4,SRTR5,SRTR6,SRTR7,SRTR8,SRTR9,SRTTVx,SRTTVy,SRTTVz,SRTRVx,SRTRVy,SRTRVz,SRGA
695,0.079631,-0.033606,0.322251,-0.533213,0.381203,-0.755257,-0.761414,-0.60532,0.231964,-0.368091,0.698274,0.613962,0.000358,0.009044,-0.010677,0.034646,-0.017765,0.015992,0.11174,-0.187819,-0.000142,0.271133,-0.877811,0.470139,0.091697,-0.265932,-0.63734,0.723196,0.399549,0.60984,0.684339,-0.028848,-0.03162,0.006429,-0.033947,0.164055,-0.029156,-1.404964,0.027959,0.057396,-0.025682,0.841682,-0.499966,0.203972,0.235559,0.679878,0.694461,-0.485884,-0.536468,0.690012,-0.014418,-0.015782,0.003237,-0.081151,0.168228,-0.019588,-0.956681,0.041294,0.037137,-0.046194,0.5514,-0.407891,-0.727723,0.727676,0.661759,0.180447,0.407975,-0.629046,0.661706,0.000112,0.004319,-0.005575,0.038354,-0.098789,0.165493,-0.188946
696,0.079521,-0.033348,0.321936,-0.522971,0.373936,-0.765976,-0.763167,-0.605618,0.225331,-0.378986,0.701942,0.603054,0.000514,0.009486,-0.010154,-0.038749,-0.186925,-0.067086,0.25266,-0.18945,-0.000989,0.271268,-0.846889,0.521427,0.104333,-0.294202,-0.622684,0.725013,0.444071,0.582643,0.680582,-0.058967,-0.016856,0.005298,-0.158389,0.207312,-0.062262,-1.405077,0.027143,0.056969,-0.02562,0.80723,-0.548646,0.217636,0.262318,0.663788,0.700409,-0.528741,-0.508302,0.67975,-0.029465,-0.008226,0.002901,-0.132236,0.197594,-0.057743,-0.959293,0.041238,0.037266,-0.04636,0.540587,-0.401944,-0.739057,0.729478,0.661559,0.173784,0.419078,-0.633071,0.65084,0.000258,0.004734,-0.005084,-0.041444,-0.175513,-0.075012,0.018923
697,0.079166,-0.032809,0.3217,-0.511866,0.365884,-0.777282,-0.763991,-0.607607,0.217032,-0.392244,0.704471,0.591517,-0.013308,0.015922,-0.004053,0.323761,-0.443861,0.377565,0.380976,-0.191397,-0.001248,0.271672,-0.836726,0.537066,0.106959,-0.302659,-0.616128,0.72713,0.457468,0.57535,0.677908,-0.043487,-0.007291,0.016201,-0.030015,-0.077756,0.077385,-1.405279,0.026186,0.056834,-0.025435,0.795926,-0.563814,0.220484,0.270569,0.657096,0.703574,-0.541565,-0.500337,0.675551,-0.022015,0.002453,0.004805,0.007219,0.024384,-0.067822,-0.95766,0.041064,0.037525,-0.046482,0.52958,-0.394961,-0.750699,0.730007,0.662921,0.166205,0.43201,-0.636035,0.639395,-0.006077,0.013592,-0.006046,1.133194,-1.531523,1.823535,0.210952
698,0.078166,-0.031878,0.321489,-0.505195,0.359061,-0.784792,-0.762328,-0.611908,0.210705,-0.403943,0.704268,0.583836,-0.043413,0.021655,-0.000378,0.029491,0.199056,-0.408232,0.516269,-0.193171,-0.001472,0.272153,-0.824242,0.555727,0.108557,-0.314933,-0.609077,0.727858,0.471644,0.565031,0.676872,-0.043713,-0.009797,0.012893,0.011567,0.4216,0.232827,-1.404625,0.0253,0.056735,-0.025177,0.782776,-0.581297,0.222159,0.282186,0.649747,0.705832,-0.554645,-0.489818,0.672641,-0.021591,-0.01068,0.010215,0.087745,1.277688,1.036982,-0.95717,0.040587,0.037986,-0.046583,0.521561,-0.389495,-0.759122,0.728428,0.666539,0.15848,0.444258,-0.635624,0.63136,-0.02154,0.011288,0.00037,0.139397,-0.001689,-0.052914,0.414902
699,0.077665,-0.031583,0.321401,-0.498835,0.353711,-0.791263,-0.762688,-0.612782,0.206827,-0.411101,0.706218,0.576437,-0.029584,0.015276,-0.006404,0.302816,-0.555802,0.51153,0.522737,-0.193976,-0.001767,0.272453,-0.813164,0.571293,0.111265,-0.323269,-0.602106,0.73,0.485057,0.556911,0.674116,-0.028443,-0.022013,0.01841,-0.215975,0.164739,0.001516,-1.404525,0.024891,0.056594,-0.025028,0.770705,-0.596133,0.225027,0.290112,0.642719,0.709045,-0.567315,-0.481182,0.668293,-0.021874,-0.004855,0.006492,-0.243166,0.216183,0.031386,-0.959783,0.040323,0.038149,-0.046618,0.515975,-0.384655,-0.765381,0.728351,0.66729,0.155654,0.450859,-0.63778,0.624469,-0.007375,0.005866,-0.004504,1.042994,-1.639852,1.919742,0.477279
700,0.077391,-0.031666,0.320994,-0.470876,0.337964,-0.814924,-0.766217,-0.614497,0.187824,-0.436713,0.712428,0.549323,0.013074,-0.000458,-0.020388,0.873044,-2.180284,2.214188,0.523997,-0.194999,-0.002492,0.273168,-0.802405,0.584518,0.120319,-0.326951,-0.599072,0.730855,0.500284,0.546356,0.67162,-0.013984,-0.00811,0.01286,-0.036744,0.011938,-0.022333,-1.401014,0.02438,0.05623,-0.024679,0.758233,-0.608501,0.234112,0.293697,0.639362,0.710604,-0.582085,-0.470045,0.6635,-0.006754,-0.009988,0.009979,-0.069693,0.019664,-0.036554,-0.955211,0.040172,0.038119,-0.046809,0.489383,-0.372828,-0.788354,0.731175,0.668099,0.137932,0.475274,-0.643927,0.599559,0.005904,-0.006016,-0.006352,-0.212053,-0.859909,0.029393,0.513856
701,0.077953,-0.032025,0.320458,-0.433373,0.311908,-0.845545,-0.769675,-0.616148,0.167138,-0.468317,0.722838,0.508145,0.011785,-0.012123,-0.012875,-0.262615,-0.96514,-0.002933,0.524056,-0.195236,-0.003125,0.273929,-0.798317,0.58867,0.127079,-0.325251,-0.598864,0.731784,0.507883,0.542111,0.669353,0.001021,-0.006147,0.014311,-0.034674,-0.003255,0.006916,-1.398654,0.02425,0.055905,-0.024293,0.753421,-0.611854,0.240811,0.291827,0.639337,0.711396,-0.58923,-0.465706,0.660246,0.000736,-0.009089,0.010598,-0.071121,0.008296,-0.009259,-0.956027,0.040451,0.037937,-0.047088,0.447824,-0.352056,-0.821894,0.735167,0.668169,0.11436,0.508903,-0.655442,0.558042,0.013333,-0.007824,-0.007764,-0.24801,-1.463956,0.098576,0.521205
702,0.078488,-0.032414,0.319852,-0.396816,0.279902,-0.874207,-0.770685,-0.618895,0.151609,-0.49812,0.733549,0.462395,0.012225,-0.010965,-0.011547,-0.420368,-1.409732,0.150128,0.524075,-0.194909,-0.003494,0.274452,-0.787624,0.602878,0.127192,-0.335028,-0.592118,0.732862,0.518126,0.533837,0.668152,0.015669,-0.008187,0.010697,-0.034233,-0.001235,0.013123,-1.390298,0.024409,0.055726,-0.024023,0.74206,-0.625507,0.241012,0.301109,0.632265,0.713843,-0.598898,-0.457144,0.657525,0.007851,-0.00381,0.005699,-0.031072,-0.019767,0.03469,-0.953905,0.040716,0.037736,-0.047399,0.410078,-0.32552,-0.85198,0.735777,0.670076,0.098128,0.538949,-0.667108,0.514294,0.006105,-0.005525,-0.005834,-0.262944,-1.025615,0.347766,0.524144
703,0.078595,-0.032466,0.319563,-0.381131,0.26551,-0.885601,-0.769042,-0.622694,0.144219,-0.5127,0.735698,0.442621,0.013562,0.000804,-0.018994,-0.288269,-1.346894,0.432054,0.523707,-0.194677,-0.003518,0.274572,-0.783389,0.60711,0.133077,-0.335082,-0.592717,0.732353,0.524478,0.528351,0.667557,0.015086,0.002803,0.002502,0.002046,-0.015169,0.029205,-1.382409,0.024525,0.055711,-0.023959,0.737119,-0.629049,0.246884,0.301172,0.63286,0.713289,-0.604937,-0.451424,0.655946,0.007549,0.001556,0.001435,0.003645,-0.038861,0.056977,-0.954721,0.040769,0.037704,-0.047543,0.39374,-0.312016,-0.864646,0.733845,0.673158,0.09126,0.553569,-0.670449,0.494021,-0.001173,-0.003319,-0.00398,-0.112498,-0.791758,0.66134,0.524634
704,0.078514,-0.032067,0.318983,-0.363774,0.238423,-0.900483,-0.772659,-0.617143,0.148675,-0.519834,0.749552,0.409844,-0.01368,0.022931,-0.017165,-0.259413,-1.256392,0.154519,0.524122,-0.194154,-0.003295,0.274534,-0.771709,0.618236,0.149134,-0.333207,-0.592624,0.733284,0.542688,0.5154,0.663111,0.014364,0.01242,-0.007428,-0.192474,0.18198,0.126969,-1.35873,0.024786,0.05582,-0.023972,0.72405,-0.63779,0.262629,0.298971,0.633333,0.713795,-0.621584,-0.438306,0.649246,0.007429,0.000203,-0.000279,-0.330726,0.367597,0.01202,-0.949006,0.040737,0.03789,-0.047839,0.374952,-0.287547,-0.88132,0.737832,0.668134,0.095915,0.56126,-0.68623,0.46268,0.000728,0.010054,-0.009487,-0.135904,-0.694445,0.297999,0.52496
705,0.078476,-0.031277,0.318417,-0.347182,0.205513,-0.915027,-0.766496,-0.624333,0.150544,-0.539919,0.753373,0.375424,0.002247,0.022352,-0.016274,1.307367,-1.340168,-0.71505,0.524341,-0.193622,-0.003148,0.274316,-0.770114,0.619924,0.150364,-0.332913,-0.591496,0.734326,0.545131,0.514666,0.661675,0.014666,-0.00182,-0.00335,-0.000852,-0.013207,0.030947,-1.339331,0.025058,0.055898,-0.024084,0.721725,-0.639963,0.26374,0.298769,0.631729,0.7153,-0.624379,-0.437452,0.647136,0.007324,-0.001048,-0.001859,0.020151,-0.019917,0.026681,-0.933003,0.040714,0.038297,-0.048125,0.35563,-0.255899,-0.898912,0.731791,0.674519,0.097493,0.581385,-0.692487,0.427144,0.001199,0.011333,-0.007948,1.280839,-1.472883,-0.778953,0.52496
706,0.078627,-0.030891,0.318083,-0.337617,0.18846,-0.922249,-0.76463,-0.626295,0.151876,-0.548565,0.75622,0.3567,0.001954,0.021539,-0.017248,-0.163827,-0.982069,-0.03503,0.524315,-0.193439,-0.003109,0.27422,-0.770083,0.619989,0.150256,-0.333131,-0.59153,0.7342,0.545041,0.514549,0.66184,-0.000121,-0.001401,-0.001767,-4.2e-05,2.9e-05,2.5e-05,-1.333884,0.025149,0.055915,-0.024136,0.721752,-0.63998,0.263625,0.299071,0.631842,0.715074,-0.624203,-0.437264,0.647433,-6.3e-05,-0.000753,-0.000959,0.002734,-0.002,-0.001549,-0.934146,0.04079,0.038485,-0.048282,0.345512,-0.239587,-0.907314,0.729401,0.67688,0.099023,0.590419,-0.69601,0.408626,0.008535,0.009337,-0.009561,-0.242607,-1.237293,-0.138345,0.52496
707,0.079275,-0.030213,0.317276,-0.322449,0.146999,-0.935127,-0.75209,-0.639638,0.158728,-0.574417,0.754298,0.317974,0.016413,0.01699,-0.021139,5.048496,-1.663575,-1.876289,0.524315,-0.193303,-0.003099,0.274072,-0.76874,0.621398,0.15131,-0.332422,-0.59018,0.735607,0.547367,0.514399,0.660036,-0.000652,0.010386,-0.008946,0.031666,-0.010656,0.018912,-1.327019,0.025217,0.055919,-0.024211,0.720235,-0.641261,0.264659,0.298079,0.630552,0.716625,-0.626425,-0.437249,0.645293,-0.000326,0.005173,-0.004503,0.05232,-0.01633,0.014393,-0.940351,0.041109,0.038828,-0.04868,0.327,-0.201091,-0.92338,0.720211,0.68565,0.105733,0.611854,-0.699604,0.369035,0.016144,0.012173,-0.016154,-0.115377,-1.026749,0.038484,0.525123
708,0.080421,-0.029503,0.316332,-0.317874,0.102345,-0.942617,-0.739974,-0.648335,0.179088,-0.592415,0.754311,0.282997,0.032714,0.025856,-0.030524,-0.097584,-0.803213,-0.296169,0.524345,-0.193574,-0.003124,0.274044,-0.767453,0.622629,0.152774,-0.331247,-0.588974,0.737102,0.549881,0.514291,0.658027,-0.014927,-0.001158,-0.000405,-0.005388,0.017522,-0.027271,-1.325178,0.025082,0.055907,-0.024225,0.718772,-0.642312,0.266087,0.296731,0.62953,0.718082,-0.628742,-0.437181,0.643082,-0.007466,-0.000598,-0.000224,0.013346,0.012281,-0.0315,-0.949659,0.041687,0.039188,-0.049162,0.320535,-0.155266,-0.934424,0.703662,0.699424,0.125159,0.634126,-0.697636,0.333445,0.016376,0.012936,-0.015271,-0.088518,-0.777591,-0.275214,0.525123
709,0.081194,-0.029132,0.315783,-0.316611,0.076877,-0.945459,-0.727508,-0.659256,0.189963,-0.60831,0.747876,0.265836,0.04756,0.022576,-0.032965,-0.064357,-0.863809,-0.300536,0.524478,-0.193774,-0.003139,0.274057,-0.760034,0.631517,0.153384,-0.33775,-0.585321,0.737061,0.556196,0.50758,0.65793,-0.014835,-8.9e-05,0.000941,0.845586,4.088626,3.606848,-1.325882,0.024981,0.055898,-0.024221,0.712099,-0.649456,0.266685,0.302086,0.626322,0.718654,-0.633765,-0.431191,0.642195,-0.007393,-0.000135,0.000576,0.840272,4.078917,3.613214,-0.953905,0.042074,0.039374,-0.049435,0.317911,-0.130408,-0.939108,0.690625,0.710475,0.135134,0.649591,-0.691532,0.315931,0.023788,0.011266,-0.016534,-0.063933,-0.86366,-0.293907,0.525124
710,0.083147,-0.02826,0.314541,-0.313176,0.029765,-0.949253,-0.716519,-0.663413,0.215535,-0.622949,0.747619,0.230276,0.064154,0.032853,-0.040811,-0.178134,-0.983361,-0.814748,0.523907,-0.194061,-0.003135,0.274115,-0.758414,0.632522,0.15721,-0.33522,-0.585251,0.73827,0.559928,0.506408,0.655664,5.5e-05,0.00062,0.000783,-0.119188,0.08288,0.070543,-1.307261,0.024838,0.0559,-0.024191,0.709183,-0.651089,0.270448,0.300312,0.626034,0.719647,-0.637864,-0.429143,0.639503,3.5e-05,0.000416,0.000528,-0.167084,0.103279,0.092187,-0.958803,0.043025,0.039794,-0.050045,0.312295,-0.086356,-0.946051,0.679594,0.716157,0.158966,0.663794,-0.692576,0.282339,0.024182,0.012618,-0.014978,-0.153954,-0.258365,-0.998372,0.525123
711,0.08537,-0.027066,0.313135,-0.320802,-0.020224,-0.946954,-0.689528,-0.68043,0.248069,-0.648962,0.732555,0.205519,0.048809,0.035407,-0.039364,0.412748,-0.929458,-0.431853,0.524359,-0.194056,-0.003167,0.274175,-0.757681,0.63188,0.16321,-0.331729,-0.588103,0.73758,0.562994,0.503904,0.654967,0.000608,-0.010791,0.008436,-0.036315,0.013924,-0.016147,-1.252976,0.02484,0.055888,-0.024165,0.707729,-0.650212,0.276303,0.297183,0.628807,0.718529,-0.640937,-0.426411,0.638257,5.5e-05,0.000629,0.000793,0.003416,-0.022409,0.026262,-0.941658,0.044144,0.040395,-0.050743,0.317118,-0.034355,-0.947763,0.652066,0.733555,0.191589,0.688654,-0.678761,0.255025,0.031937,0.0163,-0.020663,1.455069,-1.249636,-1.077924,0.525287
712,0.086572,-0.026425,0.312266,-0.324761,-0.052254,-0.944376,-0.664369,-0.698052,0.267038,-0.672781,0.7142,0.193162,0.063802,0.041123,-0.0527,-0.001911,-0.356922,-1.110968,0.524384,-0.193966,-0.003179,0.274186,-0.756019,0.633145,0.165992,-0.329925,-0.587486,0.73888,0.566282,0.503035,0.652797,1.3e-05,0.000148,0.000187,-0.3718,0.258564,0.220002,-1.213188,0.024886,0.05588,-0.024154,0.706943,-0.649919,0.278992,0.295638,0.629889,0.718218,-0.642518,-0.425258,0.637437,4e-06,7e-05,8.9e-05,-0.437608,0.299486,0.262362,-0.920104,0.04474,0.040717,-0.051168,0.318312,-0.00187,-0.947983,0.625906,0.75146,0.208683,0.711982,-0.659775,0.240369,0.031375,0.014764,-0.022578,-0.044103,0.459637,-2.923108,0.52496
713,0.08919,-0.024948,0.310227,-0.329532,-0.115491,-0.937079,-0.615275,-0.726542,0.305854,-0.715747,0.67749,0.16953,0.078847,0.039593,-0.053381,5.11868,-2.47096,-1.619606,0.524123,-0.193686,-0.003151,0.274201,-0.756007,0.633342,0.165295,-0.33043,-0.587106,0.738956,0.566003,0.503231,0.652888,4.9e-05,0.000569,0.000719,-8e-05,5.5e-05,4.7e-05,-1.20722,0.025026,0.055893,-0.024147,0.705823,-0.651432,0.278297,0.295709,0.627943,0.71989,-0.643715,-0.42582,0.635851,0.007444,0.000357,-8e-05,0.005631,-0.016877,0.027992,-0.919614,0.046042,0.04145,-0.052194,0.321456,0.059347,-0.945062,0.579612,0.776894,0.245938,0.748809,-0.626828,0.215339,0.031908,0.020916,-0.026071,-0.158793,-0.965531,-1.039308,0.525124
714,0.090649,-0.024115,0.309231,-0.338052,-0.136855,-0.931148,-0.608104,-0.72335,0.327028,-0.717888,0.676955,0.16247,0.079371,0.041883,-0.050773,0.013526,-0.418632,-0.624883,0.523986,-0.193586,-0.003156,0.274187,-0.755966,0.633327,0.165542,-0.330289,-0.587213,0.738935,0.566142,0.503125,0.65285,-8e-05,-0.000919,-0.00116,-1e-06,1e-06,1e-06,-1.207372,0.02512,0.055892,-0.024163,0.705708,-0.651286,0.278928,0.295361,0.628284,0.719736,-0.644001,-0.425539,0.63575,-5e-06,-6.4e-05,-8.5e-05,-0.000145,-0.000535,-0.000464,-0.928758,0.04752,0.042294,-0.053176,0.336922,0.10827,-0.935286,0.560293,0.775274,0.291583,0.756673,-0.622275,0.200544,0.031948,0.017562,-0.019441,0.01381,-0.13799,-0.82103,0.525124
715,0.094683,-0.02176,0.306692,-0.362156,-0.19306,-0.91193,-0.583392,-0.716077,0.383222,-0.726553,0.671037,0.147841,0.063832,0.036188,-0.03771,-0.044182,-0.283393,-0.839912,0.524226,-0.193453,-0.003153,0.274165,-0.755789,0.633033,0.16746,-0.329086,-0.588141,0.738734,0.567078,0.502411,0.652586,2e-06,2.6e-05,3.2e-05,-0.0,0.0,0.0,-1.183547,0.025142,0.055892,-0.024165,0.705481,-0.650899,0.280404,0.294427,0.629052,0.719449,-0.644677,-0.424999,0.635426,0.0,1.4e-05,1.6e-05,-0.000163,-0.000342,-0.000312,-0.928595,0.048793,0.043044,-0.053969,0.348789,0.141748,-0.926419,0.544152,0.774183,0.323323,0.763049,-0.616885,0.192894,0.03203,0.018351,-0.018588,-0.027399,-0.270966,-0.830291,0.523654
716,0.095744,-0.021105,0.306056,-0.369797,-0.204138,-0.906434,-0.573638,-0.717277,0.395506,-0.730449,0.666474,0.149278,0.048179,0.028495,-0.026721,-0.010204,-0.025928,-0.717003,0.524135,-0.193455,-0.003155,0.274146,-0.755731,0.632902,0.168218,-0.328608,-0.588524,0.738641,0.567433,0.502129,0.652495,-5.9e-05,-0.000689,-0.000869,-0.0,0.0,0.0,-1.17037,0.025141,0.055892,-0.024173,0.705371,-0.650699,0.281142,0.293973,0.629449,0.719286,-0.645004,-0.424715,0.635284,-3.3e-05,-0.000388,-0.00049,-0.00012,-0.000293,-0.000242,-0.928431,0.049311,0.04336,-0.054278,0.355362,0.153562,-0.922027,0.534544,0.775811,0.33523,0.766798,-0.611993,0.193608,0.024055,0.014029,-0.013659,-0.107542,-0.353598,-0.717578,0.523817
717,0.097151,-0.020247,0.305332,-0.386003,-0.2093,-0.898465,-0.565698,-0.715622,0.409685,-0.728236,0.666658,0.158954,0.031868,0.010224,-0.006887,0.02923,0.264659,-0.431294,0.524306,-0.193514,-0.003175,0.274091,-0.755647,0.632666,0.169477,-0.32781,-0.589172,0.738479,0.568007,0.501666,0.652351,-0.000139,-0.001611,-0.002034,-0.001621,0.017239,-0.023036,-1.15596,0.025111,0.055883,-0.024198,0.705203,-0.650359,0.282347,0.293231,0.630111,0.71901,-0.645525,-0.424256,0.635061,-2.5e-05,-0.000308,-0.000389,-8.1e-05,-0.000208,-0.000156,-0.928595,0.050052,0.043813,-0.054665,0.371632,0.16138,-0.914245,0.5264,0.774541,0.350696,0.764716,-0.611589,0.202893,0.01599,0.005254,-0.003302,0.027889,0.274742,-0.433328,0.523164
718,0.097906,-0.020029,0.30542,-0.39243,-0.21914,-0.893321,-0.549254,-0.723213,0.418635,-0.737319,0.655215,0.164562,0.015541,-0.008538,0.012412,4.897768,-2.113496,-1.215268,0.524247,-0.193508,-0.003172,0.274028,-0.754305,0.634089,0.17014,-0.327205,-0.587613,0.739987,0.570137,0.501697,0.650467,-8.2e-05,-0.000947,-0.001197,-0.000178,0.000125,0.000106,-1.149974,0.025115,0.055883,-0.024233,0.703704,-0.651693,0.283012,0.292404,0.628677,0.720601,-0.647533,-0.424336,0.63296,-4e-05,-0.000491,-0.00062,0.004987,-0.001521,-0.001268,-0.929248,0.05043,0.043924,-0.054619,0.377958,0.171175,-0.90986,0.511,0.780936,0.35919,0.772027,-0.600697,0.20769,0.007734,-0.00433,0.006226,4.8927,-2.120462,-1.225675,0.522021
719,0.098078,-0.020027,0.305609,-0.393253,-0.221598,-0.892352,-0.535497,-0.73374,0.418139,-0.746931,0.642559,0.170995,0.000932,-0.005111,0.015331,5.034036,-1.843752,-0.885939,0.524373,-0.193499,-0.003167,0.273984,-0.754279,0.634037,0.170446,-0.327052,-0.587802,0.739905,0.570258,0.501542,0.65048,-9.6e-05,-0.001106,-0.001398,-3e-06,2e-06,2e-06,-1.150274,0.025119,0.055886,-0.024254,0.703671,-0.6516,0.28331,0.292284,0.628891,0.720462,-0.647624,-0.424161,0.632984,-5.8e-05,-0.000689,-0.00087,0.000634,-0.00054,-0.000448,-0.931207,0.050516,0.043924,-0.054525,0.378216,0.174796,-0.909064,0.496705,0.790361,0.358625,0.781176,-0.587174,0.212105,0.000399,-0.002663,0.007603,5.095879,-1.726382,-0.81709,0.522021
720,0.098211,-0.020081,0.306145,-0.390108,-0.216616,-0.894952,-0.529328,-0.742535,0.410398,-0.752953,0.634089,0.176125,0.001319,-0.003788,0.01688,0.010701,0.226887,-0.087679,0.524188,-0.193511,-0.003148,0.27381,-0.754215,0.633875,0.171328,-0.326655,-0.588396,0.739608,0.57057,0.501051,0.650585,-0.000212,-0.002457,-0.003108,-0.0,0.0,0.0,-1.150345,0.025113,0.055894,-0.024335,0.703553,-0.651356,0.284162,0.291924,0.629471,0.720101,-0.647914,-0.423675,0.633013,-9.5e-05,-0.001107,-0.001399,-9e-05,-0.000239,-0.000217,-0.941331,0.050582,0.043898,-0.054265,0.375411,0.168673,-0.911381,0.488651,0.799525,0.349253,0.787582,-0.576461,0.217728,-0.006779,-0.000641,0.009348,0.002036,0.244458,-0.12672,0.523654
721,0.09811,-0.020208,0.306974,-0.383379,-0.213201,-0.898672,-0.524413,-0.750704,0.401756,-0.759821,0.625562,0.177121,-0.012979,0.000638,0.020946,0.415548,-0.282996,0.062616,0.524254,-0.193535,-0.00311,0.273626,-0.751594,0.636848,0.171822,-0.326046,-0.584965,0.742593,0.574368,0.501295,0.647046,-0.000628,0.01064,-0.008628,-0.278955,0.207854,0.204986,-1.151386,0.025101,0.055908,-0.024433,0.701871,-0.65296,0.28464,0.291262,0.627757,0.721863,-0.650033,-0.42375,0.630787,-7.2e-05,-0.000852,-0.001075,-0.42388,0.303319,0.25854,-0.944271,0.050536,0.043833,-0.053859,0.369575,0.164141,-0.914587,0.484651,0.805734,0.340448,0.792796,-0.569077,0.218228,0.000385,-0.006798,0.013371,4.880672,-2.234959,-1.007736,0.523001
722,0.097846,-0.020296,0.307946,-0.376869,-0.218294,-0.900202,-0.508883,-0.76325,0.398069,-0.773513,0.608386,0.177683,-0.012476,-0.005932,0.034421,-0.057518,0.014804,-0.014576,0.524267,-0.193523,-0.003034,0.273489,-0.750302,0.638384,0.171767,-0.326031,-0.583193,0.743992,0.576064,0.501403,0.645452,-7.6e-05,-0.000872,-0.001105,-0.044796,0.031493,0.026838,-1.153296,0.025107,0.05595,-0.024504,0.699353,-0.655678,0.284589,0.290501,0.624518,0.724973,-0.653079,-0.424339,0.627234,-3.9e-05,-0.000489,-0.000621,-0.025037,0.030973,0.026498,-0.954068,0.050403,0.043786,-0.053378,0.362139,0.169581,-0.916568,0.46714,0.817897,0.335893,0.806619,-0.549805,0.216974,-0.005793,0.002714,0.01326,0.002243,-0.017277,-0.007544,0.524307
723,0.097737,-0.020171,0.308542,-0.376805,-0.217884,-0.900328,-0.504748,-0.766686,0.39673,-0.776247,0.604197,0.180038,-0.009881,0.011082,0.033077,-0.027188,0.006007,0.039532,0.524273,-0.193492,-0.003015,0.273445,-0.748972,0.639879,0.172007,-0.325675,-0.581427,0.745528,0.577993,0.501546,0.643614,-7.3e-05,-0.000843,-0.001069,-0.164723,0.11585,0.098743,-1.153339,0.025122,0.055961,-0.024526,0.698295,-0.656706,0.284815,0.290052,0.623356,0.726152,-0.65441,-0.424457,0.625766,0.007376,-0.000475,-0.001135,-0.258287,0.256408,8e-05,-0.957007,0.050342,0.04384,-0.053074,0.362252,0.168927,-0.916644,0.462809,0.821043,0.334208,0.809061,-0.545298,0.219244,-0.004831,0.005959,0.017031,-0.042586,-0.020127,0.023397,0.524634
724,0.097582,-0.019752,0.310049,-0.37198,-0.223872,-0.900865,-0.492825,-0.774788,0.395977,-0.786171,0.591541,0.179001,0.005681,0.002829,0.045439,-0.067854,-0.024515,0.066599,0.524273,-0.193469,-0.003004,0.273457,-0.746871,0.640722,0.177906,-0.322015,-0.582418,0.746344,0.582748,0.499317,0.641054,4.9e-05,0.000564,0.000714,0.000802,1.80661,-2.090767,-1.153644,0.025134,0.055964,-0.024522,0.695831,-0.658053,0.287723,0.287898,0.622586,0.727668,-0.657977,-0.423499,0.622667,0.007458,0.000482,8.1e-05,0.019001,-0.013614,0.031398,-0.959457,0.050264,0.044052,-0.052333,0.357005,0.174892,-0.917583,0.450456,0.828316,0.333137,0.818312,-0.532263,0.216932,-0.00423,0.007978,0.01925,-0.036014,-0.011421,0.027985,0.524797
725,0.097428,-0.019483,0.311766,-0.359404,-0.231526,-0.90403,-0.474161,-0.789068,0.390532,-0.803318,0.569299,0.174942,0.005643,0.002753,0.045046,4.927998,-2.16775,-0.924799,0.523881,-0.193395,-0.002951,0.273552,-0.745193,0.642007,0.180294,-0.320368,-0.581644,0.747656,0.585798,0.498569,0.638853,0.000234,0.002719,0.003442,0.000965,-0.016807,0.023406,-1.156274,0.02517,0.055989,-0.024477,0.693285,-0.658455,0.292904,0.284657,0.623591,0.728082,-0.662062,-0.421391,0.61976,8.8e-05,0.001033,0.001308,0.009894,-0.004316,-0.001378,-0.967458,0.050189,0.044194,-0.051466,0.345456,0.179542,-0.921099,0.435835,0.838556,0.326911,0.831087,-0.514381,0.211433,-0.00453,0.002835,0.023669,-0.06967,-0.005859,0.03483,0.52496
726,0.097475,-0.01926,0.313572,-0.350255,-0.237612,-0.906039,-0.459064,-0.799612,0.387107,-0.816032,0.551809,0.17212,0.006812,0.015014,0.037822,-0.020912,-0.046922,0.080515,0.524244,-0.193334,-0.002923,0.273633,-0.743836,0.643493,0.180598,-0.319834,-0.579821,0.749298,0.587812,0.498773,0.63684,0.000548,-0.011599,0.007412,-0.263418,0.17356,0.119922,-1.159547,0.025202,0.056014,-0.02443,0.692676,-0.658988,0.293146,0.284154,0.622909,0.728862,-0.662915,-0.421566,0.618728,9e-06,0.000135,0.000169,-0.49103,0.385049,0.067906,-0.975786,0.05021,0.044301,-0.050576,0.334579,0.187054,-0.923616,0.415328,0.850509,0.322701,0.845907,-0.491573,0.206874,0.002936,0.00189,0.022955,0.06705,-0.06516,0.016395,0.52496
727,0.097585,-0.019127,0.314345,-0.34783,-0.238946,-0.906622,-0.455596,-0.802068,0.386123,-0.819009,0.547653,0.171253,0.006217,0.013043,0.035448,-0.033449,-0.026853,0.058145,0.523979,-0.193355,-0.002959,0.273656,-0.74339,0.64307,0.183912,-0.317835,-0.581421,0.748909,0.58946,0.497459,0.636346,0.0,5e-06,6e-06,-0.003905,0.002748,0.002341,-1.166198,0.025191,0.055991,-0.024417,0.691132,-0.659153,0.2964,0.281957,0.623528,0.729186,-0.665459,-0.420392,0.616793,-6e-06,-5.1e-05,-6.5e-05,0.016103,-0.004148,-0.000413,-0.979051,0.050269,0.044374,-0.050166,0.332053,0.188182,-0.924298,0.411757,0.852687,0.321526,0.848643,-0.48735,0.205652,0.003103,0.006578,0.01779,-0.034744,-0.024812,0.058301,0.52496
728,0.097887,-0.0188,0.315618,-0.328898,-0.248191,-0.911193,-0.432049,-0.818418,0.378812,-0.839352,0.518576,0.163082,0.020121,0.016109,0.018989,-0.012355,-0.118514,0.036769,0.524335,-0.193516,-0.003035,0.273753,-0.738235,0.64388,0.201047,-0.307094,-0.586035,0.749793,0.601519,0.490963,0.630075,-0.014776,0.000601,0.00182,-0.05505,1.714691,-1.953532,-1.185466,0.025111,0.055951,-0.024371,0.684687,-0.658547,0.312278,0.271712,0.62821,0.729056,-0.676295,-0.414326,0.609062,-0.007394,0.000289,0.000905,-0.021561,1.699259,-1.948212,-0.986563,0.050416,0.044542,-0.049517,0.312449,0.196164,-0.929459,0.387404,0.867067,0.313227,0.867348,-0.457944,0.194919,0.002267,0.003756,0.01451,-0.018558,-0.104,0.003732,0.524797
729,0.098385,-0.018296,0.316247,-0.311619,-0.262703,-0.913196,-0.421181,-0.823283,0.380503,-0.851397,0.503516,0.147045,0.004372,0.023273,0.005282,-0.034879,-0.217594,-0.068453,0.524424,-0.193522,-0.003266,0.27381,-0.723044,0.654137,0.222045,-0.300514,-0.587125,0.751604,0.622921,0.475882,0.62078,0.00038,-0.013506,0.005002,-0.31366,0.236651,0.421996,-1.182995,0.025108,0.055838,-0.024339,0.667746,-0.665524,0.333455,0.264907,0.631089,0.729075,-0.695657,-0.398502,0.597709,0.000178,-0.006842,0.002391,-0.447634,0.265409,0.474182,-0.991298,0.050672,0.044794,-0.049194,0.294207,0.209906,-0.932405,0.37641,0.871287,0.314918,0.878497,-0.443617,0.177328,0.009551,0.010533,0.001893,-0.02683,-0.23261,-0.007989,0.525123
730,0.098698,-0.017929,0.316269,-0.30376,-0.271271,-0.913339,-0.422556,-0.820826,0.38427,-0.853562,0.502995,0.135847,0.017865,0.016794,-0.000966,-0.06891,-0.327151,-0.095099,0.524287,-0.193476,-0.003411,0.273822,-0.721896,0.653342,0.228039,-0.297013,-0.590031,0.75072,0.625927,0.473379,0.61967,0.000379,-0.013527,0.004975,-0.029341,-0.088012,0.127954,-1.181527,0.02513,0.05577,-0.024336,0.665324,-0.665018,0.339255,0.261454,0.633207,0.728484,-0.699274,-0.395978,0.59516,0.00732,-0.001145,-0.001985,0.030714,0.043649,-0.039491,-0.977582,0.050822,0.044971,-0.049176,0.286169,0.21775,-0.933108,0.377949,0.869224,0.318752,0.880489,-0.443884,0.166447,0.008839,0.008092,-0.00083,-0.106608,-0.534782,0.012873,0.525123
731,0.098829,-0.017471,0.315966,-0.284514,-0.294518,-0.912336,-0.410246,-0.822712,0.393465,-0.866124,0.486591,0.114387,-0.00033,0.007025,-0.012736,4.957672,-2.496696,-0.830149,0.524522,-0.193311,-0.003499,0.273782,-0.720621,0.655253,0.226584,-0.297572,-0.587333,0.752612,0.62713,0.474088,0.617909,0.014759,-0.00096,-0.002281,0.001751,-0.015003,0.029418,-1.181748,0.025207,0.055719,-0.024356,0.664191,-0.666956,0.337667,0.26188,0.630654,0.730543,-0.700191,-0.396792,0.593537,-5.1e-05,-0.000601,-0.000763,0.018125,-0.122797,0.156864,-0.969091,0.050898,0.045222,-0.049318,0.267258,0.238479,-0.933648,0.370593,0.868938,0.328033,0.889512,-0.433673,0.143852,-0.007585,0.00441,-0.005855,-0.095565,-0.352881,-0.221947,0.52496
732,0.098424,-0.01761,0.315422,-0.259101,-0.319008,-0.911672,-0.389828,-0.829059,0.400833,-0.883383,0.459644,0.09159,-0.01759,0.000561,-0.020912,-0.187163,-0.569168,-0.416662,0.524372,-0.19327,-0.003413,0.273738,-0.720448,0.65503,0.227777,-0.296973,-0.588053,0.752287,0.627613,0.473505,0.617866,7.5e-05,0.00088,0.001115,-0.011206,0.118977,-0.158968,-1.179412,0.025233,0.055759,-0.024382,0.664023,-0.666624,0.338651,0.261453,0.631335,0.730108,-0.70051,-0.396268,0.593512,5.3e-05,0.000618,0.000784,-0.000319,-0.001005,-0.000798,-0.972847,0.050701,0.045151,-0.049591,0.239826,0.26152,-0.934927,0.344504,0.877432,0.333809,0.907634,-0.402143,0.120336,-0.009284,-0.005546,-0.006646,-0.226441,-0.695656,-0.257813,0.52496
733,0.098169,-0.017764,0.315009,-0.252735,-0.324479,-0.911528,-0.38573,-0.830206,0.402422,-0.887025,0.453709,0.085798,-0.003844,-0.005052,-0.026244,-0.026995,-0.153585,-0.131828,0.524316,-0.19327,-0.003404,0.273733,-0.720265,0.654781,0.229065,-0.296178,-0.588725,0.752074,0.628198,0.473015,0.617647,1e-06,1.1e-05,1.4e-05,-0.0,0.0,0.0,-1.176606,0.025233,0.055766,-0.024381,0.663761,-0.666252,0.339896,0.2607,0.632029,0.729776,-0.701039,-0.395786,0.593208,2e-06,1.5e-05,1.8e-05,-0.000365,-0.000788,-0.00064,-0.9735,0.050575,0.04508,-0.049791,0.232037,0.268325,-0.934964,0.340667,0.877904,0.336495,0.9111,-0.396591,0.112297,-0.009418,-0.001868,-0.012867,-0.032735,-0.247166,-0.028649,0.52496
734,0.097543,-0.018088,0.314012,-0.236693,-0.326984,-0.914933,-0.384743,-0.833157,0.397233,-0.891884,0.44644,0.072539,-0.020054,-0.00758,-0.030247,0.008669,-0.135804,0.045931,0.524212,-0.19327,-0.003433,0.27373,-0.719983,0.654404,0.231021,-0.294915,-0.5897,0.751807,0.629115,0.472323,0.617242,-3e-05,-0.000353,-0.000448,-0.0,0.0,0.0,-1.170123,0.025233,0.055753,-0.024382,0.663324,-0.665648,0.341925,0.259408,0.63312,0.729291,-0.701931,-0.395059,0.592638,-1.9e-05,-0.000225,-0.000285,-0.00027,-0.000525,-0.000428,-0.97399,0.050252,0.044907,-0.05031,0.215827,0.269501,-0.938502,0.339507,0.880471,0.330914,0.915506,-0.390049,0.098532,-0.010107,-0.004115,-0.015477,0.025742,-0.086393,0.062216,0.52496
735,0.096647,-0.018716,0.312914,-0.208015,-0.329954,-0.920818,-0.383086,-0.838711,0.387015,-0.899745,0.433664,0.049212,-0.036507,-0.018656,-0.023325,-0.139036,-0.52623,-0.002366,0.524175,-0.193273,-0.003442,0.273684,-0.719785,0.654135,0.232397,-0.294081,-0.590429,0.751561,0.629733,0.471785,0.617023,-8.8e-05,-0.00102,-0.001292,-0.0,0.0,0.0,-1.150113,0.025232,0.055749,-0.024403,0.663039,-0.665248,0.343254,0.258621,0.63387,0.728919,-0.702491,-0.394529,0.592328,-5.6e-05,-0.000656,-0.000831,-0.000182,-0.00035,-0.000296,-0.97105,0.049802,0.044587,-0.050865,0.187468,0.269829,-0.944482,0.337431,0.885325,0.319905,0.922494,-0.37867,0.074922,-0.018286,-0.009501,-0.011841,-0.158646,-0.570234,-0.045037,0.52496
736,0.095492,-0.019416,0.31191,-0.194811,-0.335113,-0.921842,-0.386135,-0.837741,0.386084,-0.901412,0.431582,0.034953,-0.036409,-0.017689,-0.02254,-0.128844,-0.507477,-0.017127,0.524282,-0.193254,-0.00348,0.273635,-0.719617,0.653924,0.23351,-0.293384,-0.590995,0.751388,0.63025,0.471371,0.616812,-1.8e-05,-0.00021,-0.000266,-0.0,0.0,0.0,-1.14736,0.025241,0.055727,-0.024431,0.662831,-0.664972,0.344189,0.258045,0.634379,0.72868,-0.702899,-0.394175,0.592079,-9e-06,-0.00011,-0.000139,-0.000108,-0.000248,-0.000187,-0.969581,0.04925,0.044246,-0.051356,0.175352,0.273248,-0.945825,0.340174,0.884723,0.318663,0.923867,-0.377624,0.062186,-0.018186,-0.00885,-0.011252,-0.159005,-0.594149,-0.069264,0.525123
737,0.094812,-0.019781,0.311465,-0.189179,-0.334071,-0.923392,-0.381884,-0.841302,0.382553,-0.904423,0.425411,0.032732,-0.036526,-0.017738,-0.022758,-0.002343,-0.03413,0.033883,0.524311,-0.19322,-0.003489,0.273638,-0.719531,0.65383,0.234033,-0.293044,-0.591246,0.751324,0.630506,0.471186,0.616691,-0.0,-4e-06,-5e-06,-0.01121,0.118977,-0.158968,-1.146366,0.025258,0.055723,-0.02443,0.662709,-0.664831,0.344695,0.257721,0.63464,0.728568,-0.703132,-0.393994,0.591923,0.007425,5e-05,-0.000471,0.001948,-0.0154,0.029085,-0.969744,0.048897,0.044056,-0.051587,0.168212,0.273253,-0.94712,0.33616,0.887315,0.315701,0.926661,-0.371489,0.0574,-0.018686,-0.014411,-0.007238,-0.023805,-0.087226,0.206877,0.525123
738,0.093457,-0.020454,0.310569,-0.174632,-0.33035,-0.927587,-0.380307,-0.846315,0.372947,-0.908023,0.418303,0.023317,-0.036214,-0.016065,-0.021127,-0.027691,-0.110406,-0.01169,0.524094,-0.193039,-0.003465,0.273672,-0.719389,0.653747,0.234704,-0.292636,-0.59155,0.751243,0.630858,0.47092,0.616535,0.014947,0.001248,0.000511,0.002045,-0.015205,0.029245,-1.095325,0.025343,0.055734,-0.024414,0.662486,-0.664634,0.345504,0.257232,0.635047,0.728385,-0.703521,-0.39367,0.591675,6.8e-05,0.000795,0.001004,-8.4e-05,-0.000125,-0.000117,-0.961743,0.048232,0.043722,-0.052032,0.154191,0.268322,-0.950908,0.334237,0.891513,0.305759,0.92979,-0.364975,0.04778,-0.0182,-0.008397,-0.010964,-0.038867,-0.140668,-0.034537,0.52496
739,0.092429,-0.020988,0.309925,-0.167065,-0.33123,-0.928666,-0.37651,-0.849075,0.370519,-0.911033,0.411961,0.018298,-0.033987,-0.008455,-0.012408,-0.000204,-0.059801,0.085682,0.524194,-0.192893,-0.003433,0.273684,-0.719243,0.653637,0.235456,-0.292204,-0.591927,0.751114,0.631225,0.4706,0.616404,1e-06,1.3e-05,1.6e-05,-0.011233,0.118977,-0.158966,-1.072966,0.025422,0.055753,-0.024404,0.662289,-0.664464,0.346207,0.256844,0.635419,0.728198,-0.703849,-0.393357,0.591494,-2e-06,-2.4e-05,-3.3e-05,-0.011255,0.118879,-0.159019,-0.944107,0.047701,0.043438,-0.052375,0.146436,0.268697,-0.952028,0.330319,0.89388,0.303094,0.93244,-0.358856,0.04214,-0.009622,-0.005758,-0.007367,0.004828,-0.04432,0.099338,0.525124
740,0.092042,-0.021185,0.309699,-0.160623,-0.336025,-0.92808,-0.372682,-0.850025,0.372207,-0.913769,0.406078,0.012461,-0.018539,-0.009084,-0.011961,-0.153003,-0.575099,-0.214572,0.524018,-0.192828,-0.003449,0.273659,-0.719153,0.653556,0.235956,-0.291901,-0.592174,0.751038,0.631468,0.470403,0.616305,-6.1e-05,-0.000726,-0.00092,-0.011238,0.118977,-0.158966,-1.073174,0.025455,0.055745,-0.024415,0.662194,-0.66438,0.346551,0.256644,0.635596,0.728114,-0.704011,-0.393213,0.591398,-4.1e-05,-0.000491,-0.000627,-4.6e-05,-6.7e-05,-6.1e-05,-0.946883,0.047495,0.043338,-0.05249,0.141092,0.271424,-0.952061,0.326041,0.895293,0.303558,0.934767,-0.353241,0.037823,-0.00916,-0.004225,-0.005589,-0.142837,-0.542792,-0.195996,0.525124
741,0.091643,-0.02145,0.309282,-0.146711,-0.338858,-0.929353,-0.371145,-0.85201,0.369191,-0.916745,0.399506,0.000394,-0.002414,-0.007658,-0.009068,-0.167881,-0.506594,-0.336348,0.524269,-0.192727,-0.003467,0.273662,-0.719068,0.653505,0.236354,-0.291635,-0.592337,0.751012,0.631687,0.470268,0.616184,1.3e-05,0.000154,0.000195,-0.0,0.0,0.0,-1.073678,0.025505,0.055734,-0.024417,0.662048,-0.664252,0.347074,0.256304,0.635845,0.728017,-0.704272,-0.393025,0.591211,1.1e-05,0.000123,0.000154,-5.7e-05,-3.3e-05,-6.3e-05,-0.953088,0.047297,0.04321,-0.052694,0.127124,0.273249,-0.953506,0.324365,0.896998,0.3003,0.93735,-0.347459,0.025397,-0.001133,-0.00361,-0.004265,0.008392,-0.067786,0.154038,0.525124
742,0.091807,-0.021385,0.308894,-0.13806,-0.343339,-0.929033,-0.372424,-0.851166,0.36985,-0.91758,0.397478,-0.009197,0.015339,0.006979,-0.011826,0.026352,-0.172899,0.193213,0.524139,-0.19275,-0.003464,0.273652,-0.718958,0.653345,0.237129,-0.291159,-0.59275,0.750871,0.632032,0.469971,0.616057,-2.1e-05,-0.000252,-0.00032,-0.011244,0.118972,-0.158968,-1.074172,0.025494,0.055737,-0.024421,0.661914,-0.664067,0.347683,0.255948,0.63619,0.727841,-0.704528,-0.392779,0.59107,-1.6e-05,-0.000194,-0.000246,-3.5e-05,-4.5e-05,-3.7e-05,-0.955048,0.047371,0.043231,-0.052885,0.116566,0.279644,-0.953001,0.326304,0.895494,0.302681,0.938049,-0.34625,0.013135,0.007667,0.003459,-0.005948,0.039397,-0.021053,0.052273,0.525123
743,0.092141,-0.020943,0.308513,-0.134516,-0.344651,-0.929067,-0.371755,-0.851541,0.369659,-0.918382,0.395534,-0.012421,0.002163,0.023234,-0.015186,0.068923,-0.036966,0.031012,0.524096,-0.192867,-0.003477,0.273576,-0.718847,0.653126,0.238068,-0.290613,-0.593297,0.75065,0.63241,0.469586,0.615962,-0.000142,-0.001679,-0.002129,0.0,0.0,0.0,-1.074116,0.025435,0.055732,-0.024456,0.661703,-0.663728,0.348729,0.255364,0.636819,0.727496,-0.704937,-0.392334,0.590878,-8.3e-05,-0.001001,-0.001268,-0.001667,0.017205,-0.023049,-0.95864,0.047545,0.043453,-0.053073,0.113198,0.280209,-0.95324,0.325524,0.895995,0.302037,0.938732,-0.344493,0.01021,0.00816,0.005054,-0.004064,0.039571,-0.035393,0.077348,0.525287
744,0.092309,-0.020725,0.308335,-0.132425,-0.346761,-0.928582,-0.371628,-0.851113,0.370772,-0.91874,0.394613,-0.015,0.001122,0.011753,-0.007431,0.027837,0.071495,-0.162466,0.524088,-0.19289,-0.003508,0.273556,-0.718787,0.653034,0.238504,-0.290318,-0.59351,0.750596,0.632614,0.469445,0.61586,-6.4e-05,-0.000761,-0.000966,0.0,0.0,0.0,-1.073402,0.025423,0.055714,-0.02447,0.661611,-0.663599,0.34915,0.255086,0.63704,0.7274,-0.705124,-0.392193,0.590748,-3.8e-05,-0.000446,-0.000565,-1.5e-05,-2.5e-05,-2.3e-05,-0.958477,0.04763,0.04357,-0.053161,0.110748,0.28228,-0.952917,0.325456,0.895647,0.30314,0.939048,-0.343705,0.007321,0.008068,0.004771,-0.004399,0.039785,-0.019293,0.053447,0.525123
745,0.092525,-0.020533,0.30821,-0.130632,-0.349025,-0.927988,-0.371586,-0.850532,0.372144,-0.919015,0.393871,-0.017429,0.000222,0.000709,0.000841,-0.057854,-0.184691,-0.111358,0.524154,-0.192857,-0.003508,0.273553,-0.718746,0.652999,0.238722,-0.290187,-0.593617,0.750562,0.632721,0.469358,0.615816,3.5e-05,0.000409,0.000519,0.0,0.0,0.0,-1.07306,0.02544,0.055713,-0.024473,0.661555,-0.663545,0.349361,0.254962,0.63715,0.727347,-0.705223,-0.392106,0.590688,0.00745,0.000328,-0.000123,0.002035,-0.015242,0.029257,-0.959293,0.047739,0.043672,-0.053224,0.109468,0.283929,-0.952575,0.325262,0.895342,0.304248,0.939266,-0.343142,0.00566,0.000146,0.000457,0.000539,-0.0889,-0.281244,-0.169745,0.525123
746,0.092556,-0.020479,0.308196,-0.129114,-0.351391,-0.927308,-0.371954,-0.849685,0.373708,-0.919082,0.3936,-0.019838,0.000186,0.000596,0.000706,-0.002257,-0.007197,-0.004341,0.523825,-0.192721,-0.003489,0.273584,-0.718681,0.652994,0.238929,-0.290063,-0.593691,0.750551,0.632851,0.469271,0.615749,0.014922,0.000948,0.000123,0.002045,-0.015205,0.029245,-1.07421,0.025503,0.055723,-0.024457,0.661471,-0.663511,0.349583,0.254828,0.637242,0.727313,-0.705349,-0.392013,0.590599,4.8e-05,0.000579,0.000733,8e-06,-1.5e-05,-4e-06,-0.959783,0.047755,0.0437,-0.053231,0.10732,0.286853,-0.951944,0.325839,0.894445,0.306261,0.939314,-0.343048,0.002525,-0.007325,0.001651,0.001328,0.004666,0.032427,-0.018849,0.525123
747,0.092519,-0.020484,0.308187,-0.129322,-0.351534,-0.927224,-0.371929,-0.849601,0.373922,-0.919063,0.39365,-0.019717,-0.000314,-0.001006,-0.001192,-3.9e-05,-0.000124,-7.5e-05,0.523898,-0.192618,-0.00347,0.273617,-0.718658,0.653024,0.238917,-0.290072,-0.593658,0.750574,0.632873,0.469271,0.615726,6.6e-05,0.000786,0.000997,-0.011253,0.118977,-0.158965,-1.072839,0.02556,0.055733,-0.024439,0.661483,-0.663591,0.349409,0.254933,0.637121,0.727382,-0.7053,-0.392075,0.590616,4e-05,0.000477,0.000602,7e-06,-9e-06,-1.1e-05,-0.960926,0.047738,0.043701,-0.053231,0.107672,0.286833,-0.95191,0.325772,0.894435,0.306363,0.939297,-0.343092,0.002864,-0.007634,0.000664,0.000159,3.8e-05,0.034351,-0.051387,0.525287
748,0.092413,-0.020484,0.308179,-0.129658,-0.351777,-0.927086,-0.371888,-0.849463,0.374277,-0.919032,0.393733,-0.019525,-0.014934,0.002402,0.001592,-0.000984,0.014714,-0.029553,0.524081,-0.192471,-0.003538,0.273637,-0.718514,0.65293,0.239608,-0.289548,-0.593902,0.750584,0.633277,0.469095,0.615445,-5.6e-05,-0.000669,-0.000848,0.0,0.0,0.0,-1.050949,0.025633,0.055702,-0.024426,0.661253,-0.663395,0.350215,0.254338,0.637463,0.727291,-0.70573,-0.39185,0.590251,0.007379,-0.000516,-0.001198,0.00205,-0.01522,0.029253,-0.956844,0.047689,0.043697,-0.05324,0.108011,0.287048,-0.951806,0.325734,0.894339,0.306681,0.939271,-0.343161,0.003097,-2.3e-05,-7.8e-05,-9.4e-05,-5.5e-05,0.000117,4.5e-05,0.525287
749,0.092395,-0.020487,0.308031,-0.123593,-0.35422,-0.926983,-0.356494,-0.855923,0.37454,-0.925948,0.377191,-0.019335,0.000138,0.008614,-0.011154,5.157617,-2.087892,0.122657,0.523336,-0.192374,-0.003509,0.273583,-0.718417,0.652853,0.240104,-0.289334,-0.594205,0.750427,0.633484,0.468818,0.615443,-4.3e-05,-0.000515,-0.000653,0.0,0.0,0.0,-1.043209,0.025682,0.055714,-0.024455,0.661119,-0.663276,0.350693,0.254153,0.637762,0.727093,-0.705922,-0.391565,0.590211,-2.2e-05,-0.000279,-0.000356,-1.9e-05,7e-06,-6e-06,-0.95717,0.047675,0.043695,-0.053306,0.103977,0.288571,-0.951795,0.315178,0.8981,0.306723,0.943319,-0.331877,0.00243,-0.000489,-0.001572,-0.001864,-0.002591,0.104129,-0.169892,0.525124
