frame,MLTx,MLTy,MLTz,MLTR1,MLTR2,MLTR3,MLTR4,MLTR5,MLTR6,MLTR7,MLTR8,MLTR9,MLTTVx,MLTTVy,MLTTVz,MLTRVx,MLTRVy,MLTRVz,MLGA,MRTx,MRTy,MRTz,MRTR1,MRTR2,MRTR3,MRTR4,MRTR5,MRTR6,MRTR7,MRTR8,MRTR9,MRTTVx,MRTTVy,MRTTVz,MRTRVx,MRTRVy,MRTRVz,MRGA,SLTx,SLTy,SLTz,SLTR1,SLTR2,SLTR3,SLTR4,SLTR5,SLTR6,SLTR7,SLTR8,SLTR9,SLTTVx,SLTTVy,SLTTVz,SLTRVx,SLTRVy,SLTRVz,SLGA,SRTx,SRTy,SRTz,SRTR1,SRTR2,SRTR3,SRTR4,SRTR5,SRTR6,SRTR7,SRTR8,SRTR9,SRTTVx,SRTTVy,SRTTVz,SRTRVx,SRTRVy,SRTRVz,SRGA
462,0.150497,-0.048893,0.33516,-0.59426,0.610727,-0.523367,-0.758902,-0.641248,0.113314,-0.265671,0.463759,0.845206,-8.4e-05,-0.00068,-0.000738,0.0,0.0,0.0,-0.003839,-0.173834,-0.017804,0.328746,-0.463458,-0.885641,0.028957,0.704143,-0.348381,0.618666,-0.537237,0.308233,0.785005,-0.0,-0.0,-0.0,0.003632,-0.002296,-0.001573,-1.405146,0.041089,0.035202,-0.016644,0.475743,0.878297,-0.04755,-0.781005,0.446673,0.436478,0.404596,-0.170515,0.898457,-3e-06,-3.5e-05,-3.4e-05,-0.015528,0.004695,-0.004292,-0.904591,0.077034,0.013077,-0.057365,0.686027,-0.526587,-0.502066,0.659792,0.741104,0.124247,0.306657,-0.416497,0.855856,-5.4e-05,-0.000423,-0.000456,-2e-05,1.1e-05,4.9e-05,-0.239403
463,0.150494,-0.048917,0.335134,-0.59421,0.610751,-0.523396,-0.758935,-0.641214,0.113282,-0.265689,0.463774,0.845192,-7.1e-05,-0.000572,-0.000621,0.0,0.0,0.0,-0.000831,-0.173665,-0.017888,0.328807,-0.461919,-0.886459,0.028514,0.705754,-0.348038,0.61702,-0.536449,0.306256,0.786316,-0.0,-0.0,-0.0,0.041069,-0.025965,-0.017783,-1.405018,0.041173,0.035159,-0.016615,0.474423,0.878965,-0.048382,-0.782323,0.446183,0.434615,0.403599,-0.168341,0.899315,0.007627,-0.005211,0.003848,-0.009871,-0.027526,-0.015135,-0.905081,0.077032,0.013065,-0.057378,0.685981,-0.526618,-0.502097,0.659832,0.741074,0.124217,0.306676,-0.41651,0.855842,-4.3e-05,-0.000348,-0.000378,-1.4e-05,3e-06,3.5e-05,-0.23679
464,0.150479,-0.04894,0.335109,-0.59406,0.610821,-0.523484,-0.759034,-0.641114,0.113189,-0.265742,0.46382,0.84515,-4.2e-05,-0.000342,-0.000371,0.0,0.0,0.0,0.000225,-0.173439,-0.018037,0.328873,-0.461617,-0.886494,0.03209,0.706977,-0.34594,0.616801,-0.5351,0.308532,0.786346,-1.3e-05,-0.000808,-0.000779,9e-06,-6e-06,-4e-06,-1.404626,0.041286,0.035085,-0.016581,0.473489,0.879657,-0.044835,-0.783526,0.443905,0.43478,0.40236,-0.170734,0.899419,0.007205,-0.000273,-0.000885,0.000253,-0.016184,0.031024,-0.904754,0.077025,0.013053,-0.057392,0.685844,-0.52671,-0.502188,0.659946,0.740987,0.124127,0.306736,-0.416549,0.855802,-2.4e-05,-0.000189,-0.000204,-1.2e-05,8e-06,2.3e-05,-0.235484
465,0.150479,-0.048946,0.335102,-0.593958,0.610868,-0.523544,-0.759101,-0.641046,0.113126,-0.265778,0.463852,0.845122,1.2e-05,9.8e-05,0.000106,0.0,0.0,0.0,0.004049,-0.173193,-0.018153,0.328924,-0.461676,-0.886467,0.031982,0.706743,-0.345942,0.617068,-0.535357,0.308607,0.786141,-2e-06,-0.000104,-0.0001,0.0,-0.0,-0.0,-1.404875,0.041409,0.035025,-0.016557,0.473598,0.879593,-0.044942,-0.783308,0.443986,0.43509,0.402656,-0.170854,0.899263,-1e-06,-2.9e-05,-3.2e-05,-5.1e-05,0.000346,0.000776,-0.905244,0.077024,0.01305,-0.057395,0.685751,-0.526772,-0.502249,0.660024,0.740928,0.124066,0.306776,-0.416576,0.855775,1e-05,8.3e-05,9.1e-05,-1.9e-05,-1.1e-05,1.3e-05,-0.232382
466,0.150481,-0.048928,0.335122,-0.593907,0.610893,-0.523574,-0.759135,-0.641011,0.113094,-0.265796,0.463868,0.845107,0.000108,0.00087,0.000945,0.0,0.0,0.0,0.007459,-0.173002,-0.01823,0.328991,-0.461625,-0.886488,0.032153,0.70665,-0.345717,0.617299,-0.535523,0.308801,0.785951,0.01444,0.00081,-0.000458,-0.010319,0.082852,-0.143331,-1.404906,0.041499,0.03499,-0.016527,0.473602,0.879593,-0.044903,-0.783208,0.443928,0.435331,0.402847,-0.171005,0.899149,0.00722,0.000504,-0.000139,0.002008,-0.014889,0.029867,-0.905734,0.077025,0.013057,-0.057387,0.685704,-0.526804,-0.502281,0.660064,0.740898,0.124035,0.306797,-0.416589,0.855761,8.4e-05,0.000685,0.000744,-5e-06,7e-06,1.5e-05,-0.229116
467,0.150482,-0.048922,0.335128,-0.59377,0.610956,-0.523655,-0.759225,-0.64092,0.113009,-0.265845,0.46391,0.845069,0.0,1e-06,1e-06,0.0,0.0,0.0,0.012959,-0.172647,-0.01845,0.329176,-0.459762,-0.887336,0.035291,0.70944,-0.343238,0.61548,-0.533438,0.309132,0.787239,0.015281,-0.010352,0.007758,-0.034265,-0.0051,0.010776,-1.404893,0.041676,0.034881,-0.016433,0.47128,0.880969,-0.042283,-0.78578,0.441164,0.433501,0.400555,-0.171075,0.900159,0.007638,-0.005186,0.003865,-0.039195,-0.003721,0.010981,-0.906714,0.077026,0.013063,-0.057381,0.685579,-0.526887,-0.502364,0.660168,0.740819,0.123954,0.306852,-0.416625,0.855724,-1e-06,-1.1e-05,-1.3e-05,-7e-06,0.0,1e-05,-0.221604
468,0.150482,-0.048914,0.335121,-0.597364,0.607435,-0.523664,-0.755418,-0.645408,0.112979,-0.268613,0.462316,0.845067,9e-05,0.000727,0.000789,0.000633,-0.000137,-0.001021,0.016416,-0.172362,-0.018647,0.329291,-0.458312,-0.888003,0.037317,0.711882,-0.341762,0.613478,-0.531432,0.308851,0.788704,-3e-06,-0.000222,-0.000215,0.021416,-0.013601,-0.009264,-1.405003,0.041824,0.034779,-0.016373,0.469522,0.881985,-0.040612,-0.788022,0.439359,0.431258,0.398206,-0.170482,0.901313,-4e-06,-0.000109,-0.000109,-0.005793,-0.005071,-0.01392,-0.90753,0.077026,0.013064,-0.057387,0.688663,-0.522888,-0.502325,0.655763,0.744749,0.123783,0.309382,-0.414651,0.855772,6.2e-05,0.000492,0.000532,0.001714,-0.000679,-0.003389,-0.215236
469,0.150483,-0.048902,0.335134,-0.59733,0.607451,-0.523685,-0.75544,-0.645385,0.112958,-0.268625,0.462326,0.845057,6.7e-05,0.000545,0.000592,0.0,-0.0,-0.0,0.015946,-0.172168,-0.018764,0.329389,-0.456856,-0.888666,0.039335,0.714415,-0.340345,0.611318,-0.529287,0.308508,0.790279,0.000852,-0.010533,0.008831,0.363177,-0.24353,-0.191089,-1.405312,0.041921,0.034723,-0.016328,0.468936,0.882407,-0.03813,-0.789003,0.43792,0.430927,0.396952,-0.171993,0.901579,0.007223,0.00051,-0.000143,0.465288,-0.312592,-0.173268,-0.911776,0.077027,0.013071,-0.057379,0.68863,-0.522909,-0.502347,0.655792,0.744727,0.123765,0.309394,-0.414663,0.855761,4.4e-05,0.000349,0.000379,-0.000131,-7e-06,0.000141,-0.21442
470,0.150497,-0.048885,0.335153,-0.600727,0.603995,-0.523797,-0.751733,-0.649721,0.112839,-0.271427,0.460786,0.845003,1e-05,8e-05,8.7e-05,0.006076,-0.086876,0.178812,0.015759,-0.171877,-0.019042,0.329567,-0.455312,-0.889478,0.038887,0.7157,-0.339813,0.610111,-0.528885,0.306745,0.791234,0.015292,-0.011197,0.006937,0.305066,-0.220767,-0.135723,-1.404721,0.042062,0.034587,-0.016236,0.46729,0.883238,-0.039096,-0.790335,0.43714,0.429275,0.396242,-0.169697,0.902326,-1e-05,-0.000572,-0.00056,0.577866,-0.227174,-0.316984,-0.915531,0.077034,0.013081,-0.057368,0.691633,-0.518933,-0.502344,0.651422,0.748582,0.123583,0.311915,-0.412712,0.855789,3e-06,2.6e-05,2.7e-05,-0.000269,-5.7e-05,0.000217,-0.213766
471,0.150496,-0.048891,0.335146,-0.600744,0.603986,-0.523787,-0.751721,-0.649733,0.11285,-0.271421,0.460781,0.845008,-0.0,-4e-06,-4e-06,0.0,0.0,-0.0,0.017045,-0.171729,-0.019324,0.329697,-0.469289,-0.882057,0.041646,0.712226,-0.350346,0.608216,-0.521292,0.316203,0.792549,0.000851,-0.011121,0.008267,0.072372,-0.059163,-0.065425,-1.404768,0.042141,0.034447,-0.016178,0.479899,0.87668,-0.033585,-0.787092,0.447136,0.424917,0.387534,-0.177483,0.904608,-3e-06,-0.000147,-0.000138,0.171455,-0.10781,-0.06289,-0.916184,0.077033,0.013078,-0.057372,0.691536,-0.519002,-0.502407,0.651507,0.748518,0.123523,0.311952,-0.412742,0.855761,-0.0,-6e-06,-6e-06,-0.000111,2.1e-05,0.000182,-0.21295
472,0.150508,-0.048884,0.335139,-0.600711,0.604001,-0.523808,-0.751736,-0.649723,0.112808,-0.271453,0.460775,0.845001,-0.0,-0.0,-0.0,0.0,0.0,0.0,0.018188,-0.171709,-0.019444,0.32978,-0.472953,-0.87999,0.043877,0.712809,-0.353016,0.605985,-0.517168,0.318988,0.794133,-0.0,-3.5e-05,-3.3e-05,0.092844,-0.148552,0.138225,-1.405176,0.042151,0.034379,-0.01613,0.48291,0.875134,-0.030603,-0.787486,0.449298,0.421897,0.382966,-0.179639,0.906127,-1e-06,2.2e-05,2.7e-05,0.064902,-0.145877,0.134769,-0.915694,0.077039,0.013081,-0.057376,0.691504,-0.519024,-0.502428,0.651526,0.748508,0.123481,0.311983,-0.412733,0.855755,0.0,-2e-06,-3e-06,-9.5e-05,1.9e-05,0.000154,-0.21197
473,0.150518,-0.048852,0.335097,-0.600643,0.604026,-0.523856,-0.751743,-0.649741,0.112656,-0.271582,0.460717,0.844991,-8e-06,-6.4e-05,-6.9e-05,0.0,0.0,0.0,0.016672,-0.171662,-0.01963,0.329925,-0.481768,-0.875077,0.046167,0.711162,-0.359795,0.603929,-0.511259,0.324891,0.795565,-0.0,-1.5e-05,-1.5e-05,0.078429,1.000088,1.3182,-1.404833,0.042175,0.034287,-0.016056,0.485891,0.873587,-0.027446,-0.787626,0.45126,0.419534,0.378885,-0.182231,0.907323,0.007656,-0.005147,0.003909,-0.049471,-0.00287,0.008988,-0.904264,0.077044,0.013097,-0.057397,0.691439,-0.519063,-0.502478,0.65154,0.748522,0.12333,0.3121,-0.41266,0.855748,-3e-06,-4.3e-05,-4.8e-05,-5.9e-05,2.1e-05,0.000106,-0.211317
474,0.150518,-0.048836,0.335083,-0.600617,0.604036,-0.523875,-0.751745,-0.649748,0.112596,-0.271634,0.460693,0.844988,9e-05,0.000729,0.000791,0.0,0.0,0.0,0.018557,-0.171647,-0.019712,0.329945,-0.502038,-0.863263,0.052212,0.704947,-0.373641,0.602807,-0.500233,0.340528,0.796034,-1.6e-05,-0.001463,-0.001413,0.02597,0.299828,0.395937,-1.404983,0.042182,0.03425,-0.016044,0.509414,0.860386,-0.015206,-0.778901,0.468537,0.416876,0.365799,-0.200519,0.908835,-1.3e-05,-0.000857,-0.000844,0.094406,1.049402,1.298707,-0.900345,0.077044,0.013103,-0.057406,0.691413,-0.519079,-0.502497,0.651546,0.748526,0.12327,0.312146,-0.41263,0.855745,5.2e-05,0.000424,0.000462,-4.1e-05,1.7e-05,6.8e-05,-0.211317
475,0.150511,-0.048821,0.33513,-0.600577,0.604059,-0.523895,-0.751787,-0.649697,0.112615,-0.271606,0.460737,0.844973,0.000104,0.000838,0.000909,0.0,0.0,0.0,0.020451,-0.171713,-0.019875,0.329808,-0.526995,-0.847861,0.058311,0.696268,-0.391536,0.601535,-0.486516,0.358675,0.796565,-6.2e-05,-0.005539,-0.005357,0.000823,0.041085,0.010673,-1.404669,0.042149,0.034174,-0.016107,0.533262,0.845944,-0.002791,-0.769442,0.486403,0.413966,0.35155,-0.218605,0.910287,-2.5e-05,-0.002638,-0.002533,0.018644,0.002659,0.270035,-0.900999,0.07704,0.013111,-0.057381,0.691375,-0.519109,-0.502518,0.651596,0.748479,0.12329,0.312124,-0.412679,0.85573,6.6e-05,0.000534,0.000579,-3e-05,8e-06,4.4e-05,-0.208541
476,0.150501,-0.048803,0.33515,-0.604111,0.600508,-0.523914,-0.747949,-0.654115,0.112595,-0.274341,0.45913,0.844964,8.6e-05,0.000693,0.000752,0.000633,-0.000136,-0.001021,0.020275,-0.171699,-0.02003,0.329742,-0.546767,-0.835219,0.05871,0.68692,-0.407529,0.60166,-0.477896,0.370351,0.796441,-5.8e-05,-0.005133,-0.00497,0.327091,3.352025,4.437205,-1.404933,0.042156,0.034095,-0.016141,0.547552,0.83677,0.0014,-0.76232,0.498144,0.413182,0.345041,-0.227305,0.910647,0.0004,-0.008325,0.001475,-0.006948,0.329997,0.354231,-0.901815,0.077036,0.013121,-0.057371,0.694394,-0.515092,-0.50249,0.647172,0.752334,0.123128,0.314618,-0.410697,0.855769,6.2e-05,0.000505,0.00055,0.006683,-0.001741,-0.011376,-0.208214
477,0.150501,-0.048803,0.33515,-0.607657,0.59692,-0.523914,-0.744063,-0.658533,0.112595,-0.277055,0.457498,0.844964,-8e-06,-6.2e-05,-6.7e-05,0.002111,-0.000454,-0.003404,0.019768,-0.171659,-0.020393,0.329616,-0.5838,-0.80952,0.062022,0.670218,-0.437558,0.599403,-0.457349,0.392521,0.797886,-6.6e-05,-0.005849,-0.005676,0.010014,0.091532,0.122055,-1.404792,0.042176,0.03391,-0.016208,0.587853,0.808811,0.015928,-0.742268,0.531451,0.408164,0.321662,-0.251763,0.912769,0.000394,-0.008962,0.000858,-0.013227,0.333735,0.366145,-0.887445,0.077036,0.013122,-0.05737,0.697415,-0.511037,-0.502445,0.642702,0.756178,0.122989,0.317086,-0.408697,0.855816,-8e-06,-5.8e-05,-6.2e-05,0.006596,-0.00174,-0.011272,-0.208051
478,0.150505,-0.048766,0.335175,-0.607558,0.596968,-0.523974,-0.744122,-0.65848,0.112511,-0.277111,0.457511,0.844938,0.000162,0.001314,0.001425,0.0,-0.0,-0.0,0.004615,-0.171649,-0.0209,0.329438,-0.63027,-0.773803,0.063091,0.643513,-0.475387,0.59986,-0.43338,0.419649,0.797458,0.000758,-0.019353,0.000255,-0.006854,0.32252,0.353145,-1.404609,0.042181,0.033663,-0.016297,0.632528,0.773959,0.029916,-0.715088,0.568703,0.406479,0.297585,-0.278502,0.91317,-4.8e-05,-0.004349,-0.004231,0.108824,1.044722,1.297692,-0.889568,0.077037,0.013138,-0.05736,0.697322,-0.511102,-0.502509,0.642777,0.756128,0.122911,0.317141,-0.40871,0.85579,0.000106,0.000855,0.000926,-0.000136,2e-05,0.000236,-0.214909
479,0.150509,-0.048707,0.335193,-0.607416,0.597034,-0.524063,-0.744195,-0.658424,0.112357,-0.277225,0.457506,0.844904,0.000248,0.002003,0.002171,0.0,0.0,0.0,0.001099,-0.171558,-0.021073,0.329362,-0.643961,-0.762455,0.062979,0.63482,-0.486751,0.600008,-0.426006,0.427323,0.797356,-5.6e-05,-0.005025,-0.004898,0.015194,-0.070162,0.208855,-1.404322,0.042226,0.033563,-0.016341,0.646068,0.762519,0.034046,-0.706086,0.580121,0.40608,0.289893,-0.286395,0.913202,0.007236,-0.002576,-0.003121,0.009884,0.083848,0.123638,-0.886955,0.077039,0.013166,-0.057353,0.697206,-0.51118,-0.50259,0.642851,0.756088,0.122769,0.317245,-0.408686,0.855762,9e-05,0.000725,0.000786,-0.000121,2.4e-05,0.000189,-0.22438
480,0.150517,-0.048601,0.335216,-0.614197,0.589917,-0.52422,-0.736469,-0.667102,0.11207,-0.282839,0.454167,0.844844,0.000124,0.001005,0.001089,0.00704,-0.001505,-0.011346,0.004406,-0.171286,-0.021075,0.329335,-0.675008,-0.735109,0.063006,0.614111,-0.512632,0.600009,-0.407916,0.44463,0.797353,0.014525,0.001625,0.000312,0.002891,-0.007142,0.039961,-1.404272,0.042357,0.033557,-0.016359,0.676142,0.735497,0.043294,-0.684877,0.60577,0.404951,0.271614,-0.303456,0.913312,2e-05,0.000873,0.00087,0.002959,0.019212,0.036162,-0.895936,0.077044,0.013223,-0.057337,0.702935,-0.503192,-0.502672,0.634007,0.763612,0.122192,0.32236,-0.404591,0.855797,7.1e-05,0.000588,0.000636,0.023115,-0.00528,-0.037905,-0.229279
481,0.150512,-0.048556,0.335295,-0.614072,0.589983,-0.524291,-0.736571,-0.666995,0.112034,-0.282844,0.454237,0.844805,0.000247,0.001998,0.002163,0.0,-0.0,-0.0,0.013188,-0.17106,-0.02125,0.329347,-0.727146,-0.683291,0.066064,0.574045,-0.552645,0.604144,-0.375374,0.478085,0.793973,0.000834,-0.013768,0.005688,-0.067626,0.12666,0.117837,-1.404248,0.042475,0.033487,-0.016344,0.725591,0.685246,0.062879,-0.645106,0.645581,0.408732,0.239489,-0.337136,0.910485,0.007678,-0.006498,0.002585,0.049119,1.056252,1.356543,-0.898712,0.077041,0.013242,-0.057301,0.702836,-0.503264,-0.502737,0.634113,0.763526,0.122175,0.322367,-0.404661,0.855761,8.5e-05,0.000695,0.000752,-0.000203,3.6e-05,0.000313,-0.22389
482,0.150523,-0.048465,0.335379,-0.613821,0.590109,-0.524442,-0.736737,-0.666843,0.111854,-0.282957,0.454297,0.844735,0.000308,0.002498,0.002702,0.00088,-0.012599,0.025905,0.021456,-0.170789,-0.021432,0.329375,-0.756065,-0.651126,0.066267,0.54863,-0.57551,0.606405,-0.35575,0.495657,0.79223,0.01452,0.000172,-0.001113,-0.002904,-0.011995,0.031416,-1.404233,0.042605,0.033384,-0.016334,0.753726,0.653128,0.072935,-0.619404,0.668914,0.410964,0.219625,-0.354931,0.908729,0.007272,0.000116,-0.000513,0.019415,-0.027029,0.031738,-0.902795,0.077046,0.013288,-0.057258,0.702603,-0.503434,-0.502893,0.634311,0.76339,0.122,0.322485,-0.404709,0.855694,9.3e-05,0.000762,0.000825,-0.000123,3.3e-05,0.000221,-0.21148
483,0.150502,-0.048446,0.335399,-0.617176,0.586532,-0.524519,-0.732865,-0.671109,0.111772,-0.28569,0.452652,0.844698,6e-05,0.000483,0.000522,0.0,-0.0,-1e-06,0.028571,-0.170647,-0.021428,0.32938,-0.760012,-0.646545,0.065971,0.54499,-0.578933,0.606429,-0.352927,0.49766,0.792237,4e-06,0.00047,0.000459,0.002892,0.027186,0.035491,-1.404007,0.042676,0.033385,-0.016331,0.757413,0.64874,0.073898,-0.61588,0.672253,0.410813,0.216833,-0.356668,0.90872,1.1e-05,0.00043,0.000426,0.036862,0.308546,0.391699,-0.904428,0.077036,0.013302,-0.057243,0.705425,-0.499426,-0.502939,0.62989,0.767078,0.121768,0.324979,-0.402695,0.8557,3.2e-05,0.000276,0.000299,-0.000428,-0.000129,0.000249,-0.205275
484,0.150447,-0.04844,0.335436,-0.617248,0.586498,-0.524472,-0.732831,-0.671132,0.111861,-0.285622,0.452662,0.844716,4.1e-05,0.000329,0.000356,0.0,-0.0,-0.0,0.031865,-0.170211,-0.021436,0.329334,-0.77513,-0.62834,0.065975,0.531109,-0.591692,0.60643,-0.341025,0.505893,0.792236,-8e-06,-0.001074,-0.001049,0.000268,0.002463,0.003218,-1.404281,0.042894,0.033386,-0.01635,0.771992,0.63068,0.079184,-0.60172,0.684966,0.410797,0.204843,-0.364779,0.908281,0.007267,-0.000523,-0.001149,0.00618,0.004647,0.064835,-0.905571,0.077009,0.013304,-0.057226,0.705484,-0.49939,-0.502891,0.629862,0.767087,0.121858,0.324907,-0.402722,0.855715,1.5e-05,0.000136,0.000149,-0.000147,2.9e-05,0.000241,-0.194988
485,0.150438,-0.048408,0.335456,-0.622187,0.582668,-0.522903,-0.728548,-0.675389,0.114193,-0.285859,0.45128,0.845375,2.2e-05,0.000178,0.000193,0.002107,-0.00046,-0.003406,0.035205,-0.170059,-0.021587,0.329172,-0.803584,-0.591357,0.067384,0.503536,-0.61534,0.606417,-0.316127,0.521981,0.792126,-3.2e-05,-0.004684,-0.004583,0.033597,0.302357,0.394951,-1.404122,0.042975,0.033315,-0.016427,0.798603,0.594927,0.091066,-0.574281,0.707965,0.411078,0.18009,-0.380586,0.907039,-2.1e-05,-0.00289,-0.002834,0.10899,1.05825,1.290514,-0.90655,0.077004,0.01332,-0.057217,0.709821,-0.494899,-0.501226,0.62497,0.770726,0.124068,0.324907,-0.401318,0.856375,1e-05,9.4e-05,0.000104,0.0257,-0.007609,-0.036222,-0.188293
486,0.15045,-0.048395,0.335454,-0.622138,0.582692,-0.522934,-0.728574,-0.67537,0.11414,-0.285898,0.451279,0.845363,4e-06,3.1e-05,3.3e-05,0.0,-0.0,-0.0,0.03361,-0.170096,-0.021673,0.329019,-0.811524,-0.580616,0.065618,0.493437,-0.621059,0.608884,-0.311747,0.527232,0.790382,-0.000924,0.003741,-0.015499,-0.000234,0.027498,0.012949,-1.404299,0.042957,0.033271,-0.016497,0.806715,0.583658,0.092484,-0.564181,0.714134,0.414381,0.175811,-0.386465,0.905391,-0.007278,-0.003899,-0.003162,-0.014764,0.04746,-0.022739,-0.911123,0.07701,0.013327,-0.057217,0.709766,-0.494927,-0.501277,0.624999,0.770714,0.123994,0.324974,-0.401304,0.856356,-2e-06,-1.1e-05,-1.2e-05,0.00011,-0.00029,0.000503,-0.18764
487,0.150439,-0.048433,0.33549,-0.622221,0.582655,-0.522876,-0.728555,-0.675363,0.114302,-0.285764,0.451336,0.845377,0.000106,0.000859,0.000928,0.0,0.0,0.0,0.033064,-0.17026,-0.021911,0.328598,-0.826181,-0.560089,0.06096,0.474183,-0.633079,0.611797,-0.303021,0.535065,0.788509,-0.000942,0.00183,-0.0174,0.031135,0.014612,0.006254,-1.404506,0.042875,0.03315,-0.01671,0.821421,0.562592,0.093569,-0.54525,0.726562,0.418102,0.167237,-0.394457,0.903567,-0.007294,-0.004991,-0.004246,0.030913,-0.046233,0.15488,-0.910959,0.077004,0.013305,-0.057203,0.709834,-0.494887,-0.50122,0.624986,0.770699,0.124152,0.324849,-0.401383,0.856366,-0.007585,0.001005,0.001091,-0.001095,0.014734,-0.029351,-0.189436
488,0.150422,-0.048384,0.335543,-0.623659,0.582511,-0.521322,-0.728284,-0.675257,0.116632,-0.283317,0.451681,0.846016,0.000206,0.001663,0.001796,-0.001323,0.001164,-0.000975,0.03739,-0.170665,-0.022051,0.328048,-0.852578,-0.519194,0.059497,0.44134,-0.654627,0.61369,-0.278595,0.550129,0.787151,-0.015527,-0.000602,-0.018539,0.039301,0.112323,0.08264,-1.40441,0.042678,0.033082,-0.016984,0.846636,0.52211,0.102989,-0.512614,0.748126,0.421347,0.142941,-0.409522,0.901032,-0.007313,-0.006051,-0.005307,0.039228,0.350929,0.312135,-0.916021,0.076996,0.013329,-0.057176,0.711225,-0.49453,-0.499597,0.624672,0.770567,0.126529,0.322401,-0.402075,0.856966,0.00011,0.0009,0.000973,0.003153,-0.002831,0.002407,-0.185517
489,0.150429,-0.048332,0.335614,-0.623619,0.582533,-0.521344,-0.72832,-0.675218,0.116629,-0.283311,0.451709,0.846003,0.000138,0.001114,0.001203,-0.0,0.0,-0.0,0.040062,-0.171272,-0.021971,0.327152,-0.869738,-0.491016,0.049497,0.412591,-0.668709,0.618491,-0.269487,0.558963,0.784092,-0.015559,-0.001225,-0.019209,-0.204641,0.270173,0.188377,-1.404219,0.042381,0.033116,-0.017424,0.863805,0.493805,0.099978,-0.485516,0.762851,0.427003,0.134588,-0.417388,0.898705,-0.008217,0.004144,-0.014533,-0.341731,1.370401,1.399796,-0.915205,0.077,0.013357,-0.057139,0.711156,-0.494569,-0.499656,0.624725,0.770534,0.126476,0.322451,-0.402092,0.85694,9.9e-05,0.000804,0.000868,4.7e-05,-6.2e-05,0.000161,-0.182904
490,0.150409,-0.048338,0.335669,-0.623642,0.582527,-0.521324,-0.728335,-0.675184,0.116731,-0.283221,0.451768,0.846001,-0.015189,-0.008466,0.011216,-0.036644,0.026863,-0.048322,0.045161,-0.171561,-0.021869,0.326711,-0.878265,-0.475574,0.049717,0.401101,-0.6764,0.617686,-0.259014,0.56303,0.784712,-0.016409,0.011093,-0.026301,0.089582,0.319149,0.374811,-1.404228,0.042224,0.033166,-0.017665,0.872382,0.477477,0.104709,-0.472937,0.770272,0.427798,0.123608,-0.422724,0.897788,-0.008179,0.005587,-0.013089,0.1108,0.316851,0.374488,-0.914878,0.076995,0.013358,-0.057115,0.711147,-0.494581,-0.499658,0.624761,0.770494,0.126535,0.322402,-0.402152,0.85693,7.2e-05,0.000591,0.000638,-3e-05,8e-06,8.3e-05,-0.179149
491,0.150293,-0.048265,0.335794,-0.62364,0.582534,-0.521319,-0.728361,-0.675145,0.116794,-0.28316,0.451817,0.845995,0.0004,0.003224,0.003477,0.00088,-0.01259,0.025909,0.048088,-0.172143,-0.021826,0.32608,-0.883868,-0.465786,0.042567,0.389335,-0.68252,0.61848,-0.257906,0.563812,0.784515,-0.014718,-0.010267,-0.008949,-0.627157,-2.054458,1.608915,-1.404523,0.041939,0.033194,-0.017975,0.878244,0.467024,0.102834,-0.46284,0.776046,0.428405,0.120272,-0.42384,0.897715,-0.007333,-0.004468,-0.003797,-0.002135,0.031604,-0.059223,-0.913409,0.076931,0.013387,-0.057053,0.711188,-0.494559,-0.49962,0.624761,0.770475,0.126652,0.322309,-0.402217,0.856935,0.000155,0.001258,0.001358,-4e-05,5e-06,4.7e-05,-0.170004
492,0.150172,-0.048143,0.335971,-0.623522,0.582601,-0.521383,-0.728468,-0.675031,0.116784,-0.283142,0.451901,0.845957,0.000454,0.003647,0.003928,0.0,0.0,0.0,0.055336,-0.172411,-0.022512,0.325724,-0.897268,-0.440053,0.035442,0.364743,-0.693979,0.620717,-0.247414,0.570428,0.78311,0.000629,-0.025505,-0.00615,-0.027186,-0.050922,0.114784,-1.404641,0.041799,0.032873,-0.018146,0.892406,0.440113,0.099554,-0.437063,0.78823,0.433206,0.112187,-0.430108,0.895779,-9e-05,-0.007167,-0.00716,0.007813,0.108327,0.089004,-0.912429,0.076871,0.013449,-0.056963,0.711067,-0.494656,-0.499698,0.624899,0.770366,0.126635,0.322309,-0.402307,0.856892,0.000269,0.002183,0.002354,0.000864,-0.012578,0.025945,-0.166249
493,0.150091,-0.048054,0.336066,-0.623441,0.582645,-0.521431,-0.728526,-0.674977,0.116732,-0.283172,0.451924,0.845935,0.000555,0.004451,0.004789,0.000881,-0.012588,0.02591,0.075287,-0.172405,-0.022874,0.325564,-0.906825,-0.420092,0.034375,0.349168,-0.703339,0.619137,-0.234768,0.573978,0.784409,-0.000188,-0.012588,-0.012638,0.03389,-0.083147,0.114864,-1.404526,0.041802,0.032671,-0.018232,0.901503,0.420257,0.103318,-0.421227,0.797313,0.432272,0.099288,-0.433215,0.895804,0.000353,-0.011388,-0.001711,-0.033779,0.016809,-0.048413,-0.913572,0.07683,0.013492,-0.056916,0.711008,-0.494701,-0.499737,0.624953,0.770329,0.126595,0.322335,-0.402322,0.856875,0.000244,0.00198,0.002134,-1e-06,1.2e-05,3.1e-05,-0.154492
494,0.149857,-0.047929,0.336277,-0.623393,0.582681,-0.521449,-0.728602,-0.674883,0.116809,-0.283086,0.452018,0.845913,-0.014867,0.004227,0.004543,-0.000984,0.014715,-0.029553,0.095806,-0.172515,-0.023125,0.325175,-0.910643,-0.412143,0.029288,0.341111,-0.710216,0.615769,-0.23183,0.571252,0.787267,-0.000969,0.002796,-0.016639,0.045969,-0.003368,-0.011581,-1.404555,0.041748,0.032539,-0.018425,0.905772,0.411759,0.100153,-0.412702,0.803487,0.42905,0.096193,-0.429956,0.89771,-0.00047,0.001542,-0.008166,0.016615,0.011224,-0.019839,-0.911776,0.076719,0.013558,-0.056807,0.710933,-0.494768,-0.499778,0.625068,0.770226,0.126653,0.322279,-0.402437,0.856842,0.000239,0.001933,0.00208,0.000863,-0.012585,0.025923,-0.115955
495,0.14962,-0.047849,0.33647,-0.62357,0.582601,-0.521326,-0.728532,-0.674912,0.117073,-0.282873,0.452078,0.845952,0.000288,0.002291,0.002458,0.0,0.0,0.0,0.107994,-0.172331,-0.023484,0.324619,-0.926964,-0.37435,0.024305,0.308502,-0.724175,0.616709,-0.212089,0.579634,0.786705,-0.000216,-0.014374,-0.014548,-0.002492,0.056009,-0.014757,-1.404697,0.04184,0.032373,-0.018696,0.921735,0.373561,0.104189,-0.380184,0.817321,0.43295,0.076577,-0.438676,0.895376,0.007241,-0.006894,-0.007617,0.00573,0.101768,0.097813,-0.910959,0.076595,0.0136,-0.056709,0.711111,-0.494651,-0.49964,0.624974,0.770257,0.126926,0.322067,-0.402521,0.856883,-0.007475,0.001781,0.001912,-0.000992,0.014715,-0.029544,-0.092115
496,0.149404,-0.047858,0.336537,-0.62704,0.578892,-0.521296,-0.724542,-0.679172,0.1172,-0.28543,0.450466,0.845953,-0.000222,-0.011951,0.007457,-0.034437,0.024313,-0.048063,0.111023,-0.172005,-0.023999,0.324126,-0.938537,-0.344395,0.023053,0.285262,-0.736684,0.613071,-0.192966,0.582397,0.789583,-0.000165,-0.011544,-0.011744,0.28346,-0.158536,-0.176744,-1.404383,0.042002,0.032106,-0.018952,0.932882,0.342934,0.110117,-0.355668,0.828849,0.431866,0.056831,-0.442046,0.89519,0.007283,-0.005001,-0.005736,0.489008,-0.286193,-0.144422,-0.912919,0.076488,0.013601,-0.05667,0.714043,-0.490484,-0.499566,0.620415,0.773937,0.126911,0.324385,-0.400558,0.856928,-0.00013,-0.006105,0.003593,-0.034836,0.024089,-0.048059,-0.080521
497,0.149286,-0.047896,0.336527,-0.626995,0.578921,-0.521319,-0.724591,-0.679117,0.117214,-0.285405,0.450512,0.845937,-0.000219,-0.001724,-0.00185,0.0,-0.0,-0.0,0.112842,-0.171843,-0.024206,0.323886,-0.939612,-0.341985,0.012959,0.278039,-0.741097,0.611067,-0.19818,0.578196,0.791376,0.014525,-0.011126,-0.012652,-0.06493,0.919503,5.797545,-1.404614,0.042078,0.032004,-0.019071,0.933247,0.344243,0.102694,-0.353725,0.830713,0.429875,0.062672,-0.437505,0.897028,0.007273,-0.005859,-0.006628,0.016867,-0.005214,-0.055611,-0.912429,0.076429,0.01358,-0.056677,0.714002,-0.490519,-0.499591,0.620473,0.773887,0.126929,0.324366,-0.40061,0.856911,-0.000151,-0.001181,-0.001263,-0.000138,-1.5e-05,0.000136,-0.078725
498,0.149085,-0.047934,0.336501,-0.627336,0.578744,-0.521106,-0.724356,-0.679327,0.117452,-0.285252,0.450424,0.846035,-0.000175,-0.001369,-0.00147,-0.000883,0.012574,-0.025917,0.115888,-0.17147,-0.024773,0.323389,-0.946879,-0.321576,-0.000145,0.256184,-0.754962,0.603602,-0.193013,0.571904,0.797204,0.015405,-0.022937,-0.005184,0.257324,3.181116,4.297817,-1.404666,0.042264,0.031724,-0.019322,0.942181,0.322536,0.090902,-0.329772,0.844247,0.422487,0.059523,-0.428037,0.901798,-7.1e-05,-0.006726,-0.006897,0.369613,-0.21002,0.083244,-0.910796,0.076328,0.013558,-0.056693,0.714307,-0.490298,-0.499372,0.62021,0.77406,0.12716,0.324198,-0.400546,0.857004,-8.2e-05,-0.000657,-0.000702,-0.000936,0.012607,-0.025806,-0.07252
499,0.148998,-0.047989,0.336442,-0.630591,0.575107,-0.521203,-0.720437,-0.6835,0.117349,-0.287975,0.448774,0.84599,-0.000375,-0.002935,-0.003153,-0.000882,0.012574,-0.025917,0.108639,-0.171366,-0.025466,0.322919,-0.960339,-0.278588,-0.01137,0.218899,-0.778975,0.58755,-0.171324,0.562107,0.809041,-0.000208,-0.015957,-0.016453,0.561194,-0.417006,-0.107455,-1.405164,0.042322,0.031374,-0.019554,0.957907,0.272411,0.090587,-0.285178,0.866707,0.409258,0.032974,-0.417864,0.90791,-8.3e-05,-0.00813,-0.00838,0.621233,-0.451216,-0.111601,-0.907204,0.076284,0.013533,-0.056719,0.717023,-0.486245,-0.499441,0.615755,0.777649,0.126907,0.326682,-0.398529,0.857002,-0.00014,-0.001102,-0.001182,-0.000343,-0.000111,0.000149,-0.07399
500,0.149003,-0.048046,0.336397,-0.633767,0.571484,-0.521335,-0.716544,-0.6876,0.117231,-0.290692,0.447142,0.845925,-0.000325,-0.002542,-0.002732,0.0,-0.0,-1e-06,0.102841,-0.17148,-0.025811,0.322602,-0.964954,-0.261529,-0.021408,0.200726,-0.78862,0.581138,-0.167643,0.556801,0.813469,-0.014981,-0.017284,-0.016552,0.533696,-0.622405,-0.015202,-1.405664,0.042271,0.031207,-0.019707,0.963559,0.253637,0.084974,-0.26598,0.874743,0.405065,0.02841,-0.412906,0.91033,-9e-05,-0.008528,-0.008815,0.380341,-1.189451,0.346071,-0.90851,0.076287,0.013503,-0.056744,0.719694,-0.482195,-0.499527,0.611311,0.781188,0.126663,0.329148,-0.396525,0.856987,-0.000193,-0.001516,-0.00163,-0.001321,0.012438,-0.02564,-0.078888
501,0.149079,-0.048125,0.336388,-0.637285,0.567647,-0.52124,-0.712395,-0.691864,0.117433,-0.29318,0.445457,0.845956,4.5e-05,0.000349,0.000375,0.0,-0.0,-0.0,0.092342,-0.171744,-0.026395,0.321975,-0.971827,-0.233036,-0.035187,0.171419,-0.801794,0.57243,-0.160376,0.550563,0.81916,-0.014966,-0.013229,-0.012438,0.088166,-0.028264,-0.092954,-1.405725,0.042138,0.030905,-0.020032,0.971429,0.224742,0.076256,-0.23634,0.886828,0.397086,0.021616,-0.403764,0.914607,-7.2e-05,-0.006584,-0.006844,0.029059,-0.102222,0.074246,-0.910469,0.076324,0.013457,-0.056755,0.722645,-0.477903,-0.499391,0.606606,0.784837,0.126724,0.331379,-0.39451,0.857058,3.5e-05,0.000282,0.000302,-0.000261,4.5e-05,0.000375,-0.093258
502,0.149167,-0.048141,0.336522,-0.636982,0.567828,-0.521413,-0.712699,-0.691547,0.117456,-0.2931,0.445718,0.845846,0.000256,0.002011,0.002161,0.000884,-0.012563,0.025922,0.085481,-0.171908,-0.026819,0.321488,-0.977843,-0.205234,-0.041169,0.146942,-0.813525,0.562601,-0.147716,0.544343,0.825672,-0.000188,-0.012213,-0.01277,0.18446,-0.087877,-0.127425,-1.406241,0.042051,0.030697,-0.020271,0.977631,0.195988,0.076327,-0.210173,0.896467,0.390093,0.008029,-0.397409,0.917606,-6.7e-05,-0.005724,-0.005978,0.245299,-0.224005,0.064806,-0.909816,0.076368,0.013449,-0.056688,0.722382,-0.478125,-0.499559,0.606948,0.784565,0.126768,0.331326,-0.394781,0.856953,6.3e-05,0.000509,0.000545,-0.000149,3.1e-05,0.000272,-0.103545
503,0.149158,-0.048326,0.336735,-0.636934,0.567893,-0.5214,-0.712956,-0.691187,0.118013,-0.29258,0.446191,0.845776,-9e-06,-0.010242,0.00929,-0.035655,0.012199,-0.018744,0.080125,-0.171936,-0.027265,0.321037,-0.981234,-0.187517,-0.044819,0.131047,-0.819631,0.557642,-0.140057,0.541539,0.828844,-0.000148,-0.009408,-0.009882,0.347716,-0.115954,-0.352338,-1.406245,0.042037,0.030465,-0.020505,0.981144,0.177447,0.0766,-0.193274,0.901361,0.387546,-0.000276,-0.395043,0.918661,-5.5e-05,-0.004572,-0.0048,0.474938,-0.16699,-0.348426,-0.913409,0.076364,0.013366,-0.05658,0.722311,-0.478223,-0.499567,0.607262,0.784237,0.127293,0.330905,-0.395314,0.85687,-1.2e-05,-0.005155,0.004607,-0.035765,0.012226,-0.018571,-0.114486
504,0.149166,-0.048474,0.33682,-0.636955,0.567904,-0.521362,-0.713071,-0.691006,0.118375,-0.292253,0.446458,0.845749,-0.000217,-0.001705,-0.001832,-0.000886,0.012534,-0.025936,0.081498,-0.171979,-0.027474,0.320912,-0.98275,-0.177892,-0.050489,0.119986,-0.821636,0.557182,-0.139355,0.541735,0.828835,0.000729,-0.018572,0.000404,0.047262,-0.274317,0.019503,-1.406363,0.042015,0.030367,-0.020569,0.983189,0.167486,0.072715,-0.182589,0.903572,0.38758,-0.000789,-0.394342,0.918963,-0.007457,-0.003925,-0.003458,-0.063523,-0.834105,0.334891,-0.912592,0.076369,0.013291,-0.056531,0.722328,-0.478238,-0.499529,0.607408,0.784062,0.12768,0.330601,-0.395645,0.856835,-5.5e-05,-0.005502,0.004236,-0.035734,0.012219,-0.018601,-0.115465
505,0.149187,-0.048744,0.337047,-0.636908,0.567979,-0.521339,-0.713384,-0.690561,0.119084,-0.291594,0.44705,0.845663,-1.5e-05,-0.010298,0.009232,-0.035658,0.012169,-0.018758,0.082429,-0.172101,-0.027796,0.320688,-0.980336,-0.186451,-0.064565,0.120746,-0.826076,0.550411,-0.154716,0.532026,0.832391,0.000762,-0.016274,0.002807,0.272154,-0.185355,-0.15132,-1.406294,0.041955,0.030205,-0.020681,0.983232,0.173184,0.057096,-0.181806,0.906748,0.380463,0.014118,-0.384465,0.923031,-4.4e-05,-0.003062,-0.003229,0.426117,-0.234617,-0.184046,-0.911776,0.076379,0.013155,-0.056426,0.722291,-0.478318,-0.499506,0.607754,0.783679,0.128381,0.330045,-0.396306,0.856744,-3e-06,1e-05,1e-05,-4.7e-05,1.5e-05,9.4e-05,-0.114812
506,0.149204,-0.049001,0.337181,-0.635244,0.568323,-0.522991,-0.714051,-0.690197,0.117189,-0.293582,0.447175,0.844909,-0.000119,-0.000932,-0.001002,0.0,-0.0,0.0,0.081555,-0.172722,-0.02808,0.32058,-0.980011,-0.181351,-0.081737,0.10805,-0.830669,0.546121,-0.165691,0.526601,0.833727,-0.014932,-0.004916,-0.003865,0.107763,-0.048017,-0.099777,-1.407063,0.041661,0.030063,-0.020729,0.985317,0.165802,0.040727,-0.168836,0.910805,0.376733,0.025369,-0.378078,0.925425,-0.014884,-0.00261,-0.00142,0.098214,-0.187767,0.051446,-0.916674,0.076387,0.013027,-0.056357,0.720725,-0.478906,-0.501201,0.608515,0.783395,0.126495,0.332059,-0.396157,0.856034,-9.8e-05,-0.005835,0.003879,-0.036692,0.013034,-0.019412,-0.115465
507,0.149248,-0.049124,0.337263,-0.635265,0.56833,-0.522958,-0.71415,-0.690039,0.117507,-0.293295,0.447408,0.844886,-2.9e-05,-0.000225,-0.000242,0.0,-0.0,0.0,0.083164,-0.173294,-0.028141,0.320508,-0.978514,-0.184496,-0.092002,0.105662,-0.832327,0.54406,-0.175709,0.52288,0.834018,-0.029781,-0.004647,-0.002271,0.089853,-0.119373,0.079512,-1.407098,0.041381,0.030029,-0.020763,0.985433,0.167388,0.030028,-0.166347,0.912073,0.374767,0.035344,-0.374303,0.926632,-0.014886,-0.002261,-0.001056,0.065222,-0.106336,0.057715,-0.916021,0.076409,0.01296,-0.056315,0.720763,-0.478903,-0.501151,0.608626,0.78325,0.126857,0.331775,-0.396447,0.85601,-2.2e-05,-0.005241,0.004516,-0.03583,0.012264,-0.018816,-0.115302
508,0.149433,-0.049331,0.337451,-0.635091,0.572062,-0.519085,-0.71503,-0.689591,0.114754,-0.291526,0.443326,0.847645,7.7e-05,-0.009591,0.009992,0.122879,0.309644,0.118377,0.086917,-0.174312,-0.02808,0.320331,-0.977229,-0.184812,-0.104206,0.100826,-0.836991,0.537786,-0.185367,0.515266,0.836662,-0.01486,-0.000719,0.000545,0.141385,-0.068901,-0.080172,-1.407153,0.040849,0.030056,-0.02086,0.986036,0.16554,0.018076,-0.160468,0.915552,0.3688,0.044501,-0.366551,0.929332,-0.007422,-0.000179,0.000481,0.113938,-0.054209,-0.084123,-0.912592,0.076501,0.01286,-0.056225,0.720971,-0.48169,-0.49817,0.609403,0.782961,0.124892,0.329889,-0.39363,0.858037,5.8e-05,0.000469,0.000501,0.291351,0.412288,0.381285,-0.110893
509,0.149537,-0.049448,0.337568,-0.634998,0.573925,-0.517139,-0.715493,-0.689329,0.113432,-0.290594,0.441321,0.84901,0.015313,-0.000884,-0.000947,0.017294,0.015899,0.04365,0.08183,-0.175155,-0.028119,0.320441,-0.978309,-0.177147,-0.107341,0.09323,-0.839675,0.534966,-0.183656,0.513578,0.838076,-0.014059,-0.011957,0.008653,-0.022256,0.01527,-0.054566,-1.407601,0.040439,0.030049,-0.020801,0.987359,0.157638,0.016442,-0.152627,0.917724,0.366723,0.04272,-0.364597,0.930184,-0.007437,-0.000703,-8.2e-05,-0.01932,0.017749,-0.040562,-0.911449,0.076548,0.0128,-0.05616,0.721189,-0.484613,-0.49501,0.61014,0.782746,0.122619,0.328045,-0.390457,0.86019,-9e-06,-0.005148,0.004617,-0.03706,0.017794,-0.009799,-0.112036
510,0.149548,-0.049493,0.337596,-0.63508,0.575669,-0.515095,-0.715738,-0.689312,0.111983,-0.289812,0.439073,0.850442,-0.0,-0.0,-0.0,0.001426,0.002675,0.001231,0.0823,-0.175559,-0.028272,0.32054,-0.977611,-0.177252,-0.113357,0.090996,-0.842273,0.531253,-0.1884,0.509267,0.839652,2.6e-05,0.000962,0.001017,0.096302,-0.06118,-0.041534,-1.407752,0.040226,0.029963,-0.020753,0.987618,0.156518,0.010519,-0.149614,0.919649,0.363127,0.047161,-0.360205,0.931679,1.8e-05,0.000596,0.000641,0.092356,-0.074708,-0.026987,-0.913898,0.076559,0.012776,-0.056147,0.721396,-0.486265,-0.493085,0.610476,0.782694,0.121274,0.326964,-0.388504,0.861486,-0.0,-0.0,-0.0,-0.009346,-0.013633,-0.003262,-0.114976
511,0.149537,-0.049487,0.337603,-0.634967,0.575733,-0.515163,-0.71582,-0.689238,0.111912,-0.289855,0.439105,0.85041,4.1e-05,0.000325,0.00035,2.1e-05,3.9e-05,1.8e-05,0.082636,-0.175332,-0.028314,0.320566,-0.977243,-0.179014,-0.113765,0.092682,-0.843144,0.529579,-0.18948,0.507208,0.840655,0.014859,0.000481,-0.000781,0.033093,-0.034947,0.015849,-1.407961,0.040339,0.029945,-0.020736,0.987329,0.158388,0.009733,-0.151184,0.920239,0.360974,0.048217,-0.357872,0.932524,0.007429,0.000253,-0.000378,-0.009982,-0.015911,0.012553,-0.915042,0.076554,0.012779,-0.056144,0.721275,-0.486263,-0.493263,0.61057,0.782618,0.121297,0.327054,-0.38866,0.861381,2.1e-05,0.000181,0.000195,-0.001408,-0.002459,-0.000997,-0.114649
512,0.149468,-0.049483,0.337607,-0.634737,0.575863,-0.515302,-0.715989,-0.689086,0.111764,-0.289943,0.439172,0.850346,0.0,0.0,0.0,0.0,0.0,0.0,0.086569,-0.174249,-0.028297,0.320533,-0.977613,-0.180201,-0.108586,0.096438,-0.842831,0.529405,-0.185677,0.507309,0.841442,0.029727,0.001411,-0.001122,-0.008246,0.067148,-0.114375,-1.406993,0.040864,0.029952,-0.020752,0.986952,0.160329,0.014807,-0.154826,0.919764,0.360642,0.044202,-0.358228,0.932586,0.014456,0.006259,-0.004703,0.024899,0.053613,-0.091473,-0.913572,0.076519,0.012782,-0.056142,0.721072,-0.486401,-0.493424,0.610751,0.782496,0.121171,0.327165,-0.388733,0.861306,-1e-06,-3e-06,-3e-06,0.000148,-7.7e-05,-0.000274,-0.112363
513,0.149433,-0.049471,0.337589,-0.634555,0.575963,-0.515414,-0.716106,-0.688991,0.111605,-0.290053,0.439191,0.850299,-0.0,-0.0,-0.0,0.0,0.0,0.0,0.090649,-0.173536,-0.028087,0.320405,-0.980557,-0.173356,-0.091905,0.098449,-0.840199,0.533205,-0.168408,0.514008,0.84101,0.029713,0.001226,-0.00134,-0.125427,0.052356,0.114673,-1.406907,0.041221,0.030059,-0.020814,0.987103,0.156655,0.03296,-0.157808,0.917605,0.364825,0.026906,-0.365321,0.930492,0.007016,0.005811,-0.004528,-0.105648,-0.025469,0.310246,-0.913899,0.076502,0.012787,-0.056151,0.720914,-0.486518,-0.49354,0.610876,0.782422,0.121016,0.327281,-0.388734,0.861261,0.0,2e-06,5e-06,0.00012,-1.2e-05,-0.000183,-0.106974
514,0.149434,-0.049458,0.337589,-0.634526,0.575978,-0.515434,-0.71612,-0.688984,0.111564,-0.290084,0.439182,0.850293,4.1e-05,0.000325,0.00035,0.0,0.0,0.0,0.092453,-0.173203,-0.028065,0.320368,-0.981786,-0.169229,-0.086303,0.09742,-0.838911,0.535417,-0.161762,0.517471,0.840191,0.014854,0.000504,-0.00079,-0.091298,-0.038758,0.24539,-1.406778,0.041398,0.03007,-0.020833,0.987386,0.15333,0.039462,-0.157036,0.916661,0.367521,0.020178,-0.369082,0.929177,0.014856,0.0005,-0.000807,-0.068577,0.040828,0.114567,-0.917328,0.076502,0.012794,-0.056152,0.720889,-0.486535,-0.49356,0.610888,0.782419,0.120975,0.327312,-0.38872,0.861256,2.3e-05,0.000181,0.000198,0.000102,-8e-06,-0.000155,-0.104035
515,0.149441,-0.049396,0.33764,-0.634248,0.576131,-0.515604,-0.716314,-0.688814,0.111365,-0.290211,0.439247,0.850216,0.000304,0.002405,0.002583,0.000893,-0.012453,0.025975,0.102664,-0.173012,-0.027891,0.320505,-0.983081,-0.172922,-0.060332,0.113976,-0.835928,0.536812,-0.142012,0.521071,0.841534,0.00013,0.006752,0.007132,0.042826,0.792563,-0.30152,-1.406986,0.041499,0.030146,-0.020778,0.984875,0.161309,0.063235,-0.173256,0.914093,0.366627,0.001337,-0.372038,0.928215,7.2e-05,0.003507,0.003698,0.573083,2.380752,-1.248335,-0.914878,0.076505,0.01282,-0.056131,0.720658,-0.486711,-0.493724,0.611091,0.782289,0.120793,0.327444,-0.388761,0.861187,0.000115,0.000909,0.000979,6.8e-05,-1.3e-05,-0.000103,-0.09636
516,0.149446,-0.049264,0.337781,-0.634015,0.576262,-0.515744,-0.716484,-0.688661,0.111217,-0.2903,0.439315,0.85015,0.000653,0.005164,0.005539,0.000893,-0.012453,0.025975,0.115883,-0.173223,-0.027781,0.320836,-0.980007,-0.193631,-0.045653,0.1371,-0.824063,0.549598,-0.142797,0.532594,0.834156,-0.014748,0.004079,0.005618,-0.510166,0.063044,-0.191161,-1.406716,0.041394,0.030213,-0.0206,0.980003,0.184649,0.074147,-0.198964,0.904604,0.376967,0.002532,-0.384181,0.923253,-0.007369,0.001984,0.002749,-0.580051,0.087254,-0.188831,-0.913898,0.076507,0.012884,-0.056063,0.72045,-0.48687,-0.493869,0.61128,0.782162,0.120651,0.327545,-0.388816,0.861124,0.000306,0.002437,0.002614,0.000941,-0.012451,0.025906,-0.077745
517,0.149519,-0.049045,0.338016,-0.633322,0.576647,-0.516165,-0.716988,-0.688206,0.110776,-0.290568,0.43952,0.849952,0.000693,0.005494,0.005879,0.000893,-0.012453,0.025975,0.13521,-0.173852,-0.027573,0.321112,-0.977297,-0.209725,-0.029973,0.158285,-0.817311,0.55397,-0.139439,0.536912,0.831953,-0.015489,0.018135,0.000434,0.011755,0.028129,0.01556,-1.406389,0.041096,0.030298,-0.020468,0.975525,0.202025,0.086803,-0.21988,0.898455,0.380038,-0.001211,-0.389824,0.920888,-0.007325,0.003712,0.004564,0.10468,0.205443,-0.118248,-0.908183,0.076544,0.012997,-0.055941,0.719829,-0.48735,-0.494302,0.611852,0.781781,0.120227,0.327844,-0.388983,0.860935,0.007973,0.002162,0.002313,0.001025,-0.014714,0.029509,-0.05913
