frame,MLTx,MLTy,MLTz,MLTR1,MLTR2,MLTR3,MLTR4,MLTR5,MLTR6,MLTR7,MLTR8,MLTR9,MLTTVx,MLTTVy,MLTTVz,MLTRVx,MLTRVy,MLTRVz,MLGA,MRTx,MRTy,MRTz,MRTR1,MRTR2,MRTR3,MRTR4,MRTR5,MRTR6,MRTR7,MRTR8,MRTR9,MRTTVx,MRTTVy,MRTTVz,MRTRVx,MRTRVy,MRTRVz,MRGA,SLTx,SLTy,SLTz,SLTR1,SLTR2,SLTR3,SLTR4,SLTR5,SLTR6,SLTR7,SLTR8,SLTR9,SLTTVx,SLTTVy,SLTTVz,SLTRVx,SLTRVy,SLTRVz,SLGA,SRTx,SRTy,SRTz,SRTR1,SRTR2,SRTR3,SRTR4,SRTR5,SRTR6,SRTR7,SRTR8,SRTR9,SRTTVx,SRTTVy,SRTTVz,SRTRVx,SRTRVy,SRTRVz,SRGA
275,0.137512,-0.012359,0.37228,-0.807796,0.030598,-0.588707,0.027073,-0.995651,-0.088987,-0.587866,-0.087867,0.804189,0.001636,0.019554,-0.002309,0.029441,0.057793,-0.136199,-1.340344,-0.121233,0.014232,0.349453,-0.505484,0.655571,0.560985,-0.859286,-0.441531,-0.258092,0.079148,-0.613311,0.785779,-0.029462,0.019788,-0.065647,0.842323,0.554555,0.464503,-0.454412,0.058633,0.029503,-0.001899,0.365218,-0.772191,0.519937,0.929841,0.275694,-0.243695,0.044836,0.572461,0.818704,-0.014591,0.009178,-0.0333,2.95573,-0.262161,3.390702,-0.625691,0.083051,0.018278,-0.056701,-0.798744,-0.097346,-0.593742,0.227133,-0.962592,-0.147735,-0.557151,-0.252861,0.790975,0.000933,0.01495,-0.005758,0.074949,0.05977,-0.107432,-0.923264
276,0.137516,-0.01193,0.37222,-0.807497,0.025934,-0.58934,0.029506,-0.995986,-0.084347,-0.588159,-0.085539,0.804226,0.001544,0.010031,0.007509,-0.01113,0.056317,-0.161284,-1.353116,-0.121732,0.014598,0.348176,-0.491955,0.646712,0.582868,-0.868059,-0.415847,-0.27107,0.067716,-0.640109,0.765204,-0.030773,0.028809,-0.075525,0.732529,1.266681,0.749735,-0.471636,0.058384,0.02968,-0.002537,0.354961,-0.763215,0.539912,0.932728,0.24995,-0.259888,0.063399,0.595841,0.800595,-0.014434,0.008119,-0.03415,3.424881,-0.069705,3.692393,-0.633365,0.083053,0.018496,-0.056735,-0.797416,-0.10182,-0.594776,0.229618,-0.962711,-0.143041,-0.558034,-0.250634,0.791061,0.000899,0.010279,-0.000784,0.03932,0.069487,-0.126965,-0.920325
277,0.137524,-0.011235,0.372295,-0.809424,0.021059,-0.586886,0.031177,-0.996386,-0.078841,-0.58542,-0.082147,0.806575,0.001692,0.010997,0.008199,-0.005826,0.073675,-0.153623,-1.378748,-0.123035,0.015604,0.345442,-0.456314,0.620444,0.637822,-0.88887,-0.35122,-0.294089,0.042143,-0.701895,0.710937,-0.029832,0.0218,-0.064248,0.73721,1.382707,0.782861,-0.513269,0.057734,0.030173,-0.003918,0.324263,-0.732853,0.598146,0.940723,0.183337,-0.285354,0.09946,0.65522,0.748862,-0.022231,0.015229,-0.036397,3.377387,0.301388,3.879087,-0.671412,0.083057,0.018843,-0.056697,-0.79852,-0.107075,-0.592368,0.231293,-0.963089,-0.1377,-0.555759,-0.246967,0.793812,-0.005852,0.011502,0.000185,0.040362,-0.013166,0.018051,-0.921304
278,0.137537,-0.01066,0.372558,-0.810891,0.018248,-0.584951,0.030956,-0.996756,-0.074097,-0.583399,-0.078223,0.808427,0.001911,0.012427,0.009224,0.000911,-0.012445,0.025978,-1.385765,-0.124433,0.0167,0.342809,-0.413799,0.603807,0.681306,-0.91025,-0.287185,-0.298165,0.016167,-0.744276,0.667574,-0.043421,0.022317,-0.062487,-0.178117,1.752563,-0.497621,-0.51965,0.057041,0.030719,-0.005236,0.284458,-0.71103,0.643055,0.949232,0.114915,-0.292834,0.134317,0.693707,0.707621,-0.015875,0.017756,-0.035195,0.092518,1.612379,0.034242,-0.69019,0.083063,0.01913,-0.056566,-0.79939,-0.110353,-0.590589,0.231261,-0.963765,-0.132941,-0.554519,-0.242853,0.795946,0.001001,0.006519,0.004838,0.005157,-0.027056,0.054197,-0.921305
279,0.137554,-0.010389,0.372709,-0.810749,0.018805,-0.58513,0.030591,-0.996737,-0.074512,-0.583615,-0.078342,0.80826,0.002012,0.022002,-0.000576,0.036453,-0.025774,0.044162,-1.387124,-0.125133,0.017326,0.341521,-0.395252,0.594126,0.700558,-0.918578,-0.252207,-0.304203,-0.003533,-0.764477,0.644534,-0.032206,0.038212,-0.068296,0.940035,1.248203,0.777451,-0.540963,0.056687,0.031022,-0.005881,0.269825,-0.698849,0.662422,0.950062,0.081219,-0.301305,0.156765,0.710642,0.685865,-0.021833,0.012218,-0.03035,3.728337,-0.217936,2.794293,-0.698845,0.083072,0.019264,-0.056485,-0.799362,-0.109761,-0.590739,0.230895,-0.963795,-0.13336,-0.554714,-0.243002,0.795765,0.00094,0.006131,0.004541,0.001316,-0.012748,0.026332,-0.920651
280,0.13763,-0.009859,0.373038,-0.812815,0.015239,-0.582361,0.02957,-0.997269,-0.067459,-0.58079,-0.072079,0.810873,0.001995,0.013,0.009583,-0.186701,0.179162,-0.248247,-1.393722,-0.126483,0.018499,0.339257,-0.371097,0.575427,0.728808,-0.928238,-0.207723,-0.308479,-0.02563,-0.791683,0.610282,-0.031478,0.033057,-0.055452,3.819873,-0.729614,3.011596,-0.575947,0.056023,0.031599,-0.007002,0.251804,-0.675172,0.693351,0.950862,0.039237,-0.307116,0.180151,0.736615,0.651875,-0.014949,0.011148,-0.023518,-1.952855,-0.158428,1.335377,-0.734769,0.083109,0.019526,-0.05633,-0.800524,-0.113205,-0.58851,0.229956,-0.964852,-0.127201,-0.553426,-0.23716,0.79842,0.000985,0.006286,0.004588,-2.020604,1.298039,-1.317144,-0.919018
281,0.137742,-0.009225,0.373314,-0.813434,0.014223,-0.581522,0.029311,-0.997409,-0.065486,-0.579937,-0.070339,0.811636,0.002248,0.014688,0.010774,0.001818,-0.024923,0.05194,-1.401917,-0.127506,0.01942,0.337447,-0.362733,0.566813,0.739689,-0.931584,-0.199723,-0.303636,-0.023895,-0.79991,0.59953,-0.015343,0.013823,-0.038345,-1.81844,-0.807664,1.176995,-0.593916,0.055494,0.032081,-0.007927,0.243803,-0.665787,0.705185,0.951938,0.025283,-0.305243,0.185398,0.745712,0.639952,-0.015034,0.011737,-0.023057,0.034833,0.649748,-0.352142,-0.759262,0.083166,0.019851,-0.056186,-0.801056,-0.114957,-0.587445,0.229779,-0.965254,-0.124441,-0.552729,-0.234667,0.799638,0.001128,0.007396,0.005425,0.002626,-0.02546,0.0525,-0.922774
282,0.137808,-0.008393,0.373558,-0.814892,0.011286,-0.579541,0.029485,-0.997689,-0.06098,-0.577879,-0.066802,0.813401,0.002626,0.026084,0.002274,0.037351,-0.038315,0.070094,-1.406585,-0.12849,0.020133,0.335978,-0.364749,0.556699,0.746349,-0.930702,-0.194008,-0.309981,-0.027289,-0.808369,0.587927,-0.029172,0.016519,-0.034767,0.071207,0.219803,-0.167121,-0.604152,0.055018,0.032432,-0.008654,0.246029,-0.657497,0.712156,0.950707,0.020624,-0.309401,0.188743,0.753174,0.630162,-0.008005,0.009523,-0.017071,0.0597,0.296767,-0.318014,-0.773305,0.083198,0.020258,-0.056064,-0.801896,-0.118313,-0.58563,0.23004,-0.965769,-0.11988,-0.551401,-0.23085,0.801663,-0.005502,0.013511,0.001558,0.038632,-0.013178,0.016635,-0.926367
283,0.137849,-0.007943,0.373672,-0.815594,0.009909,-0.578579,0.029547,-0.997817,-0.058832,-0.576886,-0.065098,0.814243,0.002695,0.026547,0.002578,0.037346,-0.038349,0.070078,-1.411576,-0.128943,0.020427,0.335368,-0.363075,0.552708,0.750121,-0.931446,-0.194006,-0.307739,-0.024084,-0.8111,0.584294,-0.027682,0.005615,-0.026565,0.034812,0.194442,0.028165,-0.609519,0.054781,0.032588,-0.00897,0.24556,-0.653452,0.716031,0.951328,0.020561,-0.30749,0.186207,0.756688,0.626697,-0.014657,0.00896,-0.016808,0.057358,0.285784,-0.093754,-0.778694,0.083219,0.020483,-0.056006,-0.802303,-0.119858,-0.584758,0.23013,-0.96601,-0.117741,-0.550771,-0.229035,0.802616,0.001324,0.013145,0.001197,0.033451,0.058246,-0.132909,-0.929796
284,0.137947,-0.007001,0.373917,-0.816957,0.007298,-0.576691,0.029586,-0.998054,-0.054636,-0.574953,-0.061714,0.815872,0.002888,0.02785,0.003447,0.037338,-0.038416,0.070046,-1.41443,-0.129968,0.020924,0.334101,-0.356021,0.547418,0.757347,-0.934286,-0.191605,-0.300552,-0.018948,-0.815245,0.578688,-0.027557,0.004584,-0.027432,0.012363,0.309874,0.104002,-0.616693,0.054267,0.032841,-0.0096,0.239912,-0.647545,0.723275,0.953554,0.017403,-0.300716,0.18214,0.761828,0.621645,-0.014557,0.008216,-0.017412,0.035728,0.369289,0.200578,-0.787512,0.083268,0.020954,-0.055884,-0.803107,-0.122792,-0.583043,0.230225,-0.966486,-0.113573,-0.549558,-0.225442,0.804462,0.001428,0.013836,0.001661,0.040086,-0.040186,0.071816,-0.930775
285,0.137999,-0.006073,0.374124,-0.816098,0.009559,-0.577873,0.024655,-0.998358,-0.051426,-0.576403,-0.056236,0.815245,0.002464,0.02508,0.001386,0.036271,-0.026422,0.043855,-1.412714,-0.130905,0.02113,0.333052,-0.344543,0.538209,0.769163,-0.938461,-0.176105,-0.297003,-0.023942,-0.824813,0.564778,-0.0262,-0.005738,-0.018824,-0.003743,0.212371,0.050864,-0.616396,0.053799,0.032946,-0.01013,0.230123,-0.636109,0.736482,0.954715,0.00092,-0.297519,0.188578,0.771597,0.607515,-0.013786,0.002394,-0.013639,0.034415,0.171319,0.014265,-0.790614,0.083295,0.021425,-0.055776,-0.802672,-0.120304,-0.58416,0.225448,-0.967976,-0.11043,-0.552168,-0.220337,0.80409,0.00118,0.007772,0.00558,0.005375,-0.01767,0.055332,-0.929632
286,0.13803,-0.005223,0.37416,-0.814578,0.0089,-0.580025,0.020517,-0.998797,-0.044231,-0.578709,-0.047948,0.81414,0.001836,0.020956,-0.001607,-0.591082,0.297051,-0.398168,-1.411381,-0.131959,0.021153,0.332327,-0.338108,0.533652,0.775171,-0.940554,-0.163111,-0.297804,-0.032039,-0.830426,0.556084,-0.027017,0.000412,-0.013861,0.028896,0.04517,-0.058467,-0.63758,0.053273,0.032947,-0.0105,0.224967,-0.631047,0.742407,0.954084,-0.011982,-0.299296,0.197765,0.775651,0.599377,-0.012795,-0.005067,-0.002682,0.000349,-0.004292,-0.082474,-0.798452,0.083311,0.021854,-0.055754,-0.800796,-0.120005,-0.586789,0.2215,-0.969599,-0.103988,-0.556472,-0.213247,0.803033,0.000937,0.0104,-0.000902,-1.99804,1.317473,-1.526222,-0.929632
287,0.138036,-0.004813,0.37413,-0.813865,0.00606,-0.581062,0.021517,-0.998928,-0.040647,-0.579674,-0.045599,0.813588,-0.011637,0.022095,-0.000631,-0.600129,0.283917,-0.442961,-1.411765,-0.13251,0.021118,0.332141,-0.33566,0.535204,0.775164,-0.941237,-0.157608,-0.298605,-0.037199,-0.830492,0.555663,-0.040547,0.001004,-0.011965,0.028234,0.053145,-0.092452,-0.669434,0.053003,0.03293,-0.010594,0.222392,-0.632357,0.742068,0.953595,-0.017371,-0.300588,0.20297,0.774482,0.599149,-0.012978,-0.003689,-0.001566,-0.003561,0.023949,-0.062988,-0.816087,0.083318,0.022056,-0.055772,-0.799577,-0.122538,-0.587928,0.222483,-0.969747,-0.100458,-0.557831,-0.211128,0.80265,0.000942,0.010412,-0.0009,-2.007661,1.275134,-1.551691,-0.925713
288,0.138051,-0.003927,0.373918,-0.812611,0.004293,-0.58283,0.018536,-0.999259,-0.033294,-0.581532,-0.037871,0.812658,0.001537,0.018982,-0.003042,-0.041823,0.042998,-0.197459,-1.411722,-0.13381,0.020864,0.332076,-0.328078,0.542749,0.773162,-0.943135,-0.141695,-0.300586,-0.053155,-0.82847,0.557381,-0.039717,-0.005134,6.1e-05,0.005109,-0.013499,-0.126533,-0.75102,0.052367,0.032811,-0.010635,0.213485,-0.638339,0.739559,0.952229,-0.033243,-0.303568,0.218365,0.769037,0.600748,-0.019885,-0.002317,0.000251,0.020809,-0.129967,0.035458,-0.847113,0.083325,0.022488,-0.055874,-0.797975,-0.124253,-0.589742,0.219569,-0.971203,-0.092474,-0.56127,-0.203281,0.802278,0.000732,0.009203,-0.001729,-0.642704,0.463794,-0.610726,-0.920488
289,0.138016,-0.003028,0.373578,-0.807557,-0.003216,-0.589819,0.022769,-0.999393,-0.025816,-0.588375,-0.034281,0.807878,0.001354,0.026604,-0.014157,-0.126127,-0.604995,-0.24049,-1.411579,-0.13535,0.020848,0.332265,-0.318884,0.553631,0.769284,-0.944796,-0.121048,-0.304374,-0.074967,-0.824549,0.560681,-0.040594,0.002655,0.006356,1.320596,-0.735872,0.694492,-0.841991,0.051584,0.032791,-0.010542,0.203141,-0.645862,0.735931,0.949989,-0.052054,-0.307912,0.237177,0.761676,0.602988,-0.026972,0.000532,0.003388,4.32564,-2.036215,2.731604,-0.847602,0.083304,0.022947,-0.056042,-0.793183,-0.129757,-0.594997,0.223413,-0.970914,-0.086093,-0.56652,-0.201218,0.799102,0.000745,0.013708,-0.006791,0.066231,-0.068211,0.045382,-0.920978
290,0.13803,-0.002571,0.373345,-0.806252,-0.009463,-0.591535,0.025027,-0.999507,-0.018211,-0.590069,-0.029482,0.80683,0.001278,0.026105,-0.014506,-0.282928,-0.334386,-0.484637,-1.411684,-0.136317,0.02094,0.332427,-0.311799,0.558171,0.768906,-0.946465,-0.111176,-0.302946,-0.083197,-0.822881,0.561968,-0.054142,0.004255,0.009002,1.269391,-0.460774,0.836436,-0.873659,0.051085,0.032838,-0.010458,0.194905,-0.649828,0.734666,0.949405,-0.06306,-0.307654,0.24625,0.75746,0.60466,-0.027118,0.002482,0.004822,1.285389,-0.442743,0.853841,-0.847766,0.083311,0.023175,-0.05616,-0.790304,-0.135376,-0.597572,0.225669,-0.971038,-0.078469,-0.569643,-0.196868,0.797965,0.000579,0.012584,-0.007587,-0.75826,-0.112907,-0.688456,-0.921468
291,0.138047,-0.001614,0.372811,-0.802127,-0.019592,-0.59687,0.030231,-0.999498,-0.007908,-0.595419,-0.024371,0.803063,0.001134,0.025139,-0.015176,-0.632669,0.025767,-0.562897,-1.412199,-0.138553,0.021239,0.332771,-0.293479,0.569408,0.767878,-0.950362,-0.086858,-0.298666,-0.102974,-0.818108,0.56565,-0.067353,0.004103,0.010115,0.106387,0.015948,-0.03762,-0.891034,0.049992,0.032994,-0.010284,0.174277,-0.65707,0.733407,0.948389,-0.088377,-0.304541,0.264921,0.74863,0.607756,-0.027809,0.008859,0.001415,0.418296,-0.110245,0.207569,-0.851685,0.083319,0.023653,-0.056427,-0.783521,-0.144079,-0.604428,0.231052,-0.97055,-0.068162,-0.576808,-0.193061,0.793737,0.000661,0.012881,-0.007412,-2.054975,0.885051,-1.785365,-0.919835
292,0.138041,-0.000738,0.372332,-0.799593,-0.019646,-0.600259,0.02852,-0.999565,-0.005364,-0.5989,-0.021392,0.800555,0.000819,0.014216,-0.006419,-0.013947,-0.154562,-0.050194,-1.412224,-0.140876,0.02166,0.333049,-0.282645,0.570381,0.771212,-0.95241,-0.071136,-0.296293,-0.11376,-0.81895,0.562354,-0.055428,0.018166,0.002986,0.40341,-0.055486,0.276707,-0.892061,0.048805,0.033207,-0.01014,0.163472,-0.655734,0.737081,0.947286,-0.104344,-0.30292,0.275545,0.747746,0.60411,-0.027723,0.009095,0.001539,0.412077,-0.085809,0.257327,-0.855114,0.083316,0.0241,-0.056672,-0.78061,-0.144151,-0.608167,0.229564,-0.971156,-0.064468,-0.581332,-0.189938,0.791186,0.000414,0.007076,-0.003233,-0.010231,-0.148274,-0.046973,-0.920651
293,0.138,-0.00015,0.37202,-0.8012,-0.023002,-0.597992,0.029613,-0.999546,-0.001317,-0.596695,-0.018743,0.802266,-0.012976,0.003712,0.0028,-0.000995,0.014684,-0.029568,-1.413708,-0.143244,0.022276,0.333152,-0.269813,0.564124,0.780356,-0.954913,-0.052449,-0.292104,-0.123491,-0.824673,0.551841,-0.055089,0.016985,0.001911,-0.021677,0.338342,0.1249,-0.893875,0.04762,0.033519,-0.010086,0.152095,-0.647662,0.746592,0.945965,-0.123484,-0.299834,0.286383,0.751854,0.593885,-0.02755,0.008493,0.000991,-0.023608,0.340039,0.125219,-0.852011,0.083301,0.024393,-0.056829,-0.781593,-0.147884,-0.606004,0.230659,-0.971151,-0.060501,-0.579575,-0.187067,0.793156,0.000342,0.006625,-0.003547,0.043995,-0.1012,0.198513,-0.919345
294,0.137991,1.1e-05,0.371973,-0.80106,-0.022578,-0.598196,0.029489,-0.999549,-0.001852,-0.59689,-0.019103,0.802112,0.000534,0.003506,0.002471,0.000851,-0.012896,0.025759,-1.414841,-0.144415,0.022675,0.333101,-0.260481,0.558387,0.78762,-0.956692,-0.039417,-0.288306,-0.129589,-0.829288,0.543462,-0.054829,0.015315,0.000522,-0.076641,0.673502,0.347099,-0.894148,0.047034,0.033721,-0.010109,0.144485,-0.641521,0.753375,0.944938,-0.136472,-0.297434,0.293624,0.754868,0.586479,-0.027414,0.007559,0.000212,-0.100783,0.821342,0.449196,-0.846459,0.083291,0.02447,-0.056855,-0.781556,-0.14745,-0.606157,0.230559,-0.971141,-0.06104,-0.579664,-0.187461,0.792998,0.000308,0.006406,-0.003702,0.035652,-0.013547,0.018633,-0.919998
295,0.137915,0.000153,0.372124,-0.800914,-0.022004,-0.598412,0.028982,-0.999563,-0.002123,-0.59711,-0.019024,0.801951,0.000749,0.004914,0.003458,-0.0,-0.0,-0.0,-1.415904,-0.146468,0.023675,0.332724,-0.252341,0.538076,0.804232,-0.958191,-0.023047,-0.285086,-0.134522,-0.843201,0.520365,-0.042381,0.023519,-0.011136,-0.057733,0.912106,0.276677,-0.892436,0.046023,0.034217,-0.01029,0.140614,-0.621425,0.770752,0.943087,-0.152884,-0.295318,0.301354,0.768412,0.56456,-0.028415,0.016962,-0.009174,0.089541,0.405063,-0.092215,-0.846949,0.083253,0.024541,-0.056779,-0.781533,-0.146814,-0.606342,0.230037,-0.971247,-0.061333,-0.579903,-0.187415,0.792834,0.000392,0.002579,0.001816,-0.000154,-8e-06,0.000216,-0.921794
296,0.137842,0.000221,0.372272,-0.800853,-0.021715,-0.598505,0.028633,-0.999573,-0.002135,-0.597209,-0.018827,0.801882,0.000942,0.006173,0.004339,-0.0,-0.0,-0.0,-1.416876,-0.147345,0.024139,0.332429,-0.246007,0.533025,0.809541,-0.958717,-0.010872,-0.284039,-0.142265,-0.846644,0.512658,-0.042046,0.0202,-0.013782,0.021029,0.405113,-0.027739,-0.893052,0.045584,0.034452,-0.010435,0.134716,-0.613613,0.778029,0.941488,-0.16555,-0.293585,0.30895,0.772056,0.555408,-0.021005,0.009932,-0.006994,0.042964,0.389055,-0.01631,-0.84303,0.083216,0.024572,-0.056708,-0.781532,-0.146509,-0.606416,0.229692,-0.971327,-0.061349,-0.580041,-0.187236,0.792776,-0.006216,-0.000806,0.007736,-0.035749,0.01554,-0.021602,-0.922121
297,0.137735,0.000442,0.372565,-0.800575,-0.020594,-0.598917,0.027593,-0.999602,-0.002599,-0.597631,-0.018588,0.801573,-0.012081,0.009392,0.006769,0.005758,-0.087055,0.17404,-1.417032,-0.148648,0.025027,0.3317,-0.248025,0.518206,0.818497,-0.958463,-0.008402,-0.284978,-0.140465,-0.855809,0.497719,-0.016785,0.032124,-0.023615,0.049315,0.394004,0.060324,-0.897876,0.044934,0.034878,-0.010794,0.140164,-0.601096,0.786788,0.940594,-0.167355,-0.295421,0.30925,0.781457,0.54193,-0.014306,0.009445,-0.008014,-0.020371,0.618572,0.153503,-0.837968,0.083167,0.024681,-0.056563,-0.781496,-0.145466,-0.606714,0.22877,-0.97152,-0.061742,-0.580454,-0.18705,0.792517,0.000607,0.004,0.002807,0.000775,-0.012891,0.025887,-0.919835
298,0.137675,0.0007,0.372784,-0.800344,-0.019714,-0.599255,0.026865,-0.99962,-0.003082,-0.597973,-0.018548,0.801319,0.001017,0.006642,0.004644,0.000854,-0.012878,0.025768,-1.415635,-0.149585,0.0257,0.331209,-0.234549,0.499371,0.834031,-0.959176,0.020605,-0.281943,-0.15766,-0.866717,0.473085,-0.015583,0.021806,-0.015002,-0.016749,0.603724,0.41623,-0.897317,0.044455,0.035222,-0.011051,0.130901,-0.580878,0.803396,0.935424,-0.196067,-0.294175,0.328399,0.790024,0.517702,-0.013734,0.00462,-0.003467,-0.102799,0.962299,0.367205,-0.83258,0.083133,0.024815,-0.05645,-0.781442,-0.144416,-0.607034,0.22797,-0.971672,-0.062304,-0.580841,-0.187073,0.792228,0.000453,0.002975,0.002081,0.000808,-0.012886,0.025851,-0.919508
299,0.13773,0.000863,0.372884,-0.800131,-0.018935,-0.599564,0.026278,-0.999634,-0.003586,-0.598283,-0.018608,0.801086,0.000384,0.002508,0.001751,-0.0,-0.0,-0.0,-1.41571,-0.150414,0.026213,0.330834,-0.225995,0.4806,0.847314,-0.958189,0.047056,-0.282123,-0.175151,-0.876227,0.448789,-0.027455,0.009437,-0.006803,0.10585,0.37563,0.055166,-0.89776,0.044035,0.035486,-0.011245,0.125879,-0.560105,0.818801,0.929371,-0.222134,-0.294829,0.347019,0.798084,0.492584,-0.013721,0.004743,-0.003372,0.108336,0.299127,0.00704,-0.828008,0.083161,0.024902,-0.056395,-0.781391,-0.14357,-0.607301,0.22738,-0.971777,-0.062826,-0.581142,-0.18718,0.791983,0.000208,0.001368,0.000954,-2.7e-05,-1.5e-05,5.7e-05,-0.9151
300,0.137786,0.000909,0.372904,-0.800063,-0.018693,-0.599662,0.026106,-0.999638,-0.003758,-0.598381,-0.018645,0.801011,0.000283,0.001853,0.001293,-0.0,-0.0,-0.0,-1.415193,-0.150765,0.026451,0.330702,-0.221743,0.471279,0.853649,-0.957679,0.059533,-0.281498,-0.183181,-0.880512,0.437043,-0.014429,0.011959,-0.00604,4.654429,-0.802549,2.669299,-0.898394,0.04387,0.035594,-0.011308,0.126964,-0.552219,0.823974,0.927553,-0.228241,-0.295889,0.35146,0.801847,0.483234,-0.007176,0.005521,-0.003372,0.008734,0.139445,0.080635,-0.827191,0.083189,0.024924,-0.056386,-0.781374,-0.143313,-0.607384,0.227211,-0.971805,-0.062999,-0.581231,-0.18723,0.791906,0.00017,0.00112,0.000781,0.000832,-0.012886,0.025814,-0.916242
301,0.137898,0.00096,0.372852,-0.800823,-0.020031,-0.598604,0.026037,-0.999645,-0.00147,-0.597368,-0.016745,0.801809,0.0,1e-06,1e-06,-0.0,0.0,-0.0,-1.416506,-0.151246,0.026689,0.330557,-0.222242,0.465312,0.856788,-0.955716,0.069926,-0.285746,-0.192568,-0.882913,0.428072,-0.0131,-0.001129,0.000335,-0.018145,0.144802,-0.181144,-0.902568,0.043624,0.035726,-0.011382,0.125233,-0.545369,0.828787,0.92235,-0.243745,-0.299763,0.365495,0.801973,0.472496,-0.007144,0.00512,-0.003693,0.032754,-0.01918,-0.02724,-0.830784,0.083245,0.024949,-0.056412,-0.781846,-0.144839,-0.606413,0.227148,-0.971965,-0.060712,-0.580619,-0.185213,0.792827,-1.3e-05,-8.8e-05,-6.3e-05,0.000431,-0.000317,0.000351,-0.914283
302,0.138079,0.001037,0.372743,-0.801478,-0.021033,-0.597692,0.025806,-0.999652,0.000485,-0.596499,-0.015016,0.80249,-0.0,-1e-06,-0.0,-0.0,0.0,-0.0,-1.417128,-0.151783,0.026801,0.330444,-0.22586,0.463401,0.856877,-0.953305,0.075915,-0.292198,-0.200145,-0.883421,0.423524,-0.014287,0.010261,-0.007389,0.460677,-0.139971,0.199864,-0.942573,0.043356,0.035777,-0.011437,0.129725,-0.544548,0.828635,0.91887,-0.248031,-0.306848,0.372621,0.801215,0.468194,-0.006545,-0.000609,0.000152,1.451863,-0.583819,0.839054,-0.839765,0.083335,0.024986,-0.056468,-0.782289,-0.146021,-0.605558,0.226925,-0.972138,-0.058737,-0.580109,-0.183366,0.79363,0.00665,-0.000654,-0.000554,0.003687,-0.016612,0.03151,-0.915426
303,0.138392,0.001156,0.372588,-0.80205,-0.021776,-0.596897,0.025471,-0.999659,0.002156,-0.595745,-0.013454,0.803078,0.013301,-0.001253,-0.001067,0.000983,-0.014714,0.029552,-1.418768,-0.152366,0.02689,0.330418,-0.230442,0.463838,0.855419,-0.951445,0.076991,-0.297924,-0.203732,-0.883099,0.422483,-0.01315,-0.000259,0.001015,1.447011,1.304028,-1.768831,-0.989463,0.043069,0.03582,-0.011451,0.131625,-0.546836,0.826827,0.9175,-0.248595,-0.310472,0.375322,0.79948,0.469002,-0.006588,8.9e-05,0.00069,0.003944,-0.022539,-0.052464,-0.843847,0.083487,0.025042,-0.056542,-0.782705,-0.146955,-0.604794,0.226613,-0.972314,-0.057019,-0.579671,-0.181683,0.794337,0.006651,-0.000634,-0.000542,0.004713,-0.01734,0.03223,-0.917059
304,0.138577,0.001303,0.372443,-0.802652,-0.02264,-0.596055,0.025248,-0.999659,0.003882,-0.594943,-0.011912,0.803696,0.013554,0.009284,-0.010074,0.036475,-0.028425,0.047552,-1.421622,-0.152626,0.026928,0.330435,-0.232635,0.468427,0.85232,-0.950527,0.076021,-0.301086,-0.205513,-0.880762,0.42648,-0.013202,0.000614,0.001704,0.047396,-0.38836,-0.301934,-1.00982,0.042934,0.035842,-0.011446,0.134793,-0.549427,0.824596,0.91616,-0.24791,-0.314943,0.377465,0.797915,0.469947,-0.00662,0.000549,0.001049,0.063992,-0.631083,-0.474013,-0.842051,0.083574,0.025111,-0.056611,-0.783121,-0.148004,-0.603999,0.22641,-0.972462,-0.055263,-0.579188,-0.180029,0.795065,0.006784,0.004659,-0.00503,0.039463,-0.030524,0.0497,-0.919508
305,0.139199,0.001865,0.371844,-0.801519,-0.02841,-0.597332,0.026448,-0.999564,0.011964,-0.596416,-0.006181,0.802668,0.027283,0.028855,-0.02931,0.067438,-0.084241,-0.115413,-1.452653,-0.153256,0.027036,0.330515,-0.234351,0.470544,0.850682,-0.949913,0.075295,-0.303201,-0.206401,-0.879698,0.428245,-0.013319,0.002659,0.003314,-0.001797,0.013175,-0.030618,-1.052962,0.042619,0.035894,-0.011407,0.136351,-0.553165,0.821837,0.915491,-0.246622,-0.317886,0.378527,0.795729,0.472791,-0.007271,0.00746,-0.001847,0.049203,-0.10367,0.190906,-0.8445,0.083884,0.025388,-0.056907,-0.780693,-0.153249,-0.605831,0.22745,-0.972651,-0.04706,-0.582051,-0.174536,0.794199,0.006886,0.009818,-0.009604,0.043487,-0.150741,0.015513,-0.924897
306,0.140065,0.002869,0.370888,-0.800898,-0.040474,-0.597469,0.030549,-0.999164,0.026646,-0.597053,0.003131,0.802212,0.027309,0.029505,-0.028821,0.060902,-0.102741,-0.125079,-1.48315,-0.153898,0.027189,0.330658,-0.230738,0.472458,0.850608,-0.949582,0.081391,-0.302659,-0.21191,-0.878129,0.428773,-0.013346,0.003363,0.003859,0.422997,-0.151269,0.20795,-1.067199,0.042298,0.035972,-0.011335,0.13268,-0.554065,0.821831,0.914108,-0.252121,-0.317553,0.383147,0.793376,0.473024,-0.013194,0.000729,0.001801,1.439958,-0.583532,0.818409,-0.847113,0.084317,0.02589,-0.057385,-0.77764,-0.164944,-0.606686,0.231432,-0.972314,-0.032295,-0.584563,-0.16552,0.794284,0.013675,0.014801,-0.014388,0.075089,-0.202767,0.05346,-0.92653
307,0.140991,0.00391,0.369922,-0.801331,-0.051012,-0.59608,0.035234,-0.998641,0.038008,-0.596214,0.009511,0.802785,0.027192,0.020261,-0.018916,0.067955,-0.071282,0.087814,-1.498914,-0.154478,0.027306,0.330765,-0.225833,0.477944,0.848858,-0.950977,0.080858,-0.298393,-0.210942,-0.87521,0.43517,-0.013283,0.002507,0.003174,-0.009589,-0.278275,-0.151341,-1.06795,0.042008,0.036033,-0.01128,0.126279,-0.557557,0.820476,0.915582,-0.252815,-0.312718,0.381788,0.790704,0.478564,-0.006662,0.001545,0.001826,-0.098045,-0.55866,-0.115414,-0.846786,0.08478,0.026412,-0.057873,-0.775858,-0.175627,-0.605968,0.236145,-0.971495,-0.020783,-0.585046,-0.159221,0.795216,0.01374,0.015502,-0.013882,0.120716,0.022917,-0.027257,-0.932245
308,0.141542,0.004357,0.369503,-0.801488,-0.056,-0.595421,0.037226,-0.998336,0.043697,-0.595882,0.01292,0.802984,0.02714,0.020144,-0.018991,0.012334,0.059494,-0.127476,-1.507435,-0.154691,0.027397,0.330831,-0.225362,0.478211,0.848833,-0.951052,0.081139,-0.298077,-0.211108,-0.875039,0.435435,-0.000308,0.00538,0.004237,0.002422,-0.019661,0.02141,-1.067862,0.041897,0.036073,-0.01125,0.126049,-0.558761,0.819693,0.915448,-0.252815,-0.313111,0.382185,0.789854,0.47965,-0.00668,0.001934,0.00213,-0.00184,0.030011,-0.019505,-0.847113,0.085056,0.026637,-0.058082,-0.775008,-0.180402,-0.605654,0.237945,-0.971159,-0.015208,-0.585443,-0.155899,0.795582,0.020344,0.014927,-0.014384,-0.060529,0.067755,0.008292,-0.931102
309,0.142734,0.005003,0.368955,-0.803805,-0.060515,-0.591845,0.03856,-0.998011,0.049586,-0.59267,0.017104,0.80528,0.040429,0.010806,-0.009418,0.03845,-0.057809,0.106676,-1.522811,-0.155009,0.027604,0.330997,-0.223309,0.476475,0.85035,-0.95166,0.082201,-0.295838,-0.210553,-0.875885,0.434001,-0.013348,0.003992,0.004326,-0.016402,0.128171,0.047188,-1.067166,0.041743,0.036181,-0.011165,0.124283,-0.556597,0.821433,0.91584,-0.254215,-0.310822,0.381823,0.790931,0.47816,-0.000171,0.002977,0.002344,-0.016143,0.130049,0.122983,-0.848419,0.085647,0.026961,-0.05836,-0.776589,-0.185578,-0.602053,0.239296,-0.9709,-0.009395,-0.58279,-0.151365,0.7984,0.013658,0.006346,-0.003959,0.037627,0.03225,-0.069242,-0.925877
310,0.143349,0.005266,0.368822,-0.805677,-0.058449,-0.589503,0.03288,-0.997989,0.053923,-0.590469,0.024127,0.806717,0.027462,0.014165,-0.006868,-0.261314,0.075313,0.301907,-1.531125,-0.155114,0.027715,0.331081,-0.222673,0.476791,0.850341,-0.951773,0.082542,-0.295381,-0.210718,-0.875681,0.434331,-0.000309,0.005514,0.004328,0.001739,-0.01429,0.025044,-1.065042,0.041685,0.036235,-0.011123,0.123629,-0.556619,0.821517,0.915909,-0.254577,-0.310322,0.38187,0.7908,0.47834,-0.00667,0.001937,0.002121,-0.001592,0.003725,-0.03793,-0.848746,0.085959,0.02709,-0.058429,-0.778723,-0.184306,-0.599683,0.23411,-0.972195,-0.005212,-0.582049,-0.14445,0.800219,0.020455,0.007216,-0.003467,-0.941506,0.025285,1.490067,-0.925713
311,0.144726,0.005791,0.368662,-0.807477,-0.060717,-0.586804,0.031893,-0.997719,0.059257,-0.588061,0.029202,0.808306,0.040955,0.015762,-0.006014,0.039273,-0.070985,0.132292,-1.559482,-0.155144,0.027907,0.331233,-0.220436,0.475064,0.851888,-0.952424,0.083643,-0.292961,-0.210127,-0.876513,0.432937,-0.000268,0.004786,0.00375,-9.5e-05,0.000733,0.000496,-1.063251,0.04167,0.036333,-0.011045,0.121778,-0.554604,0.823154,0.91633,-0.255904,-0.30798,0.381456,0.791787,0.477036,-0.00016,0.002806,0.0022,0.002447,-0.024925,0.017221,-0.848746,0.086643,0.027352,-0.058509,-0.780146,-0.186784,-0.597061,0.232696,-0.972548,0.000201,-0.580709,-0.138777,0.802194,0.020481,0.007866,-0.003038,0.042852,-0.073695,0.135245,-0.931428
312,0.146323,0.006421,0.368289,-0.810445,-0.064464,-0.582295,0.030213,-0.997196,0.068255,-0.584056,0.037798,0.810849,0.040611,0.023283,-0.017069,0.058739,-0.059847,0.112993,-1.594193,-0.155119,0.02813,0.331366,-0.21869,0.473089,0.853436,-0.952964,0.08456,-0.290934,-0.209503,-0.877491,0.431255,-0.001344,0.01508,-0.004834,0.036505,-0.009994,0.018391,-1.061228,0.041683,0.036442,-0.010974,0.120497,-0.552453,0.824788,0.916682,-0.256966,-0.306041,0.381016,0.792946,0.47546,-0.00012,0.002132,0.001667,0.000335,-0.004336,-0.003149,-0.848746,0.087442,0.027671,-0.058687,-0.782302,-0.191338,-0.592783,0.230936,-0.972924,0.009272,-0.578507,-0.129642,0.805308,0.020279,0.006737,-0.003838,-0.007131,-0.036893,0.096167,-0.934858
313,0.1481,0.007329,0.36769,-0.814556,-0.071111,-0.575749,0.030378,-0.996319,0.079985,-0.578306,0.047743,0.814438,0.040715,0.025353,-0.015652,0.068905,0.008489,-0.025842,-1.634426,-0.155063,0.028322,0.33146,-0.216704,0.47121,0.854981,-0.953539,0.085611,-0.288734,-0.208952,-0.878398,0.429674,-0.000232,0.004119,0.003217,-0.002816,0.020243,0.048434,-1.059238,0.041711,0.03654,-0.010932,0.118856,-0.550071,0.826616,0.917049,-0.258343,-0.303774,0.380648,0.794153,0.473736,-9.1e-05,0.001583,0.001235,-0.004106,0.016307,0.00932,-0.848582,0.088314,0.028107,-0.05898,-0.784974,-0.198944,-0.586716,0.230805,-0.972772,0.021052,-0.57493,-0.118892,0.809518,0.026911,0.011738,-0.008629,0.081174,-0.090102,0.159058,-0.937797
314,0.148962,0.007827,0.367361,-0.8168,-0.075154,-0.572044,0.031184,-0.995775,0.086203,-0.575092,0.052658,0.816409,0.040691,0.025818,-0.015337,0.06893,0.008776,-0.025695,-1.653368,-0.155076,0.028391,0.331515,-0.216531,0.471291,0.85498,-0.95357,0.085697,-0.288605,-0.208988,-0.878345,0.429762,-0.000222,0.003931,0.003068,0.001892,-0.015496,0.024228,-1.058495,0.041709,0.036573,-0.010906,0.118713,-0.550312,0.826476,0.917047,-0.258369,-0.303759,0.380699,0.793978,0.47399,-0.000102,0.00178,0.001389,0.000527,-0.007721,-0.005675,-0.848419,0.088761,0.028369,-0.059154,-0.786342,-0.203567,-0.583288,0.231546,-0.972442,0.027231,-0.572757,-0.113645,0.811808,0.026923,0.012235,-0.00829,0.07921,-0.012826,0.010857,-0.938613
315,0.150713,0.008926,0.366626,-0.822851,-0.080918,-0.562506,0.028265,-0.994409,0.101607,-0.566561,0.067802,0.821242,0.040434,0.025039,-0.015883,-0.101092,0.147788,-0.182125,-1.678549,-0.155018,0.028571,0.331637,-0.214547,0.46941,0.856513,-0.954156,0.086669,-0.28637,-0.208363,-0.879255,0.428203,-0.00024,0.004242,0.003306,-0.000135,0.001013,0.000686,-1.056849,0.041733,0.036662,-0.010846,0.117161,-0.548121,0.828152,0.91743,-0.259555,-0.301581,0.380254,0.795106,0.472453,0.006389,0.002694,0.001508,0.002715,-0.025793,0.02142,-0.847766,0.089621,0.028907,-0.059511,-0.790937,-0.210428,-0.574576,0.228334,-0.972679,0.041911,-0.567698,-0.098046,0.817377,0.020302,0.012902,-0.007743,-1.80751,1.393826,-1.483115,-0.931102
316,0.152362,0.009877,0.366094,-0.827551,-0.084249,-0.555073,0.025379,-0.993276,0.112827,-0.559818,0.07938,0.824821,0.053589,0.025759,-0.015683,0.070378,-0.005077,0.004734,-1.693282,-0.155029,0.028751,0.331777,-0.213901,0.469705,0.856513,-0.954272,0.086989,-0.285885,-0.208494,-0.879067,0.428526,-0.000272,0.004805,0.003738,-0.0,0.0,0.0,-1.056097,0.041728,0.036751,-0.010776,0.116645,-0.548355,0.828069,0.917457,-0.259807,-0.301283,0.380349,0.794862,0.472787,-0.000144,0.002498,0.001943,0.002063,-0.016226,0.023826,-0.847439,0.090441,0.029384,-0.059781,-0.795003,-0.215598,-0.566998,0.225353,-0.972783,0.053922,-0.563192,-0.084907,0.821952,0.020157,0.007664,-0.003246,0.041473,0.030068,-0.06249,-0.930285
317,0.153177,0.010212,0.365931,-0.829117,-0.087034,-0.552301,0.026099,-0.992755,0.117166,-0.557467,0.082831,0.826073,0.053324,0.014145,-0.007551,0.039493,-0.072003,0.136466,-1.697457,-0.155016,0.028864,0.331863,-0.214577,0.466441,0.858126,-0.954038,0.088118,-0.286324,-0.208874,-0.880687,0.425,-0.000357,0.006289,0.004888,-0.010972,0.079968,0.088913,-1.056089,0.041734,0.036809,-0.010732,0.117754,-0.545295,0.829931,0.917013,-0.261005,-0.3016,0.381077,0.796573,0.469308,-0.000184,0.003196,0.002483,-0.011967,0.07245,0.085276,-0.847439,0.090884,0.029574,-0.059873,-0.795958,-0.218798,-0.564426,0.226036,-0.972379,0.058182,-0.561567,-0.081271,0.823429,0.026672,0.007102,-0.003782,0.045507,-0.076362,0.140676,-0.92702
318,0.154869,0.010541,0.365864,-0.832546,-0.088283,-0.546917,0.025022,-0.992203,0.121974,-0.552387,0.087967,0.828949,0.039862,-0.007482,0.010087,-0.021296,0.114832,-0.07803,-1.698758,-0.155001,0.029127,0.332089,-0.212686,0.464521,0.859637,-0.954618,0.088955,-0.284121,-0.208156,-0.881616,0.423424,-0.000414,0.007276,0.005641,-0.027414,0.200217,0.170397,-1.05591,0.041742,0.036939,-0.01062,0.11648,-0.543862,0.831051,0.917323,-0.261841,-0.299927,0.380722,0.797278,0.468398,-0.000208,0.003574,0.002769,-0.040392,0.340593,0.235779,-0.844827,0.0917,0.029741,-0.05991,-0.799174,-0.221055,-0.558975,0.224983,-0.972332,0.062862,-0.557406,-0.075523,0.826797,0.019985,0.001803,0.000765,0.012838,0.101463,-0.052442,-0.920161
319,0.156345,0.010558,0.365997,-0.836776,-0.082012,-0.54141,0.020423,-0.992705,0.11871,-0.546157,0.088372,0.833025,0.039788,0.002267,0.000635,0.072154,0.166647,0.199385,-1.698064,-0.15503,0.029472,0.33237,-0.21079,0.462608,0.861135,-0.955189,0.089808,-0.281925,-0.207467,-0.882533,0.421848,-0.000543,0.009529,0.007362,-0.009217,0.065603,0.079185,-1.054907,0.041728,0.037106,-0.010484,0.114849,-0.540984,0.833153,0.917805,-0.263092,-0.297349,0.380057,0.798823,0.466302,-0.000286,0.004917,0.003798,-0.013654,0.09612,0.099552,-0.84352,0.092454,0.029748,-0.059839,-0.804376,-0.216317,-0.55334,0.220753,-0.973502,0.059669,-0.551585,-0.074155,0.830815,0.019903,-0.00391,0.004886,0.06093,0.223846,0.23544,-0.921468
320,0.157781,0.010352,0.366171,-0.840148,-0.07423,-0.537295,0.015281,-0.993434,0.113256,-0.54113,0.087028,0.836439,0.039463,-0.011502,0.007289,0.015261,0.11669,0.147854,-1.70068,-0.155051,0.029855,0.332715,-0.209535,0.463183,0.861132,-0.955432,0.090329,-0.280933,-0.207619,-0.882178,0.422514,-0.000638,0.011174,0.0086,0.001949,-0.015921,0.02394,-1.053009,0.041717,0.037301,-0.010309,0.113527,-0.54137,0.833084,0.917943,-0.263652,-0.296422,0.380118,0.798376,0.467016,-0.000335,0.005776,0.004446,0.004175,-0.033822,0.046559,-0.840254,0.093172,0.029652,-0.059753,-0.809415,-0.209442,-0.548616,0.21572,-0.974964,0.053938,-0.546178,-0.074689,0.834332,0.013174,-0.000104,-0.000407,0.052288,0.13376,0.148518,-0.922121
321,0.15853,0.010185,0.366243,-0.841145,-0.071174,-0.536147,0.013052,-0.993682,0.111337,-0.53964,0.086735,0.837432,0.039392,-0.001859,-0.00222,0.041198,0.074847,0.150998,-1.702746,-0.155062,0.030049,0.332876,-0.208845,0.463498,0.86113,-0.955559,0.090643,-0.280401,-0.207732,-0.881981,0.42287,-0.000595,0.010429,0.008011,0.001952,-0.01594,0.023927,-1.053539,0.041712,0.0374,-0.010227,0.112791,-0.541556,0.833063,0.918003,-0.264011,-0.295919,0.380195,0.798132,0.467372,-0.000311,0.005358,0.004115,0.002098,-0.016243,0.023836,-0.838132,0.093546,0.029565,-0.059714,-0.810988,-0.206706,-0.547329,0.213527,-0.975549,0.052042,-0.544705,-0.074664,0.835297,0.019677,-0.006401,0.003171,0.007887,0.100049,0.141755,-0.922121
322,0.160046,0.009841,0.366368,-0.842966,-0.064564,-0.534121,0.008156,-0.994189,0.107204,-0.536892,0.086087,0.839263,0.039422,-0.012497,0.006577,-0.013018,0.03059,0.102613,-1.70401,-0.155085,0.030446,0.333181,-0.204936,0.465454,0.861014,-0.956574,0.091068,-0.276778,-0.206955,-0.880908,0.42548,-0.000586,0.010249,0.007844,0.001952,-0.015941,0.023927,-1.055069,0.0417,0.037599,-0.010074,0.108541,-0.542695,0.832887,0.918924,-0.264827,-0.29231,0.379206,0.797087,0.469951,-0.000304,0.005232,0.004005,0.017541,-0.124126,0.18671,-0.840581,0.094304,0.029393,-0.059657,-0.814221,-0.200608,-0.544792,0.208743,-0.976805,0.047709,-0.541727,-0.074877,0.837212,0.019697,-0.000957,-0.001168,0.010186,-0.004059,0.117694,-0.916732
323,0.161553,0.009551,0.366455,-0.846043,-0.056242,-0.530181,0.002463,-0.994818,0.1015,-0.532092,0.084631,0.842462,0.039379,-0.00233,-0.002592,0.024376,0.024777,0.124645,-1.713036,-0.155095,0.030812,0.333496,-0.199362,0.468349,0.860753,-0.958204,0.090764,-0.271186,-0.204859,-0.879407,0.42958,-0.000531,0.009264,0.007064,0.001952,-0.015939,0.023928,-1.054473,0.041695,0.037781,-0.009917,0.10236,-0.544434,0.832534,0.920597,-0.265224,-0.28663,0.376859,0.795768,0.474056,-0.000267,0.004571,0.003487,0.005107,-0.013098,0.020336,-0.840908,0.095058,0.029245,-0.05961,-0.819013,-0.193296,-0.540234,0.203267,-0.978228,0.041852,-0.536562,-0.075535,0.840472,0.019695,-0.006615,0.003001,-0.026573,-0.096031,0.273626,-0.916732
324,0.16235,0.009416,0.366462,-0.848328,-0.051661,-0.526988,-0.000409,-0.995161,0.098113,-0.528453,0.083505,0.844862,0.039352,-0.002763,-0.002902,0.025319,0.028318,0.126473,-1.722174,-0.155083,0.030943,0.333619,-0.199068,0.468479,0.86075,-0.958263,0.090863,-0.270941,-0.204865,-0.879327,0.42974,-0.000451,0.007859,0.005985,0.001952,-0.015938,0.023929,-1.055629,0.041701,0.037852,-0.009852,0.102204,-0.544465,0.832533,0.920615,-0.265287,-0.286511,0.376855,0.795726,0.474129,0.006249,0.004193,0.002617,0.004493,-0.030766,0.052722,-0.844337,0.095471,0.029176,-0.059607,-0.822223,-0.189356,-0.536742,0.20043,-0.978957,0.038331,-0.532706,-0.076063,0.842874,0.01967,-0.001443,-0.00152,-0.004495,-0.035054,0.108976,-0.922448
325,0.164056,0.009302,0.366398,-0.852764,-0.042362,-0.520619,-0.006136,-0.99582,0.090976,-0.521238,0.080821,0.849592,0.039475,-0.001191,-0.001856,0.103946,0.287926,0.26193,-1.727751,-0.155142,0.03113,0.333753,-0.195254,0.473362,0.85895,-0.959333,0.089867,-0.267464,-0.203528,-0.876816,0.435469,-0.000215,0.003754,0.002854,0.004672,-0.034802,0.011142,-1.056132,0.041671,0.037949,-0.009782,0.097531,-0.548668,0.830331,0.921851,-0.264618,-0.283136,0.375069,0.793057,0.479982,-0.00653,0.000677,0.001092,0.002367,0.024154,-0.027789,-0.847113,0.096289,0.029118,-0.059639,-0.827294,-0.182437,-0.531318,0.195485,-0.980178,0.032179,-0.526658,-0.077244,0.84656,0.019746,-0.0005,-0.000889,0.218106,0.579299,0.375166,-0.924897
326,0.165735,0.009345,0.366271,-0.854721,-0.044073,-0.517257,-0.008677,-0.995034,0.099016,-0.517991,0.089167,0.850742,0.03938,0.009615,-0.010594,-0.141741,0.062321,-0.015857,-1.728574,-0.155251,0.031156,0.333783,-0.194395,0.476734,0.857278,-0.959588,0.088869,-0.266881,-0.203147,-0.875092,0.439098,-2e-06,4e-05,3.1e-05,5.5e-05,-0.000386,-0.000261,-1.057833,0.041616,0.037964,-0.009765,0.095968,-0.551501,0.828635,0.922305,-0.26382,-0.282403,0.374356,0.791356,0.483334,8e-06,-0.000147,-0.00011,-0.000416,0.007868,0.005285,-0.848746,0.097148,0.029136,-0.059699,-0.829635,-0.183868,-0.527158,0.192272,-0.980549,0.039412,-0.524152,-0.06866,0.848851,0.019742,-0.000503,-0.00091,-0.661188,0.385792,-0.365509,-0.925713
327,0.167395,0.009612,0.366045,-0.856679,-0.045903,-0.513848,-0.010778,-0.994221,0.106681,-0.514711,0.096979,0.851878,0.039679,0.002562,0.000652,-2.00278,1.25273,-1.258934,-1.731354,-0.155274,0.031048,0.333715,-0.194484,0.476703,0.857276,-0.959579,0.088801,-0.266939,-0.203108,-0.875116,0.439069,0.000213,-0.003757,-0.002858,-0.001951,0.015938,-0.023929,-1.058258,0.041605,0.037912,-0.009798,0.096022,-0.551419,0.828683,0.922317,-0.263783,-0.282398,0.374313,0.791425,0.483254,8.7e-05,-0.001551,-0.001179,0.013417,-0.109846,0.165228,-0.849725,0.097978,0.029267,-0.059821,-0.830716,-0.184892,-0.525094,0.190049,-0.980757,0.044673,-0.523249,-0.062684,0.84987,0.019758,0.006201,-0.004382,0.043493,-0.058989,0.109088,-0.927183
328,0.168137,0.009816,0.365933,-0.856978,-0.045725,-0.513364,-0.011706,-0.99407,0.107978,-0.514193,0.098594,0.852005,0.039702,0.003351,0.001177,-0.002023,0.036008,-0.0614,-1.732075,-0.155251,0.030993,0.333672,-0.194188,0.476831,0.857271,-0.959627,0.08895,-0.266715,-0.203163,-0.875031,0.439213,0.000201,-0.003534,-0.00269,-0.001951,0.015938,-0.023929,-1.059109,0.041616,0.03788,-0.009822,0.095727,-0.55148,0.828677,0.922334,-0.263939,-0.282196,0.374346,0.791331,0.483383,0.000104,-0.001817,-0.001383,-0.001978,0.01596,-0.023917,-0.849888,0.098349,0.029369,-0.059876,-0.831487,-0.186238,-0.523395,0.189127,-0.980752,0.048522,-0.522358,-0.058643,0.850706,0.013198,0.006851,-0.003757,0.044344,-0.045415,0.081021,-0.92702
329,0.169542,0.01026,0.3657,-0.858998,-0.047875,-0.50978,-0.013317,-0.993191,0.115609,-0.510777,0.106149,0.85315,0.02632,0.013573,-0.007566,-0.1432,0.075972,-0.045818,-1.731071,-0.155268,0.030948,0.333652,-0.193127,0.477315,0.857242,-0.959804,0.089458,-0.265909,-0.203341,-0.874716,0.439758,-2.2e-05,0.000385,0.000293,0.0,-0.0,-0.0,-1.059413,0.041608,0.03785,-0.009838,0.094591,-0.55174,0.828634,0.922406,-0.264514,-0.281421,0.374457,0.790958,0.483908,-2e-05,0.000344,0.000261,8e-06,2.9e-05,-1.9e-05,-0.850542,0.099066,0.029596,-0.059989,-0.833015,-0.189007,-0.519963,0.187456,-0.980666,0.056156,-0.520524,-0.050692,0.85234,0.013166,0.006828,-0.003775,-0.155081,0.083772,-0.054481,-0.92506
