frame,MLTx,MLTy,MLTz,MLTR1,MLTR2,MLTR3,MLTR4,MLTR5,MLTR6,MLTR7,MLTR8,MLTR9,MLTTVx,MLTTVy,MLTTVz,MLTRVx,MLTRVy,MLTRVz,MLGA,MRTx,MRTy,MRTz,MRTR1,MRTR2,MRTR3,MRTR4,MRTR5,MRTR6,MRTR7,MRTR8,MRTR9,MRTTVx,MRTTVy,MRTTVz,MRTRVx,MRTRVy,MRTRVz,MRGA,SLTx,SLTy,SLTz,SLTR1,SLTR2,SLTR3,SLTR4,SLTR5,SLTR6,SLTR7,SLTR8,SLTR9,SLTTVx,SLTTVy,SLTTVz,SLTRVx,SLTRVy,SLTRVz,SLGA,SRTx,SRTy,SRTz,SRTR1,SRTR2,SRTR3,SRTR4,SRTR5,SRTR6,SRTR7,SRTR8,SRTR9,SRTTVx,SRTTVy,SRTTVz,SRTRVx,SRTRVy,SRTRVz,SRGA
1106,0.094712,-0.018609,0.323806,0.099621,-0.623472,-0.775503,0.080935,-0.771725,0.630764,-0.991865,-0.124833,-0.02545,-0.00088,-0.011005,0.00836,-0.031711,0.023406,-0.012739,-1.438339,-0.199556,0.006712,0.289729,-0.839469,0.104108,0.533334,-0.451388,-0.680209,-0.577493,0.303719,-0.725624,0.617323,-0.000657,0.009299,-0.009942,0.03622,-0.014267,0.016002,0.123586,0.026326,0.057025,-0.013203,0.843747,-0.083407,0.53022,0.433746,0.687829,-0.582026,-0.316157,0.721064,0.616531,-0.00752,0.004269,-0.004936,0.034784,0.001057,-0.01355,-0.075891,0.049976,0.041417,-0.044713,-0.129475,0.619595,-0.774169,-0.124467,0.76441,0.632601,0.983739,0.178265,-0.021853,-2.1e-05,-6.7e-05,-7.3e-05,-0.012755,-0.014898,-0.010202,-0.916079
1107,0.094878,-0.018623,0.323786,0.097402,-0.622323,-0.776706,0.082351,-0.772706,0.629377,-0.991966,-0.124497,-0.023043,4e-06,1.2e-05,1.3e-05,0.001841,0.00359,0.002036,-1.534417,-0.200177,0.007197,0.289287,-0.840204,0.108006,0.531398,-0.450594,-0.684421,-0.573121,0.302862,-0.721084,0.623037,-0.014943,0.009543,-0.008784,0.02878,-0.056645,-0.055576,0.168413,0.026009,0.057276,-0.013429,0.844712,-0.087355,0.528042,0.432721,0.692079,-0.577735,-0.314979,0.716516,0.622408,-0.007459,0.004802,-0.004344,0.037318,-0.034205,-0.041539,0.000855,0.050065,0.041405,-0.04472,-0.127263,0.618579,-0.775347,-0.125866,0.765312,0.631233,0.98385,0.177923,-0.019538,0.007305,-0.001233,-0.000853,-0.009027,-0.027341,0.02117,-0.921468
1108,0.095047,-0.018631,0.323773,0.095189,-0.621155,-0.777914,0.083764,-0.773698,0.62797,-0.99206,-0.12417,-0.020644,5e-06,1.8e-05,1.9e-05,0.004873,0.009518,0.005398,-1.59641,-0.200921,0.007872,0.288743,-0.841965,0.113998,0.527344,-0.448213,-0.692027,-0.565807,0.3015,-0.71286,0.63308,-0.015018,0.00865,-0.00978,-2.302305,-0.770018,1.24878,0.204245,0.025643,0.057613,-0.013695,0.847031,-0.091847,0.523547,0.429716,0.698058,-0.572764,-0.312859,0.710125,0.630745,-0.014865,0.010043,-0.008224,0.073053,0.007882,-0.060058,0.055884,0.050149,0.041402,-0.044726,-0.12494,0.617515,-0.776572,-0.127388,0.766243,0.629796,0.983952,0.177612,-0.01707,2e-06,1e-06,-3e-06,-0.010903,-0.010931,-0.007988,-0.921468
1109,0.095112,-0.018651,0.323771,0.094432,-0.623212,-0.77636,0.084401,-0.77203,0.629935,-0.992077,-0.124242,-0.019334,0.0,0.0,0.0,7.7e-05,0.000137,1.9e-05,-1.616964,-0.201363,0.008229,0.288406,-0.845012,0.114686,0.522296,-0.44453,-0.69371,-0.566651,0.298404,-0.711113,0.636503,-0.029798,0.019471,-0.017169,0.042256,-0.260058,-0.220414,0.216354,0.025417,0.057797,-0.013865,0.849293,-0.093871,0.519507,0.426833,0.701191,-0.57109,-0.310666,0.706766,0.635584,-0.0149,0.009615,-0.008701,0.042676,-0.308856,-0.263581,0.078908,0.050182,0.041392,-0.044727,-0.124475,0.619704,-0.774901,-0.127807,0.764455,0.63188,0.983956,0.177691,-0.015953,-1e-06,-6e-06,-9e-06,-0.004196,-0.006166,0.002938,-0.924897
1110,0.095212,-0.01867,0.323772,0.091328,-0.62435,-0.775817,0.086382,-0.771174,0.630714,-0.992194,-0.123847,-0.015527,1e-06,2e-06,2e-06,0.019677,0.033051,-0.005547,-1.647692,-0.202351,0.008833,0.28763,-0.84895,0.118422,0.515026,-0.440063,-0.698197,-0.564623,0.2938,-0.706095,0.644185,-0.015934,0.015177,-0.022816,0.045718,-0.217025,-0.18429,0.227702,0.024929,0.058096,-0.014241,0.85328,-0.097584,0.51224,0.422284,0.705622,-0.56901,-0.305922,0.701836,0.643301,-0.015121,0.007421,-0.011148,0.040039,-0.288876,-0.284643,0.104218,0.050232,0.041382,-0.044726,-0.121235,0.620944,-0.774422,-0.129944,0.763535,0.632557,0.984081,0.177319,-0.011878,-2e-06,-6e-06,-8e-06,-0.001166,0.006711,-0.016248,-0.931592
1111,0.095266,-0.018698,0.323791,0.086381,-0.622906,-0.777542,0.088926,-0.772529,0.6287,-0.992406,-0.122682,-0.010367,0.0,1e-06,1e-06,0.07826,0.153054,0.086779,-1.668883,-0.203453,0.009209,0.286833,-0.852306,0.118422,0.509452,-0.436606,-0.697584,-0.568055,0.289193,-0.706701,0.645603,-0.016133,0.013401,-0.02484,0.060062,-0.049031,-0.095687,0.235569,0.024378,0.058284,-0.01464,0.857007,-0.097633,0.505968,0.418414,0.70496,-0.572678,-0.300776,0.702494,0.645007,-0.014984,0.001231,-0.007934,0.026108,-0.017522,-0.102238,0.118425,0.050259,0.041368,-0.044717,-0.116663,0.619812,-0.776029,-0.132358,0.764692,0.630655,0.984312,0.176288,-0.007174,0.007299,-0.001246,-0.000868,0.10982,0.188177,0.14651,-0.935184
1112,0.095289,-0.018712,0.323808,0.083067,-0.6244,-0.776704,0.09082,-0.771416,0.629794,-0.992513,-0.122085,-0.0064,0.014618,-0.00244,-0.001679,0.03636,0.054452,0.068764,-1.675209,-0.204041,0.009344,0.286467,-0.854008,0.118231,0.506639,-0.43468,-0.697417,-0.569734,0.287058,-0.706898,0.64634,-0.030022,0.002381,-0.016038,0.008511,-0.177516,-0.223491,0.241644,0.024089,0.058352,-0.01483,0.858166,-0.097289,0.504067,0.417087,0.704595,-0.574092,-0.299311,0.702907,0.645238,-0.015023,0.000969,-0.008244,-0.005881,-0.269828,-0.33116,0.125119,0.050265,0.041362,-0.044708,-0.112949,0.621395,-0.775313,-0.134445,0.763572,0.631571,0.984462,0.175572,-0.002701,3e-06,1.4e-05,1.5e-05,0.019847,0.054596,0.030371,-0.938123
1113,0.095317,-0.018764,0.323829,0.075649,-0.622183,-0.779238,0.094592,-0.77348,0.626701,-0.992744,-0.120351,0.001315,-2.6e-05,-8.7e-05,-9.4e-05,0.08034,0.15708,0.089019,-1.685043,-0.20524,0.009537,0.285865,-0.855946,0.117437,0.503545,-0.432314,-0.696958,-0.572092,0.284847,-0.707482,0.646679,-0.02978,0.004762,-0.013442,0.028273,0.011374,-0.08198,0.252619,0.0235,0.058442,-0.015131,0.860573,-0.096514,0.500097,0.414112,0.70422,-0.576701,-0.29652,0.70339,0.646001,-0.014872,0.002445,-0.006626,0.031183,0.033228,-0.064346,0.142592,0.050284,0.041335,-0.044698,-0.105915,0.619674,-0.777679,-0.138054,0.765341,0.628644,0.984744,0.173945,0.004487,-2e-05,-6.6e-05,-7.1e-05,0.130996,0.243983,0.140328,-0.942206
1114,0.095369,-0.018777,0.323804,0.067429,-0.622136,-0.78003,0.099129,-0.773768,0.625643,-0.992884,-0.118742,0.010473,-0.000156,-0.000526,-0.000562,0.028466,0.055645,0.031519,-1.695208,-0.206309,0.009683,0.285552,-0.857389,0.118513,0.500829,-0.430541,-0.698503,-0.571543,0.28318,-0.705777,0.649269,-0.028979,-0.002742,-0.00153,-0.005298,0.019189,-0.066941,0.254958,0.022943,0.058515,-0.015302,0.861992,-0.097615,0.497433,0.412387,0.705695,-0.576133,-0.294797,0.701758,0.648559,-0.014466,-0.001221,-0.000577,0.00038,0.045165,-0.048292,0.14994,0.050305,0.041331,-0.044709,-0.09697,0.61996,-0.778617,-0.142964,0.765515,0.627333,0.984965,0.172147,0.0144,-0.00012,-0.000407,-0.000437,0.001559,0.029672,0.019425,-0.950697
1115,0.095411,-0.018772,0.323767,0.058681,-0.621238,-0.781451,0.097155,-0.775535,0.623763,-0.993624,-0.111758,0.015824,0.000497,0.00975,-0.009704,0.058665,0.058116,0.05441,-1.707103,-0.206841,0.009754,0.285493,-0.858529,0.120566,0.49838,-0.429445,-0.700332,-0.570127,0.281379,-0.703616,0.65239,-0.014456,-0.001067,-0.000433,-0.068314,-0.021332,-0.009797,0.258337,0.022693,0.058551,-0.015332,0.863242,-0.099478,0.494889,0.411127,0.707402,-0.574939,-0.292892,0.699774,0.651558,-0.014521,0.005499,-0.003238,-0.757581,-0.200085,0.372391,0.152879,0.050331,0.04133,-0.044723,-0.088191,0.619459,-0.780058,-0.141091,0.767446,0.625394,0.98606,0.165214,0.019719,-2.4e-05,-8.3e-05,-8.6e-05,-0.107745,0.140072,0.025461,-0.96229
1116,0.095535,-0.018751,0.323631,0.037836,-0.620677,-0.783182,0.095164,-0.777948,0.621058,-0.994802,-0.097263,0.030611,0.000235,0.00887,-0.010647,0.179411,0.38594,-0.016837,-1.731828,-0.207775,0.009861,0.285526,-0.860467,0.126286,0.493599,-0.428374,-0.70399,-0.566417,0.277047,-0.698952,0.659222,-0.028468,0.001476,0.00316,-0.007866,-0.005552,-0.085607,0.276568,0.022211,0.058606,-0.015313,0.865288,-0.105365,0.490074,0.410026,0.71118,-0.571051,-0.288363,0.695068,0.658579,-0.014216,0.000879,0.001757,-0.000427,0.033038,-0.057639,0.167575,0.050394,0.04134,-0.044791,-0.068198,0.620137,-0.781522,-0.13877,0.769835,0.622972,0.987972,0.150938,0.033555,0.007157,-0.001744,-0.001399,0.209126,0.368935,0.25381,-0.978293
1117,0.095676,-0.018713,0.32341,0.012853,-0.620596,-0.784054,0.088581,-0.780333,0.619036,-0.996014,-0.076642,0.045924,-0.000898,-0.003038,-0.003255,0.20589,0.520402,0.03361,-1.757123,-0.208621,0.010083,0.285653,-0.86234,0.132707,0.488621,-0.428455,-0.705665,-0.564267,0.271012,-0.696074,0.664752,-0.013941,0.002976,0.004077,0.006241,-0.121155,0.116691,0.282874,0.021793,0.058718,-0.015248,0.867284,-0.111625,0.485136,0.410013,0.712858,-0.568965,-0.282323,0.692367,0.664019,-0.014058,0.002077,0.003085,-0.001676,0.0481,-0.044545,0.184884,0.050464,0.041363,-0.044905,-0.043455,0.621621,-0.782111,-0.132138,0.772397,0.621241,0.990277,0.130343,0.048575,-0.000453,-0.001547,-0.001653,0.264894,0.593495,0.087421,-0.990376
1118,0.095791,-0.01868,0.323076,-0.002738,-0.619719,-0.784848,0.083578,-0.782252,0.617309,-0.996507,-0.06314,0.054918,0.013475,-0.006323,-0.005855,0.052914,0.08544,0.086477,-1.774917,-0.209495,0.010383,0.285791,-0.865245,0.140664,0.481203,-0.427243,-0.709274,-0.56065,0.263536,-0.690834,0.673173,-0.028406,0.015411,-0.001644,0.007145,-0.453303,-0.146923,0.28294,0.021367,0.058864,-0.015176,0.869116,-0.11931,0.480001,0.410167,0.71619,-0.564654,-0.276403,0.68763,0.67139,-0.014026,0.002236,0.003244,-0.048865,-0.559695,-0.209291,0.188476,0.050516,0.041379,-0.045066,-0.026875,0.621276,-0.78313,-0.127605,0.774872,0.619103,0.99146,0.11657,0.058453,-0.000609,-0.002083,-0.002227,0.052604,0.115029,0.06304,-0.998214
1119,0.095839,-0.018643,0.322847,-0.012659,-0.619106,-0.785234,0.07597,-0.783627,0.616547,-0.997026,-0.051084,0.057935,-0.000705,0.005698,-0.014059,-0.340145,0.334691,0.037661,-1.783558,-0.20995,0.010567,0.285823,-0.865996,0.144428,0.478729,-0.427459,-0.710776,-0.558578,0.260691,-0.688512,0.67665,-0.028429,0.01509,-0.002022,0.031228,-0.219452,0.028538,0.282727,0.021145,0.058957,-0.015159,0.871026,-0.1232,0.475535,0.409025,0.717997,-0.563186,-0.272048,0.685056,0.675786,-0.00704,0.007698,-0.001176,0.026756,-0.172579,-0.112038,0.188639,0.050546,0.041394,-0.045176,-0.017895,0.621114,-0.783515,-0.121434,0.776489,0.618318,0.992437,0.106211,0.061529,0.006399,-0.00405,-0.004176,-4.352983,3.399097,0.315592,-0.990703
1120,0.095871,-0.018517,0.322261,-0.025564,-0.619162,-0.784876,0.071049,-0.784276,0.616308,-0.997126,-0.039245,0.065021,-0.001158,0.004172,-0.015717,0.03858,0.005282,-0.004092,-1.807644,-0.210769,0.011063,0.285872,-0.868841,0.150885,0.471529,-0.423688,-0.719508,-0.550209,0.25735,-0.677982,0.688457,-0.013846,0.016849,-0.000783,-2.421143,-1.212032,0.992458,0.281772,0.020724,0.059197,-0.015136,0.873127,-0.127904,0.470413,0.406052,0.724788,-0.556599,-0.269759,0.676995,0.684768,-0.013926,0.002776,0.003818,0.014018,-0.084735,0.13626,0.188313,0.050562,0.041454,-0.045465,-0.004023,0.621945,-0.78305,-0.115031,0.77757,0.618184,0.993353,0.092562,0.068415,-0.000544,0.002176,-0.007754,0.019328,-0.03593,0.006822,-1.003276
1121,0.09581,-0.018331,0.321566,-0.044354,-0.621648,-0.782069,0.056727,-0.783148,0.61922,-0.997361,-0.016132,0.070978,-0.000637,0.01403,-0.025329,0.034181,0.007562,0.010631,-1.824845,-0.21152,0.011771,0.285863,-0.868018,0.162578,0.469153,-0.428607,-0.72254,-0.54237,0.251903,-0.672041,0.696254,-0.027974,0.017694,0.000824,0.041416,-0.107517,0.113248,0.281232,0.020354,0.059547,-0.015138,0.873449,-0.141258,0.465974,0.409874,0.729911,-0.547022,-0.262849,0.668786,0.695438,-0.006848,0.008819,5.7e-05,0.052608,-0.119786,0.176658,0.189456,0.050531,0.041547,-0.045813,0.014295,0.625512,-0.780082,-0.100651,0.7771,0.621276,0.994818,0.069635,0.074067,-0.000742,0.001499,-0.008492,-0.363767,0.297852,0.027532,-1.005562
1122,0.095776,-0.018203,0.321187,-0.052516,-0.623124,-0.780387,0.049141,-0.782136,0.621145,-0.997357,-0.004959,0.072672,-0.001472,0.003122,-0.016885,0.033985,-0.002765,-0.00879,-1.830656,-0.21185,0.012136,0.285877,-0.868953,0.164729,0.466664,-0.426626,-0.727428,-0.537377,0.252043,-0.666221,0.701775,-0.013576,0.018359,0.000871,0.040133,-0.17763,0.132343,0.281131,0.020183,0.059732,-0.015135,0.874475,-0.143392,0.463391,0.407739,0.734773,-0.542084,-0.262757,0.662982,0.701008,-0.013927,0.009149,0.000756,0.025112,-0.112069,0.054505,0.190109,0.050514,0.04161,-0.046003,0.022384,0.627421,-0.778358,-0.092863,0.776492,0.623246,0.995426,0.05833,0.075646,-0.000731,0.001528,-0.008466,0.031755,-0.004229,-0.005482,-1.011114
1123,0.09571,-0.017838,0.320394,-0.07775,-0.620347,-0.780494,0.018689,-0.783637,0.620915,-0.996714,0.034456,0.073498,-0.001262,0.003841,-0.016127,-0.353966,0.305867,0.027744,-1.839101,-0.212387,0.012787,0.28596,-0.868771,0.17294,0.464026,-0.428386,-0.73272,-0.528716,0.249665,-0.6583,0.71005,-0.013296,0.006892,0.008331,0.012333,-0.247059,0.310513,0.281559,0.019915,0.060062,-0.015096,0.874402,-0.151443,0.460961,0.409417,0.740127,-0.533468,-0.26038,0.655191,0.709172,-0.006772,0.009132,0.000386,-0.018799,-0.14593,0.203604,0.190599,0.05048,0.041796,-0.046411,0.047368,0.625968,-0.778408,-0.062968,0.779604,0.623098,0.99689,0.0195,0.076344,-0.000169,0.007486,-0.01217,-1.236969,1.017919,0.129037,-1.008665
1124,0.095685,-0.017305,0.319511,-0.121477,-0.61242,-0.781172,-0.021191,-0.785226,0.618824,-0.99223,0.092483,0.083386,1.4e-05,0.016237,-0.022968,-1.008742,1.409786,0.413469,-1.848229,-0.212804,0.013221,0.286146,-0.86863,0.181105,0.461168,-0.431863,-0.733162,-0.525264,0.244082,-0.655616,0.714461,0.000565,0.01714,-0.001189,0.045439,-0.137134,0.172372,0.281039,0.019697,0.060292,-0.014996,0.874332,-0.160053,0.458176,0.41326,0.740531,-0.529933,-0.254476,0.652684,0.713613,0.000281,0.008576,-0.000579,0.047579,-0.129907,0.176962,0.189946,0.050467,0.042062,-0.046861,0.090206,0.620986,-0.778613,-0.022722,0.78288,0.621757,0.995663,-0.038395,0.08473,2.1e-05,0.008126,-0.011469,-0.904613,1.559305,0.505616,-1.005236
1125,0.095699,-0.016626,0.318559,-0.169251,-0.599071,-0.782632,-0.058864,-0.786531,0.614717,-0.983617,0.150851,0.098836,0.014549,0.013487,-0.025,-4.079764,3.700973,0.781124,-1.862774,-0.213048,0.013467,0.286431,-0.869885,0.182112,0.458395,-0.429499,-0.736818,-0.522076,0.243779,-0.651223,0.718571,-0.013222,0.007156,0.008574,-0.000794,-0.004944,-0.008423,0.28018,0.019579,0.060409,-0.014859,0.875647,-0.16105,0.455307,0.410773,0.744157,-0.526778,-0.253982,0.6483,0.717774,0.00045,0.003197,0.003541,0.012326,-0.125071,0.189778,0.189456,0.050469,0.042399,-0.047325,0.136352,0.610495,-0.780194,0.010052,0.786656,0.617309,0.990609,-0.092014,0.101126,5.1e-05,0.008182,-0.011394,0.312179,0.424247,0.27318,-1.014217
1126,0.095713,-0.016285,0.318092,-0.195039,-0.591788,-0.782172,-0.0767,-0.785845,0.613625,-0.977564,0.180405,0.108859,9.7e-05,0.01652,-0.022664,-0.069683,0.771662,0.346445,-1.873109,-0.213071,0.013577,0.2866,-0.869288,0.184949,0.458392,-0.430901,-0.738102,-0.5191,0.243434,-0.648969,0.720724,0.001138,-0.00505,0.014568,-0.034636,-0.001994,0.007546,0.280126,0.019562,0.060466,-0.01478,0.875043,-0.163877,0.455459,0.412235,0.745467,-0.523775,-0.253696,0.646082,0.719872,0.000462,0.003288,0.003636,0.005865,-0.014089,0.023053,0.189456,0.050481,0.042567,-0.04756,0.1649,0.604426,-0.779407,0.032648,0.786447,0.616793,0.985769,-0.127155,0.109952,0.000124,0.008462,-0.011103,-1.013011,1.602033,0.337796,-1.021238
1127,0.095781,-0.015611,0.317214,-0.246623,-0.573596,-0.78116,-0.118905,-0.782062,0.61173,-0.961498,0.244459,0.125648,0.000551,0.018046,-0.020994,0.028446,0.199032,0.135305,-1.907165,-0.213011,0.01368,0.286863,-0.869006,0.186288,0.458384,-0.431814,-0.738023,-0.518451,0.242818,-0.648676,0.721195,0.014666,0.003135,0.002797,0.002045,-0.015205,0.029245,0.279675,0.019588,0.060521,-0.014637,0.874784,-0.165193,0.455481,0.413151,0.745401,-0.523146,-0.253096,0.645823,0.720315,0.000249,0.001795,0.00198,0.000213,-8e-05,0.0002,0.189129,0.050514,0.042895,-0.047993,0.219009,0.587815,-0.778785,0.074424,0.785774,0.614019,0.972879,-0.192436,0.128344,0.000273,0.00896,-0.010557,-1.170709,1.248593,0.16118,-1.021728
1128,0.095894,-0.014944,0.316543,-0.29593,-0.551605,-0.779874,-0.155776,-0.777648,0.609073,-0.942072,0.30241,0.145178,0.015063,0.007196,-0.011514,0.313906,0.686999,0.232291,-1.916947,-0.212882,0.013671,0.286983,-0.867606,0.186192,0.461068,-0.433454,-0.73775,-0.517472,0.244903,-0.649015,0.720184,0.014304,0.000592,-9e-06,0.010615,0.193203,0.188961,0.279829,0.019653,0.06052,-0.014573,0.873747,-0.165177,0.457473,0.414386,0.745262,-0.522367,-0.254655,0.645988,0.719618,7.8e-05,0.000575,0.000632,0.012181,0.334178,0.25226,0.189129,0.050571,0.043241,-0.048346,0.268095,0.569719,-0.776881,0.112539,0.78236,0.612574,0.956796,-0.251658,0.145631,0.007585,0.003696,-0.005632,0.273608,0.635417,0.200593,-1.018299
1129,0.095976,-0.014614,0.316282,-0.315618,-0.543628,-0.777753,-0.169825,-0.774056,0.609892,-0.933191,0.325247,0.152957,0.000872,0.011031,-0.00829,0.167477,0.642562,0.146676,-1.916671,-0.212816,0.01365,0.287018,-0.867562,0.186332,0.461095,-0.433549,-0.737786,-0.51734,0.244891,-0.648934,0.720261,9.5e-05,0.000675,0.000744,0.000125,0.003047,0.002334,0.279554,0.019691,0.060508,-0.014558,0.873247,-0.165297,0.458382,0.415047,0.745169,-0.521974,-0.255292,0.646064,0.719324,4.2e-05,0.000313,0.000341,-0.000104,-0.01414,-0.009778,0.18864,0.050612,0.043402,-0.048473,0.28804,0.562797,-0.774784,0.126718,0.779559,0.613375,0.949197,-0.274856,0.153228,0.007791,0.004413,-0.00485,-0.100102,0.770083,0.418742,-1.022381
1130,0.096278,-0.014068,0.315934,-0.348559,-0.532587,-0.7713,-0.193901,-0.764137,0.615199,-0.916596,0.364648,0.164043,0.001678,0.01376,-0.005295,-0.336367,0.295892,0.135666,-1.916027,-0.212718,0.013646,0.287039,-0.868611,0.18129,0.461131,-0.429256,-0.740349,-0.517258,0.248724,-0.647435,0.720297,4.7e-05,0.000332,0.000366,0.0,1e-06,0.0,0.279177,0.01974,0.060504,-0.014549,0.874275,-0.160247,0.458217,0.410591,0.747661,-0.521935,-0.258953,0.644455,0.719458,2.3e-05,0.00016,0.000173,-6e-05,-0.000446,-1.9e-05,0.188313,0.050762,0.043673,-0.048649,0.322988,0.552336,-0.768506,0.15038,0.77176,0.617876,0.934379,-0.315134,0.166209,0.008039,0.005323,-0.003872,-1.27707,1.083986,0.143035,-1.012421
1131,0.096596,-0.013625,0.315779,-0.372902,-0.523877,-0.765861,-0.204202,-0.75883,0.618425,-0.904678,0.38765,0.176951,0.015804,0.001729,0.002856,0.021675,0.308374,0.228033,-1.917124,-0.212672,0.013677,0.287056,-0.868296,0.182671,0.461178,-0.42964,-0.741812,-0.514839,0.24916,-0.64537,0.721997,7.6e-05,0.000546,0.000601,-0.066195,-0.019202,0.028651,0.278742,0.019762,0.060519,-0.014542,0.87399,-0.161643,0.45827,0.410958,0.749141,-0.519518,-0.259333,0.642384,0.721171,4.6e-05,0.000322,0.000354,-0.23822,-0.069263,0.10301,0.187823,0.050916,0.0439,-0.048729,0.347024,0.54567,-0.76277,0.161406,0.766428,0.621719,0.923862,-0.338867,0.177895,0.001004,0.00742,-0.002057,-0.125974,0.752484,0.162366,-1.005889
1132,0.096963,-0.013325,0.31576,-0.386988,-0.52402,-0.758741,-0.200997,-0.755134,0.623975,-0.89945,0.394624,0.187851,0.015534,0.000871,0.001905,0.043809,0.06338,0.075799,-1.917214,-0.21268,0.013695,0.287076,-0.867992,0.184044,0.461204,-0.429998,-0.743289,-0.512403,0.249602,-0.643278,0.72371,2.4e-05,0.000174,0.000191,-0.0,-0.0,0.0,0.278756,0.019758,0.060528,-0.014531,0.873713,-0.163042,0.458303,0.4113,0.750652,-0.517061,-0.259723,0.640264,0.722914,1.5e-05,0.000101,0.000113,0.003711,0.000926,-0.001547,0.187496,0.051095,0.04405,-0.048731,0.361787,0.54593,-0.755692,0.158166,0.762906,0.626863,0.918745,-0.346315,0.189662,0.000479,0.001617,0.00176,0.047836,0.196689,-0.107899,-1.003766
1133,0.097122,-0.013271,0.315782,-0.39242,-0.525098,-0.755198,-0.197394,-0.753855,0.626665,-0.897888,0.395637,0.193122,0.015223,-0.000171,0.000763,0.054702,0.087035,0.064954,-1.917073,-0.212689,0.013707,0.28709,-0.867693,0.185395,0.461227,-0.430339,-0.744764,-0.50997,0.250057,-0.641182,0.725411,0.000109,0.00078,0.000859,-0.000161,-4.7e-05,7e-05,0.278453,0.019754,0.060533,-0.014526,0.87344,-0.164412,0.458333,0.411623,0.752154,-0.514615,-0.260129,0.638146,0.724638,5.9e-05,0.000414,0.000458,0.005896,0.001539,-0.002501,0.18717,0.051181,0.044084,-0.048719,0.367056,0.547272,-0.752171,0.154586,0.761481,0.629482,0.917263,-0.347331,0.194906,0.000387,0.001313,0.001428,0.058844,0.231241,-0.173695,-1.004093
1134,0.097363,-0.013242,0.315858,-0.405277,-0.525402,-0.748164,-0.189671,-0.752261,0.630952,-0.893818,0.398265,0.206158,0.00045,0.001538,0.001677,0.280209,0.67281,-0.551295,-1.917109,-0.212752,0.013716,0.287102,-0.8677,0.185421,0.461203,-0.430342,-0.744764,-0.509968,0.250027,-0.641174,0.725428,0.0,3e-06,3e-06,0.0,0.0,0.0,0.277471,0.019723,0.060538,-0.014518,0.873453,-0.164413,0.458308,0.411622,0.752122,-0.514663,-0.260087,0.638184,0.72462,-2e-06,-1.7e-05,-1.7e-05,0.000133,-3e-05,-1.1e-05,0.186843,0.051308,0.044097,-0.048682,0.378485,0.548584,-0.745522,0.14758,0.759371,0.633699,0.913766,-0.34987,0.20645,-0.000163,-0.004673,0.005069,0.635976,1.704409,-2.172334,-1.008338
1135,0.09761,-0.013273,0.315976,-0.418582,-0.529402,-0.737948,-0.180895,-0.747683,0.638921,-0.889481,0.401587,0.218125,0.000583,0.001997,0.002176,0.020368,0.036906,0.02147,-1.916842,-0.212804,0.013733,0.287108,-0.867727,0.18534,0.461185,-0.430277,-0.744766,-0.51002,0.250046,-0.641195,0.725402,2e-05,0.000142,0.000157,0.0,0.0,0.0,0.277925,0.019696,0.060546,-0.014516,0.873479,-0.164331,0.458289,0.411557,0.752122,-0.514716,-0.260105,0.638206,0.724594,1e-05,6.7e-05,7.6e-05,4e-05,3e-06,5.9e-05,0.186517,0.051431,0.044081,-0.048624,0.393033,0.552748,-0.734842,0.138256,0.754546,0.641516,0.90907,-0.353733,0.220141,0.000292,0.001008,0.001095,-0.016724,-0.005176,0.008826,-1.006706
1136,0.097734,-0.013277,0.31607,-0.426485,-0.52894,-0.733742,-0.176504,-0.746961,0.64099,-0.886596,0.403536,0.226127,0.015502,0.000835,0.001841,0.048245,0.07029,0.080586,-1.917021,-0.212813,0.01376,0.287124,-0.867449,0.186582,0.461206,-0.430544,-0.746237,-0.507639,0.250551,-0.639123,0.727056,0.000169,0.001204,0.001325,-0.0,-0.0,0.0,0.27866,0.019692,0.060557,-0.014511,0.873228,-0.165573,0.458318,0.41179,0.753626,-0.512323,-0.260574,0.636107,0.726269,2e-05,0.000136,0.000151,0.00304,0.000816,-0.001252,0.186843,0.051486,0.044075,-0.048582,0.400755,0.552714,-0.730685,0.133889,0.753637,0.643509,0.906348,-0.35572,0.228021,0.000471,0.001628,0.001766,0.037294,0.087355,0.061335,-1.009645
1137,0.097995,-0.013245,0.316315,-0.442607,-0.524792,-0.727143,-0.168521,-0.747775,0.642188,-0.880209,0.407426,0.243443,0.001245,0.004284,0.004656,0.112395,0.30837,-0.046951,-1.916544,-0.212804,0.013819,0.287188,-0.866812,0.189459,0.46123,-0.431348,-0.749117,-0.50269,0.251374,-0.634894,0.730468,0.000291,0.002071,0.002277,-0.000161,-4.7e-05,7e-05,0.278284,0.019696,0.060586,-0.014479,0.872646,-0.168506,0.458358,0.412573,0.756561,-0.507344,-0.261286,0.631839,0.729732,0.000174,0.001241,0.001366,0.008172,-0.015742,0.019903,0.18766,0.051623,0.044094,-0.048456,0.417024,0.549494,-0.723979,0.12579,0.753989,0.644729,0.900148,-0.359937,0.24531,0.00064,0.002215,0.002402,0.091247,0.287842,-0.054775,-1.009155
1138,0.098498,-0.013164,0.316523,-0.456666,-0.5224,-0.720139,-0.161037,-0.74757,0.644344,-0.874396,0.410865,0.258166,0.017083,0.014515,-0.003599,0.101199,0.067781,0.139094,-1.91681,-0.212785,0.01396,0.287344,-0.867506,0.186312,0.461208,-0.427686,-0.75299,-0.500024,0.255223,-0.631228,0.732308,0.000633,0.004515,0.004956,0.00137,-0.017545,0.02282,0.277752,0.019705,0.060655,-0.014404,0.873281,-0.16529,0.458322,0.408812,0.760338,-0.504736,-0.265052,0.628144,0.731561,0.000291,0.002077,0.00228,0.001109,0.000231,-0.000326,0.187333,0.051867,0.044128,-0.048352,0.431292,0.547809,-0.716861,0.118393,0.753324,0.646903,0.89441,-0.363876,0.260046,0.008067,0.001563,0.002142,0.048178,0.180944,-0.044284,-1.010951
1139,0.098859,-0.013072,0.316581,-0.460875,-0.522338,-0.717497,-0.158483,-0.74705,0.645579,-0.872648,0.411889,0.262414,0.03076,0.001067,0.002953,0.013197,-0.025291,0.095187,-1.916483,-0.212772,0.014055,0.287447,-0.867443,0.186651,0.461191,-0.427928,-0.752929,-0.49991,0.255033,-0.631202,0.732397,0.000638,0.004553,0.004993,-0.0,-0.0,0.0,0.277807,0.019712,0.060704,-0.01435,0.873221,-0.16565,0.458305,0.409072,0.760273,-0.504623,-0.264846,0.628128,0.731649,0.000384,0.002754,0.00302,0.00156,-0.017563,0.022869,0.187333,0.052037,0.044174,-0.048323,0.435545,0.547809,-0.714286,0.116001,0.75273,0.648027,0.89266,-0.365103,0.264302,0.008009,0.001382,0.001938,-0.022327,-0.027061,0.024698,-1.01536
1140,0.099644,-0.012825,0.316648,-0.466255,-0.523304,-0.713306,-0.154476,-0.745773,0.648022,-0.870501,0.412979,0.267776,0.016494,0.004521,0.005762,0.002397,-0.02789,0.055254,-1.916882,-0.212738,0.014211,0.287633,-0.866746,0.18992,0.461165,-0.428979,-0.755712,-0.494783,0.255636,-0.626888,0.735884,0.000489,0.003494,0.003824,-0.000536,-0.000156,0.000231,0.278175,0.01973,0.060787,-0.014252,0.872589,-0.168966,0.458297,0.410094,0.763127,-0.499458,-0.265348,0.623767,0.73519,0.000243,0.001745,0.001911,0.005699,0.001481,-0.002387,0.18766,0.052441,0.0443,-0.048293,0.440661,0.549295,-0.709994,0.112152,0.751042,0.650659,0.890639,-0.366348,0.269351,0.008659,0.007772,-0.001279,0.025985,-0.059592,0.065725,-1.017319
1141,0.100446,-0.012557,0.316751,-0.48732,-0.515849,-0.704602,-0.164571,-0.738192,0.654187,-0.856991,0.435394,0.275725,0.016353,0.004143,0.005319,-0.080924,1.602269,-2.229075,-1.916105,-0.212711,0.014328,0.287761,-0.86637,0.191702,0.461136,-0.429611,-0.757057,-0.492173,0.255852,-0.624722,0.737649,0.00037,0.002644,0.00289,0.00137,-0.017545,0.02282,0.278797,0.019743,0.060846,-0.014188,0.872256,-0.170739,0.458276,0.410705,0.764472,-0.496894,-0.2655,0.621635,0.736938,0.000168,0.001216,0.001328,0.003257,-0.017094,0.02207,0.187986,0.052842,0.044436,-0.048239,0.460228,0.541823,-0.70329,0.12365,0.745331,0.655127,0.879147,-0.38847,0.276025,0.008152,0.001999,0.002572,-1.193492,1.064513,0.489011,-1.017156
1142,0.10117,-0.012265,0.316846,-0.512138,-0.500576,-0.697986,-0.17433,-0.73516,0.655073,-0.840412,0.457787,0.290112,0.016282,0.004004,0.005138,0.293785,0.599612,0.198037,-1.916852,-0.212704,0.014385,0.287808,-0.867174,0.18809,0.46111,-0.42556,-0.760959,-0.489668,0.259882,-0.621062,0.739329,9.6e-05,0.000689,0.000753,-2.451914,-0.715915,1.057335,0.281101,0.019746,0.060875,-0.014163,0.873236,-0.165752,0.458239,0.40629,0.766849,-0.496859,-0.269045,0.620054,0.736985,4.8e-05,0.000337,0.000365,-0.000281,-7.5e-05,0.000365,0.191089,0.053205,0.044583,-0.048191,0.485861,0.530809,-0.694391,0.132823,0.740398,0.658913,0.863884,-0.412372,0.289226,0.008504,0.007367,-0.001747,0.051499,0.008899,0.107331,-1.016666
1143,0.101767,-0.011935,0.316866,-0.531454,-0.489218,-0.691569,-0.180633,-0.732191,0.656689,-0.826968,0.474525,0.301623,0.015906,0.002749,0.003768,0.141639,0.326413,0.036452,-1.916752,-0.212668,0.01441,0.287849,-0.868504,0.18836,0.45849,-0.424107,-0.761333,-0.490346,0.257801,-0.620521,0.74051,9.8e-05,0.000704,0.000769,-0.001111,-0.029646,-0.022721,0.279906,0.019765,0.060886,-0.014145,0.874461,-0.167387,0.455301,0.404947,0.768657,-0.49516,-0.267087,0.617371,0.739943,5.6e-05,0.0004,0.000436,-0.001214,-0.006586,-0.007793,0.191089,0.053503,0.04475,-0.048179,0.506877,0.519177,-0.688134,0.138986,0.738617,0.659641,0.850739,-0.429999,0.30223,0.008289,0.006645,-0.002528,0.263718,0.31341,0.263515,-1.016339
1144,0.102027,-0.011772,0.316843,-0.540986,-0.48232,-0.689019,-0.186687,-0.729959,0.65748,-0.819403,0.484915,0.305718,0.01552,0.001396,0.002311,0.025373,0.028283,0.055401,-1.917171,-0.212646,0.014415,0.287853,-0.86818,0.189903,0.458467,-0.424564,-0.762709,-0.487805,0.25814,-0.618358,0.742199,2.1e-05,0.000153,0.000167,-1.7e-05,-0.000433,-0.000332,0.280166,0.019776,0.060889,-0.014142,0.874053,-0.168925,0.455516,0.405507,0.770053,-0.492526,-0.267572,0.615209,0.741567,8e-06,4.7e-05,5.3e-05,0.004165,0.008561,0.003312,0.191089,0.053628,0.044829,-0.048187,0.517506,0.511977,-0.685613,0.145043,0.73717,0.659956,0.843296,-0.440975,0.307232,0.007752,0.000659,0.001102,-0.006755,0.111234,-0.120533,-1.016176
1145,0.102405,-0.011477,0.316785,-0.556614,-0.474384,-0.682045,-0.193477,-0.724395,0.661657,-0.807262,0.500835,0.312281,0.001759,0.014541,-0.004529,0.053044,0.089963,-0.175104,-1.91759,-0.212624,0.014429,0.287853,-0.867881,0.191316,0.458446,-0.424933,-0.764086,-0.485324,0.25854,-0.616221,0.743836,0.0,1e-06,1e-06,-0.000161,-4.7e-05,6.9e-05,0.27996,0.019787,0.060895,-0.014143,0.873742,-0.170351,0.455581,0.405906,0.771446,-0.490011,-0.267982,0.613067,0.743191,-3e-06,-2.3e-05,-2.4e-05,0.005583,0.001546,-0.002216,0.190925,0.053828,0.04498,-0.048219,0.533359,0.505071,-0.67855,0.152292,0.731731,0.664361,0.832066,-0.457681,0.313358,0.000862,0.007194,-0.002358,0.046196,0.087087,-0.195794,-1.019606
1146,0.102606,-0.011127,0.316685,-0.571153,-0.468746,-0.673874,-0.199389,-0.71715,0.667766,-0.795575,0.51634,0.316985,0.000652,0.00237,0.002529,0.20157,1.3427,-2.406974,-1.917764,-0.212612,0.014435,0.287858,-0.867871,0.191361,0.458447,-0.424967,-0.764076,-0.485308,0.258518,-0.616218,0.743846,1.2e-05,8.8e-05,9.6e-05,-0.0,-0.0,-0.0,0.280419,0.019792,0.060897,-0.014141,0.873737,-0.170373,0.455583,0.405938,0.771405,-0.490047,-0.267949,0.613111,0.743166,8e-06,5.5e-05,6e-05,0.000134,-5.1e-05,8e-06,0.190926,0.053929,0.045154,-0.048269,0.546481,0.499123,-0.672483,0.160124,0.725905,0.668895,0.82202,-0.47322,0.316771,0.008013,0.005748,-0.003498,0.037492,-0.053555,0.076715,-1.019442
1147,0.102616,-0.01094,0.316614,-0.579704,-0.464055,-0.669807,-0.20435,-0.712967,0.670739,-0.788093,0.52628,0.31932,0.000358,0.0013,0.001387,-1.110021,1.115323,0.523572,-1.917964,-0.212612,0.014435,0.287858,-0.86759,0.192689,0.458422,-0.425264,-0.765479,-0.482832,0.258974,-0.614061,0.74547,0.0,2e-06,2e-06,-0.0,-0.0,0.0,0.280389,0.019792,0.060898,-0.014141,0.873483,-0.171715,0.455564,0.406217,0.77283,-0.487565,-0.268352,0.610938,0.744809,-1e-06,-9e-06,-8e-06,0.001658,0.000392,-0.00064,0.191252,0.053934,0.045249,-0.048303,0.555974,0.497099,-0.666171,0.162361,0.72107,0.673569,0.815188,-0.482647,0.320187,0.000524,0.006096,-0.003392,-3.672915,3.683223,1.761046,-1.014707
1148,0.102524,-0.010496,0.316479,-0.596277,-0.459197,-0.658512,-0.207468,-0.70429,0.6789,-0.774794,0.542,0.325509,0.001652,0.014155,-0.004944,0.226193,1.426998,-2.529323,-1.917661,-0.212591,0.014443,0.287851,-0.868664,0.194135,0.45577,-0.424029,-0.767247,-0.481108,0.257388,-0.611393,0.748206,0.0,0.0,0.0,-8.1e-05,-0.002201,-0.001687,0.280257,0.019803,0.060901,-0.014144,0.874658,-0.173164,0.452755,0.404863,0.774601,-0.485878,-0.266568,0.608281,0.747619,-2e-06,-4e-06,-4e-06,0.00241,0.014014,0.007478,0.190926,0.053887,0.045468,-0.048375,0.573083,0.49176,-0.65555,0.167704,0.712638,0.681191,0.802153,-0.500317,0.325931,0.000842,0.007061,-0.002479,0.22946,1.421267,-2.52458,-1.01536
1149,0.102263,-0.00993,0.316372,-0.612399,-0.448451,-0.65108,-0.217401,-0.696308,0.684006,-0.759338,0.560985,0.329741,-0.012637,0.016995,-0.002724,-0.290053,0.337581,0.149884,-1.918396,-0.212527,0.014446,0.287852,-0.869294,0.197708,0.453024,-0.423683,-0.770253,-0.476588,0.255818,-0.606451,0.752753,8.6e-05,0.000618,0.000675,-0.000171,-0.000313,-0.000136,0.278402,0.019835,0.060901,-0.014146,0.875308,-0.176739,0.450109,0.404518,0.777632,-0.481303,-0.264954,0.603366,0.752162,6.8e-05,0.000488,0.000534,0.005048,0.008145,0.002457,0.190762,0.053761,0.045744,-0.048427,0.589953,0.482516,-0.647405,0.17716,0.704911,0.686814,0.787762,-0.519882,0.330382,-0.006222,0.00884,-0.000984,-1.056955,1.122242,0.569234,-1.016013
1150,0.102049,-0.009566,0.316356,-0.620843,-0.440131,-0.648755,-0.223019,-0.694221,0.684318,-0.750802,0.570084,0.333659,-0.011127,0.03053,-0.008335,0.325847,0.421155,0.305171,-1.918965,-0.212495,0.014451,0.287855,-0.871707,0.193115,0.450361,-0.417912,-0.773045,-0.477162,0.257106,-0.604368,0.753988,4e-05,0.000285,0.000311,-0.001442,-0.041035,-0.03146,0.27692,0.019851,0.060905,-0.014143,0.877724,-0.172105,0.44719,0.398562,0.780284,-0.481979,-0.265984,0.601278,0.753469,2.7e-05,0.000178,0.000192,-0.00127,-0.021638,-0.020074,0.188966,0.053653,0.045918,-0.048437,0.597561,0.476506,-0.644873,0.18346,0.701671,0.688475,0.780552,-0.529715,0.331871,-0.005999,0.009625,-0.000169,0.026772,-0.01307,0.020777,-1.021075
1151,0.101454,-0.008709,0.316358,-0.637077,-0.423902,-0.643804,-0.238377,-0.68596,0.687463,-0.732254,0.591961,0.336769,-0.011615,0.020463,0.000931,-0.061958,0.084514,0.06097,-1.919357,-0.212381,0.014506,0.28791,-0.871501,0.19415,0.450314,-0.418678,-0.772846,-0.476814,0.256552,-0.604293,0.754237,0.000321,0.002312,0.002523,-0.0,-7e-06,-6e-06,0.276811,0.019907,0.060928,-0.01412,0.877406,-0.173084,0.447437,0.399462,0.780079,-0.481566,-0.265685,0.601263,0.753587,0.007188,0.000703,0.000429,0.002166,-0.014021,0.030294,0.187006,0.053366,0.046343,-0.048438,0.615913,0.459231,-0.640122,0.198697,0.695711,0.690293,0.762344,-0.552351,0.33725,-0.005844,0.010103,0.000346,-1.047676,1.126688,0.57701,-1.024831
1152,0.100729,-0.007856,0.316482,-0.648493,-0.409959,-0.641432,-0.251652,-0.679818,0.688833,-0.717648,0.608629,0.338495,-0.025618,0.023982,0.003806,-0.062681,0.099145,0.031717,-1.919618,-0.212233,0.014554,0.287985,-0.871404,0.194536,0.450335,-0.418976,-0.772795,-0.476635,0.256397,-0.604234,0.754337,0.000157,0.001138,0.001241,-0.0,-0.0,-0.0,0.276655,0.019982,0.060958,-0.014076,0.877306,-0.1735,0.447472,0.39979,0.780027,-0.481378,-0.265522,0.601211,0.753686,0.007141,0.00039,8.5e-05,0.002112,-0.01531,0.029386,0.187006,0.052999,0.046778,-0.048376,0.628152,0.445687,-0.637798,0.21256,0.690226,0.691668,0.748493,-0.570044,0.338832,-0.005587,0.010933,0.001196,-0.286603,0.32568,0.182133,-1.02679
1153,0.099903,-0.006948,0.316701,-0.654178,-0.401093,-0.641264,-0.262777,-0.674523,0.689882,-0.708446,0.620313,0.336665,-0.025114,0.025464,0.005307,0.02291,-0.021303,-0.029665,-1.918622,-0.212049,0.014567,0.288006,-0.87216,0.191177,0.450312,-0.415058,-0.776555,-0.473944,0.260189,-0.600469,0.756044,4.6e-05,0.000338,0.000368,-0.0,0.0,-0.0,0.280945,0.020074,0.060965,-0.014065,0.877986,-0.170123,0.447433,0.395798,0.783713,-0.478681,-0.269225,0.597369,0.755424,0.007074,-0.000112,-0.000462,0.002304,-0.015212,0.029414,0.188476,0.052586,0.047232,-0.048267,0.634252,0.43721,-0.637628,0.224158,0.685321,0.692883,0.739916,-0.582392,0.336662,-0.01249,0.012988,0.002928,0.047313,-0.008874,-0.020534,-1.025321
1154,0.09947,-0.006481,0.316851,-0.658718,-0.393487,-0.64133,-0.270366,-0.671682,0.689723,-0.701352,0.628214,0.336868,-0.011114,0.013674,0.013546,-0.096216,0.086835,0.069435,-1.918661,-0.211944,0.014575,0.28798,-0.872687,0.189024,0.450199,-0.411301,-0.78163,-0.468849,0.264369,-0.594532,0.759278,-4e-06,-2.8e-05,-3.1e-05,-3.228056,2.378959,-3.887686,0.281782,0.020126,0.060969,-0.014079,0.878176,-0.169438,0.447322,0.393345,0.787931,-0.473754,-0.272187,0.591992,0.75859,-0.000251,3.4e-05,4.7e-05,-3.283942,2.356146,-3.863219,0.191415,0.05236,0.047472,-0.048192,0.639227,0.429784,-0.63771,0.231714,0.68307,0.69262,0.733278,-0.590508,0.337049,-0.00554,0.006914,0.006859,-0.090561,0.090639,0.071995,-1.022545
1155,0.098537,-0.005534,0.317202,-0.664099,-0.38445,-0.64126,-0.281532,-0.666004,0.690761,-0.691824,0.639745,0.334863,-0.024504,0.027087,0.006895,0.016516,-0.032467,-0.036602,-1.918371,-0.21169,0.014623,0.287944,-0.87225,0.191175,0.450138,-0.412253,-0.782742,-0.466151,0.264329,-0.59238,0.760973,5.6e-05,0.000413,0.00045,-0.0,-0.0,0.0,0.282841,0.020254,0.060991,-0.014098,0.878072,-0.17013,0.447262,0.392894,0.789875,-0.470883,-0.27317,0.589197,0.76041,0.007086,-1e-05,-0.000356,0.003871,-0.014867,0.028735,0.193702,0.051912,0.047928,-0.048019,0.645054,0.421108,-0.637629,0.243347,0.677793,0.693814,0.724352,-0.602713,0.334738,-0.01272,0.007932,0.00748,0.000332,-0.010599,-0.048508,-1.033158
1156,0.097729,-0.00459,0.31754,-0.67094,-0.368212,-0.643665,-0.298421,-0.660583,0.688874,-0.678016,0.654732,0.334136,-0.025209,0.016324,0.015337,-0.004284,0.01688,-0.033353,-1.918711,-0.211472,0.014653,0.287981,-0.873246,0.186493,0.45017,-0.408001,-0.785083,-0.465954,0.267628,-0.590765,0.761074,9.9e-05,0.00073,0.000795,-0.0,0.0,-0.0,0.284115,0.020363,0.061007,-0.014079,0.878967,-0.165418,0.447272,0.38859,0.792115,-0.47069,-0.276431,0.587527,0.760523,0.00711,0.00017,-0.000161,0.002076,-0.015314,0.029539,0.195334,0.051508,0.048405,-0.047852,0.65279,0.405137,-0.6401,0.260355,0.673515,0.691803,0.711393,-0.618255,0.334184,-0.004998,0.012594,0.00284,0.007473,0.012998,0.025139,-1.035771
1157,0.097412,-0.004117,0.317684,-0.67224,-0.362103,-0.645771,-0.307662,-0.656766,0.688458,-0.672581,0.661937,0.330909,-0.024261,0.027437,0.007143,-0.314999,0.291882,0.1167,-1.918154,-0.211373,0.014673,0.287999,-0.874033,0.182931,0.450104,-0.403827,-0.78878,-0.463339,0.271379,-0.586937,0.762707,0.014221,0.000396,-0.000257,-0.018106,0.005536,-0.004897,0.284656,0.020406,0.061017,-0.01407,0.879669,-0.161872,0.447188,0.384362,0.795737,-0.468045,-0.280082,0.583608,0.762204,8e-05,0.000552,0.000599,-0.064065,0.070839,-0.116199,0.196314,0.051341,0.048648,-0.047774,0.654165,0.399549,-0.642205,0.269582,0.67015,0.691537,0.706677,-0.625506,0.330678,-0.004917,0.012801,0.003057,-1.059144,1.077426,0.561128,-1.036751
1158,0.09693,-0.003172,0.317904,-0.679815,-0.346256,-0.646532,-0.322769,-0.650368,0.687614,-0.657733,0.67656,0.33118,-0.010172,0.024241,0.004598,0.033804,-0.018905,0.010459,-1.918131,-0.211272,0.014726,0.288037,-0.873456,0.186101,0.449924,-0.404732,-0.791346,-0.458144,0.271889,-0.582471,0.765942,0.000187,0.001389,0.001512,0.009566,-0.121111,0.157459,0.286273,0.020462,0.061042,-0.014053,0.879182,-0.164896,0.447043,0.385119,0.79837,-0.462912,-0.280574,0.579148,0.765417,0.000107,0.00078,0.000848,0.004077,-0.016976,0.021943,0.198274,0.051095,0.049122,-0.047662,0.662848,0.383693,-0.64297,0.285202,0.664604,0.690622,0.692308,-0.641154,0.331102,-0.004566,0.0179,-0.001547,0.071264,-0.05222,0.050737,-1.03871
1159,0.096759,-0.002148,0.317898,-0.690293,-0.321989,-0.647969,-0.345476,-0.640223,0.6861,-0.634907,0.697867,0.331515,-0.009846,0.033179,-0.005825,-0.028352,0.065029,0.075452,-1.918003,-0.211256,0.014794,0.288065,-0.874281,0.18246,0.449814,-0.400451,-0.794977,-0.455614,0.275566,-0.578661,0.767514,0.000206,0.001528,0.001663,-0.000426,-0.015715,0.019722,0.286822,0.02047,0.061075,-0.014039,0.879909,-0.16136,0.446901,0.380865,0.801878,-0.460361,-0.284077,0.575285,0.767037,3.2e-05,0.000203,0.00022,-0.020693,0.020545,-0.034157,0.200396,0.051008,0.049627,-0.047658,0.67447,0.360333,-0.644398,0.30811,0.655801,0.689197,0.670937,-0.663388,0.331296,0.002171,0.015333,-0.003782,-1.015709,1.096632,0.60996,-1.037404
1160,0.096922,-0.001195,0.317617,-0.698852,-0.299879,-0.649403,-0.367587,-0.628301,0.685631,-0.612762,0.718238,0.329672,0.003413,0.027541,-0.010811,-3.520717,3.737291,1.877481,-1.917998,-0.211349,0.014866,0.288074,-0.873855,0.18503,0.449593,-0.400884,-0.797561,-0.45069,0.276291,-0.574274,0.770543,7.8e-05,0.000574,0.000625,-0.739989,-0.213787,0.307427,0.286973,0.020424,0.061113,-0.014033,0.879593,-0.163571,0.44672,0.381214,0.804095,-0.456185,-0.284588,0.571554,0.769633,2.6e-05,0.000376,0.000316,-2.469337,-0.708577,1.022595,0.200233,0.051087,0.050114,-0.047795,0.682342,0.342443,-0.645864,0.327341,0.646847,0.688793,0.653648,-0.68141,0.329276,0.001594,0.013382,-0.005816,0.075152,-0.030248,0.035317,-1.037404
1161,0.097086,-0.000701,0.317354,-0.700638,-0.294178,-0.650086,-0.374586,-0.623827,0.685928,-0.606459,0.724465,0.327697,0.002837,0.025595,-0.012804,0.017675,-0.118584,0.01211,-1.917939,-0.21141,0.014905,0.288088,-0.873647,0.186292,0.449474,-0.401076,-0.798855,-0.448221,0.276669,-0.572064,0.77205,-0.013933,0.00167,0.002505,-0.224044,-0.048923,0.062981,0.28895,0.020399,0.061131,-0.014028,0.87936,-0.165175,0.446589,0.381461,0.80571,-0.45312,-0.284978,0.568812,0.771517,8.4e-05,0.00064,0.000689,-0.816671,-0.253421,0.362053,0.200886,0.051169,0.050362,-0.047925,0.686476,0.332739,-0.646556,0.338529,0.640683,0.689146,0.643543,-0.69196,0.327172,0.008322,0.010954,-0.007907,0.000203,-0.10694,0.021843,-1.035118
