frame,MLTx,MLTy,MLTz,MLTR1,MLTR2,MLTR3,MLTR4,MLTR5,MLTR6,MLTR7,MLTR8,MLTR9,MLTTVx,MLTTVy,MLTTVz,MLTRVx,MLTRVy,MLTRVz,MLGA,MRTx,MRTy,MRTz,MRTR1,MRTR2,MRTR3,MRTR4,MRTR5,MRTR6,MRTR7,MRTR8,MRTR9,MRTTVx,MRTTVy,MRTTVz,MRTRVx,MRTRVy,MRTRVz,MRGA,SLTx,SLTy,SLTz,SLTR1,SLTR2,SLTR3,SLTR4,SLTR5,SLTR6,SLTR7,SLTR8,SLTR9,SLTTVx,SLTTVy,SLTTVz,SLTRVx,SLTRVy,SLTRVz,SLGA,SRTx,SRTy,SRTz,SRTR1,SRTR2,SRTR3,SRTR4,SRTR5,SRTR6,SRTR7,SRTR8,SRTR9,SRTTVx,SRTTVy,SRTTVz,SRTRVx,SRTRVy,SRTRVz,SRGA
177,0.129679,-0.052863,0.286419,-0.296433,-0.089077,-0.950914,-0.691381,-0.666869,0.277941,-0.658532,0.739944,0.137282,0.018322,0.009123,0.014396,0.002301,-0.04343,0.079513,0.521113,-0.164156,-0.02377,0.252619,-0.351689,0.068445,0.933606,0.646231,-0.703709,0.295149,0.677601,0.70703,0.202062,-9e-06,-0.00209,-0.003293,-0.014102,0.500005,-0.660994,-1.40391,0.03979,0.045582,-0.03494,0.267644,-0.011361,0.96345,-0.632457,0.752285,0.184566,-0.726886,-0.658739,0.194159,-5e-06,-0.001212,-0.001913,-0.046073,1.664685,-2.201579,-0.929085,0.066309,0.027499,-0.064133,0.288811,0.032671,-0.956828,0.654464,0.722699,0.222221,0.698759,-0.69039,0.187341,0.001065,0.005246,0.007782,-0.002911,0.087824,-0.144572,0.519082
178,0.130176,-0.052438,0.286811,-0.298804,-0.089635,-0.950119,-0.69043,-0.666991,0.280002,-0.658455,0.739766,0.138598,0.017601,0.005769,0.009356,0.001652,-0.029043,0.05455,0.521556,-0.16416,-0.02397,0.252536,-0.338892,0.073459,0.937949,0.641897,-0.710722,0.28771,0.688151,0.699466,0.192505,0.000981,-0.013503,0.004461,-0.058097,0.523063,-0.669562,-1.404253,0.039788,0.045486,-0.034984,0.254194,-0.01578,0.967024,-0.627142,0.758473,0.177229,-0.736259,-0.651512,0.182903,-7e-06,-0.001013,-0.0016,-0.048754,1.647666,-2.209308,-0.925655,0.06656,0.027722,-0.063921,0.291136,0.033367,-0.956099,0.653523,0.722929,0.22423,0.698674,-0.690115,0.188665,0.00879,0.002858,0.004634,-0.003145,0.069776,-0.117558,0.520061
179,0.13066,-0.052256,0.286991,-0.298015,-0.092387,-0.950104,-0.690343,-0.666537,0.281294,-0.658904,0.73984,0.136045,0.016634,0.001068,0.002396,-0.038778,-0.17619,-0.061927,0.521073,-0.16418,-0.024295,0.252725,-0.332819,0.08413,0.939226,0.631515,-0.719699,0.288369,0.700608,0.688994,0.1852,-0.014782,-0.012097,0.008767,-0.041934,0.033221,-0.041729,-1.404048,0.039784,0.045322,-0.034893,0.24671,-0.025867,0.968743,-0.616591,0.76701,0.177508,-0.747628,-0.641112,0.17328,0.000492,-0.005412,0.004343,-0.032063,-0.010224,-0.031087,-0.929085,0.066803,0.027819,-0.063822,0.290268,0.035741,-0.956277,0.653506,0.722589,0.225372,0.699051,-0.690352,0.186387,0.000397,0.006743,-0.002357,-0.025996,-0.248763,-0.114971,0.520062
180,0.130838,-0.052131,0.286925,-0.2982,-0.09245,-0.95004,-0.690047,-0.666789,0.281424,-0.65913,0.739606,0.136227,0.016528,0.010066,-0.00892,0.035781,-0.031676,0.045728,0.520997,-0.164121,-0.024565,0.252933,-0.325361,0.089616,0.94133,0.625651,-0.725944,0.285482,0.709314,0.681706,0.178922,0.000993,-0.010752,0.0088,-0.050335,0.052792,-0.014111,-1.403947,0.039808,0.045188,-0.034788,0.238718,-0.030891,0.970597,-0.610189,0.77276,0.17467,-0.755434,-0.633945,0.165622,0.008872,-0.010589,0.008009,-0.077032,0.051317,-0.061715,-0.929901,0.066891,0.027878,-0.063851,0.290323,0.036301,-0.956239,0.653191,0.722756,0.225752,0.699323,-0.690148,0.186122,0.000162,0.005559,-0.004101,0.04001,-0.001385,0.024937,0.520225
181,0.130886,-0.051892,0.286488,-0.298257,-0.095552,-0.949715,-0.689072,-0.66694,0.283448,-0.660123,0.739079,0.134262,-0.016746,0.00785,-0.013827,0.03304,0.011689,-0.038602,0.521713,-0.163824,-0.025221,0.253431,-0.319593,0.08775,0.943479,0.624321,-0.72943,0.279445,0.713093,0.678223,0.177131,0.016781,-0.01059,0.006957,0.104349,-0.27121,-0.191853,-1.403938,0.03995,0.044863,-0.034532,0.232662,-0.029537,0.972108,-0.608456,0.775342,0.169185,-0.758714,-0.630849,0.162421,0.00098,-0.011638,0.007398,0.138001,-0.44522,-0.383649,-0.927941,0.066929,0.028001,-0.064064,0.290139,0.03942,-0.956171,0.652232,0.723004,0.227719,0.700294,-0.689716,0.184061,-0.00039,0.002786,-0.008185,0.039915,0.014328,0.000735,0.520551
182,0.130619,-0.051931,0.286087,-0.299095,-0.095825,-0.949424,-0.688526,-0.667189,0.284188,-0.660313,0.738819,0.134759,-0.017124,-0.003478,-0.005974,-0.000984,0.014714,-0.029554,0.521203,-0.163504,-0.025493,0.253599,-0.320703,0.08246,0.94358,0.624351,-0.730648,0.276177,0.71257,0.677582,0.181631,0.015794,0.00095,-0.00061,0.170015,-0.338974,-0.216762,-1.404267,0.040111,0.044722,-0.034446,0.234042,-0.024417,0.971919,-0.6082,0.776241,0.165958,-0.758495,-0.629963,0.166823,-8e-06,-1.4e-05,-2.8e-05,0.250632,-0.545575,-0.415292,-0.924349,0.066794,0.027978,-0.064279,0.291022,0.039577,-0.955896,0.651646,0.723337,0.228341,0.700473,-0.689359,0.184717,-0.000594,-0.002979,-0.004404,-0.000688,0.0148,-0.024719,0.520551
183,0.130405,-0.052045,0.285983,-0.299783,-0.095993,-0.949189,-0.688413,-0.667035,0.284824,-0.660118,0.738937,0.135067,-0.017184,-0.003723,-0.006352,-0.001647,0.029093,-0.054521,0.521339,-0.163336,-0.025524,0.253567,-0.321058,0.081794,0.943516,0.619654,-0.735185,0.27471,0.716501,0.67274,0.184147,-4e-06,-0.001907,-0.003007,0.085896,-0.152335,-0.151844,-1.403502,0.0402,0.04471,-0.034458,0.234793,-0.022363,0.971787,-0.602938,0.780824,0.163644,-0.762455,-0.62435,0.169848,-4e-06,-0.001009,-0.001598,0.092026,-0.170371,-0.164848,-0.923206,0.066686,0.027921,-0.064332,0.291682,0.039789,-0.955687,0.65155,0.723225,0.228968,0.700288,-0.689464,0.185027,-0.000491,-0.002455,-0.003631,-0.000781,0.014449,-0.024907,0.520878
184,0.129799,-0.052324,0.285929,-0.289899,-0.095487,-0.952306,-0.687628,-0.671299,0.276581,-0.665339,0.73513,0.130137,-0.017003,-0.002722,-0.004901,-0.068417,-1.324356,2.356067,0.52174,-0.162999,-0.025673,0.253441,-0.318182,0.094893,0.943264,0.602687,-0.747704,0.27864,0.732092,0.657024,0.17951,0.016802,-0.01356,0.00224,4.981662,1.927813,1.265224,-1.403326,0.040369,0.044634,-0.034523,0.231888,-0.033197,0.972175,-0.58667,0.792421,0.166994,-0.775916,-0.60907,0.164277,0.008473,-0.006911,0.001008,4.922203,2.111774,1.400651,-0.922553,0.066383,0.027779,-0.064362,0.284432,0.039366,-0.957887,0.649745,0.726767,0.222801,0.704932,-0.685755,0.181137,-0.008607,-0.006629,0.002083,-0.037215,0.032119,-0.05099,0.520551
185,0.129175,-0.052618,0.28598,-0.280111,-0.094897,-0.955289,-0.686736,-0.675513,0.268415,-0.670442,0.731334,0.125241,-0.016484,-0.000107,-0.001043,0.003588,-0.084292,0.142887,0.521423,-0.162481,-0.025979,0.253393,-0.314806,0.098266,0.944051,0.594902,-0.754504,0.277036,0.739878,0.648699,0.177858,0.032636,-0.012936,0.001056,-0.034398,-0.002241,0.017614,-1.403679,0.040616,0.044485,-0.034549,0.227662,-0.038472,0.972979,-0.577395,0.799264,0.166704,-0.784082,-0.599746,0.159748,0.008411,-0.006728,0.00118,-0.034144,-0.008834,0.00888,-0.921083,0.066064,0.027627,-0.064344,0.272082,0.037171,-0.961555,0.649355,0.730345,0.211975,0.710147,-0.682065,0.174577,-0.008219,5.3e-05,-0.000355,0.003094,-0.081317,0.138058,0.520715
186,0.128737,-0.052656,0.286085,-0.279545,-0.094785,-0.955466,-0.68705,-0.675377,0.267957,-0.670358,0.731475,0.124868,0.000318,0.001534,0.002279,0.000662,-0.014339,0.02499,0.521419,-0.161663,-0.026672,0.25337,-0.304611,0.10384,0.946795,0.580277,-0.767952,0.271038,0.755589,0.631828,0.172461,0.032706,-0.016317,-0.004383,-0.03402,-0.002341,0.017541,-1.403548,0.041025,0.044143,-0.034553,0.216945,-0.043314,0.975222,-0.56163,0.811576,0.160985,-0.79844,-0.582639,0.151741,0.008944,-0.014699,0.001438,-0.059369,-0.097088,0.13623,-0.922716,0.065851,0.027605,-0.064296,0.271568,0.037024,-0.961706,0.64967,0.730183,0.211566,0.710055,-0.682247,0.174241,0.000107,0.000515,0.000772,-0.000176,8e-05,-5.5e-05,0.520225
187,0.12861,-0.052626,0.286159,-0.28067,-0.09209,-0.9554,-0.68696,-0.675885,0.266903,-0.669978,0.731346,0.12763,0.000466,0.00224,0.003327,0.107676,0.41346,0.267468,0.521338,-0.16121,-0.02709,0.253268,-0.301755,0.102306,0.947876,0.57682,-0.771938,0.267068,0.759371,0.627207,0.172714,0.016913,-0.019957,-0.008036,-0.015015,-0.015494,-0.069106,-1.403892,0.041257,0.043938,-0.034598,0.214247,-0.041301,0.975905,-0.557651,0.815108,0.156921,-0.801949,-0.577834,0.151602,0.016377,-0.009398,-0.004205,-0.013366,-0.037894,-0.004384,-0.922716,0.065781,0.027622,-0.064257,0.272132,0.036761,-0.961556,0.649596,0.730193,0.211759,0.709907,-0.68225,0.174829,-0.007904,0.001577,0.001899,0.124574,0.518204,0.25569,0.519898
188,0.128649,-0.052563,0.286272,-0.284698,-0.096754,-0.953746,-0.677466,-0.683586,0.271519,-0.677891,0.72355,0.130257,0.016642,0.00087,0.002188,0.001777,-0.028966,0.054577,0.521394,-0.160184,-0.027792,0.252923,-0.303497,0.094524,0.948128,0.576738,-0.773774,0.261878,0.758741,0.626174,0.179112,0.032843,-0.017414,-0.006329,0.013351,-0.183749,0.129261,-1.403868,0.041764,0.043578,-0.034784,0.216276,-0.033326,0.975762,-0.557079,0.816548,0.151363,-0.801801,-0.576314,0.158035,0.016427,-0.008866,-0.003433,-0.005001,-0.043164,-0.012774,-0.92141,0.065802,0.027656,-0.064195,0.276669,0.039395,-0.960156,0.639626,0.738124,0.214593,0.717169,-0.673512,0.179018,0.008323,0.000455,0.001118,0.000564,-0.034437,0.05721,0.520061
189,0.128858,-0.052567,0.286278,-0.285951,-0.100762,-0.952956,-0.668624,-0.691384,0.273681,-0.686087,0.715552,0.131518,-0.000177,-0.000853,-0.001266,0.0,0.0,0.0,0.521125,-0.159254,-0.028195,0.252693,-0.305931,0.086935,0.948071,0.576062,-0.775859,0.257153,0.758279,0.624704,0.186069,0.015926,-0.002773,-0.006733,0.124095,-0.250284,-0.147578,-1.40358,0.042235,0.043366,-0.034907,0.21886,-0.027017,0.975381,-0.556109,0.817927,0.147437,-0.801774,-0.574687,0.163987,0.008495,-0.00741,-1.5e-05,0.131554,-0.34537,-0.281916,-0.925166,0.065907,0.02766,-0.064183,0.277653,0.043547,-0.959693,0.630368,0.74558,0.216205,0.724944,-0.66499,0.179561,-0.00013,-0.000625,-0.000935,-0.000534,0.000551,0.000452,0.519735
190,0.128957,-0.052622,0.286183,-0.284602,-0.104093,-0.953001,-0.660407,-0.69929,0.273548,-0.694552,0.707348,0.131464,0.015486,-0.004714,-0.00611,0.01312,-0.00405,0.002797,0.521433,-0.15886,-0.02836,0.252686,-0.306749,0.084423,0.948034,0.575967,-0.776435,0.255625,0.758022,0.624336,0.188334,0.015916,-0.001016,-0.003926,0.230876,-0.455899,-0.301979,-1.403415,0.042433,0.043282,-0.034912,0.219241,-0.026307,0.975315,-0.55615,0.817963,0.147079,-0.801641,-0.574668,0.1647,0.008491,-0.00632,0.00173,-0.041989,0.031021,0.002202,-0.926472,0.065951,0.027636,-0.064226,0.276115,0.046802,-0.959983,0.62172,0.753,0.215533,0.732955,-0.656353,0.178817,-0.000312,-0.001512,-0.002256,0.042494,-0.010475,-0.006019,0.520388
191,0.128916,-0.052766,0.285987,-0.285607,-0.10437,-0.95267,-0.660172,-0.699155,0.274458,-0.694362,0.707441,0.131969,-0.000535,-0.002582,-0.003841,-0.004574,0.098947,-0.172474,0.521362,-0.158214,-0.028739,0.252909,-0.301444,0.083129,0.949849,0.578287,-0.776038,0.251564,0.758378,0.625005,0.184646,0.001066,-0.011409,0.007762,-0.036488,0.010917,-0.017886,-1.403718,0.042761,0.043099,-0.034802,0.214623,-0.022247,0.976443,-0.557589,0.81802,0.141196,-0.801891,-0.574758,0.163162,0.00848,-0.004993,0.003858,-0.037001,-0.004346,0.01991,-0.93333,0.065936,0.027558,-0.064333,0.276983,0.047093,-0.959719,0.62154,0.752921,0.216327,0.732781,-0.656423,0.179276,-0.000324,-0.001578,-0.002346,-0.000641,0.000196,0.000112,0.521368
192,0.128873,-0.052725,0.285861,-0.285963,-0.104505,-0.952549,-0.659894,-0.699295,0.27477,-0.694479,0.707283,0.132198,-0.000102,-0.000494,-0.000735,0.0,0.0,0.0,0.521775,-0.157729,-0.029146,0.253305,-0.294822,0.075755,0.95254,0.580743,-0.77734,0.241689,0.759095,0.624334,0.183966,0.016957,-0.008852,0.009541,0.17969,-0.327703,-0.480444,-1.403823,0.042998,0.042896,-0.034602,0.207454,-0.016966,0.978097,-0.559681,0.817982,0.132897,-0.802321,-0.574992,0.160198,0.00847,-0.004227,0.005079,-0.036032,-0.013058,0.043008,-0.93333,0.065913,0.027575,-0.064401,0.277467,0.047299,-0.959569,0.621238,0.753047,0.216755,0.732853,-0.656263,0.179562,-4.6e-05,-0.000229,-0.00034,-0.000444,9.9e-05,9e-05,0.521368
193,0.128935,-0.052661,0.285792,-0.285237,-0.106189,-0.95258,-0.655598,-0.703366,0.274662,-0.698831,0.702983,0.132197,-0.0,-1e-06,-2e-06,0.0,-0.0,-0.0,0.521559,-0.157382,-0.029507,0.253579,-0.295968,0.070431,0.952594,0.580987,-0.778243,0.238172,0.758464,0.62384,0.188199,0.00108,-0.011621,0.007419,0.051967,-0.160051,-0.145273,-1.403493,0.043177,0.042721,-0.034458,0.209565,-0.009371,0.977749,-0.559201,0.819136,0.127706,-0.802107,-0.573521,0.166422,0.007951,0.00054,-0.000308,0.116629,-0.251498,-0.147212,-0.929411,0.065945,0.027608,-0.064434,0.276649,0.048938,-0.959723,0.616722,0.75686,0.21637,0.736966,-0.651741,0.179204,1.1e-05,4e-05,5.6e-05,-0.000407,0.000542,-1.7e-05,0.521694
194,0.128972,-0.052668,0.285803,-0.283831,-0.110654,-0.952492,-0.651463,-0.706614,0.276162,-0.703257,0.699032,0.129659,4.7e-05,0.000226,0.000336,-0.002974,-0.011984,-0.006799,0.520987,-0.157262,-0.029625,0.253666,-0.29682,0.067849,0.952516,0.580863,-0.778814,0.236603,0.758227,0.623417,0.19054,-4e-06,0.000254,0.000407,0.062994,-0.121643,-0.090621,-1.40368,0.043231,0.04266,-0.034416,0.210569,-0.006708,0.977555,-0.558884,0.819615,0.12601,-0.802065,-0.572874,0.168836,-8e-06,0.000177,0.00028,0.093481,-0.189029,-0.141078,-0.929574,0.065963,0.027605,-0.064428,0.274894,0.053604,-0.959978,0.612432,0.759926,0.217806,0.741188,-0.647795,0.17607,-0.000117,-0.005288,0.004492,-0.030281,0.028794,-0.01029,0.521368
195,0.128973,-0.052767,0.285767,-0.283968,-0.110674,-0.952449,-0.651543,-0.706489,0.276292,-0.703127,0.699154,0.1297,-0.000483,-0.002331,-0.003472,-1e-06,-2e-06,-1e-06,0.522146,-0.157198,-0.029645,0.253763,-0.300557,0.066046,0.95147,0.579851,-0.77933,0.237385,0.757533,0.62297,0.194721,-1.5e-05,0.000902,0.001448,0.001079,-0.002081,-0.00155,-1.403207,0.04327,0.042645,-0.034367,0.21458,-0.004925,0.976693,-0.55779,0.820257,0.126682,-0.801764,-0.571973,0.173263,-1.3e-05,0.000668,0.00107,-0.004232,0.016453,0.009982,-0.93431,0.065965,0.027562,-0.064437,0.275119,0.053344,-0.959928,0.612512,0.759869,0.217775,0.741038,-0.647882,0.176381,-0.000239,-0.001147,-0.001709,-0.000225,0.000824,0.000463,0.521858
196,0.128818,-0.05302,0.285495,-0.265217,-0.112114,-0.957672,-0.639266,-0.723089,0.261634,-0.721493,0.681734,0.121299,-0.001488,-0.007163,-0.010702,0.413492,-1.565322,2.497732,0.522022,-0.157316,-0.029507,0.253747,-0.302688,0.069439,0.950553,0.579238,-0.778539,0.241443,0.757156,0.623584,0.194218,-0.001085,0.011867,-0.007024,-0.036361,0.129692,0.122596,-1.403062,0.043217,0.042712,-0.034369,0.21669,-0.008222,0.976205,-0.557443,0.819872,0.130641,-0.801437,-0.572487,0.173075,-3e-06,0.00013,0.00021,-0.120063,0.254877,0.190029,-0.929901,0.065889,0.027442,-0.064562,0.259148,0.053999,-0.964326,0.599902,0.773489,0.204528,0.75694,-0.631504,0.168054,-0.008951,-0.003346,-0.005259,5.284798,-1.427542,-0.770361,0.522184
197,0.128729,-0.053159,0.285302,-0.26467,-0.111947,-0.957843,-0.639413,-0.723138,0.261142,-0.721565,0.68171,0.121008,-0.017722,-0.0059,-0.009743,0.002922,-0.069914,0.117918,0.521394,-0.157477,-0.029457,0.253713,-0.301795,0.071986,0.950647,0.579533,-0.777835,0.243,0.757286,0.62417,0.191814,-0.0,4e-06,6e-06,-0.194444,0.375104,0.279647,-1.40311,0.04313,0.042741,-0.034389,0.216006,-0.009608,0.976344,-0.557701,0.819566,0.13145,-0.801442,-0.572902,0.171673,-3e-06,-3e-05,-4.4e-05,-0.247251,0.552075,0.414335,-0.931044,0.065849,0.027367,-0.064667,0.255854,0.053194,-0.96525,0.599395,0.774657,0.201569,0.758461,-0.630139,0.166314,-0.000809,-0.003905,-0.005844,-0.001574,0.016936,-0.028395,0.522021
198,0.128594,-0.053386,0.284939,-0.26457,-0.111929,-0.957873,-0.639415,-0.723166,0.261058,-0.721599,0.681683,0.120953,-0.001174,-0.005622,-0.008445,-0.000662,0.014341,-0.024989,0.521137,-0.157786,-0.029369,0.253644,-0.301558,0.071842,0.950733,0.579367,-0.778058,0.242681,0.757507,0.623909,0.191793,-1.2e-05,0.000786,0.001261,-4.2e-05,8e-05,6e-05,-1.403208,0.042976,0.042782,-0.034428,0.215252,-0.011021,0.976496,-0.557911,0.819299,0.132229,-0.801499,-0.57326,0.170207,-0.007959,-9.7e-05,0.001011,0.00079,-0.005081,-0.008607,-0.928758,0.065775,0.027248,-0.064856,0.255679,0.05313,-0.9653,0.599435,0.774668,0.20141,0.758488,-0.630131,0.166219,-0.000557,-0.002693,-0.004042,-0.001208,0.014495,-0.024956,0.521041
199,0.12854,-0.053529,0.284723,-0.264267,-0.115399,-0.957544,-0.630563,-0.730555,0.262013,-0.729453,0.673175,0.121489,-0.000545,-0.002604,-0.00392,-0.000659,0.014341,-0.02499,0.519653,-0.157925,-0.029408,0.253699,-0.301968,0.07192,0.950597,0.579343,-0.777971,0.243015,0.757362,0.624007,0.192041,-0.0,2.6e-05,4.1e-05,-0.0,0.0,0.0,-1.403389,0.042906,0.042765,-0.034397,0.21568,-0.011086,0.9764,-0.557921,0.819241,0.132542,-0.801377,-0.573341,0.170509,-0.007418,-0.006375,0.003963,-0.038624,0.026042,-0.04711,-0.926145,0.065747,0.027173,-0.06497,0.255049,0.056554,-0.965272,0.590209,0.781634,0.201742,0.765899,-0.621166,0.165976,-0.000208,-0.001009,-0.001522,-0.000521,0.001338,-0.000151,0.520225
200,0.128636,-0.053523,0.284682,-0.265993,-0.125133,-0.955842,-0.607147,-0.748412,0.266879,-0.748436,0.651478,0.12429,0.000178,0.00085,0.001279,0.148637,0.081714,-0.235445,0.51843,-0.157832,-0.029644,0.253839,-0.299964,0.068542,0.95148,0.580203,-0.778537,0.23912,0.757498,0.623687,0.19255,0.001074,-0.011636,0.007396,0.00839,1.647581,-2.243904,-1.403501,0.042953,0.042647,-0.034328,0.214707,-0.007518,0.976649,-0.558264,0.819567,0.129038,-0.801399,-0.572933,0.171769,0.000531,-0.005819,0.003699,0.002811,1.674218,-2.223269,-0.924676,0.065794,0.027173,-0.064996,0.256245,0.066451,-0.964324,0.565945,0.798445,0.205406,0.783609,-0.598389,0.16699,0.000148,0.000696,0.001041,0.496427,0.314784,-0.858864,0.518592
201,0.128676,-0.053531,0.284727,-0.265153,-0.126656,-0.955875,-0.602788,-0.751958,0.26679,-0.752246,0.647086,0.124229,0.016073,-0.011563,0.008435,-0.03427,-2.4e-05,0.012085,0.518361,-0.157705,-0.029709,0.253913,-0.300811,0.065968,0.951395,0.579983,-0.779188,0.237527,0.757331,0.623155,0.194913,0.015896,0.002255,0.001292,0.05685,-0.13365,-0.023088,-1.402996,0.04301,0.042611,-0.034294,0.214725,-0.004943,0.976661,-0.558118,0.820007,0.126856,-0.801496,-0.572332,0.173317,0.000534,-0.00569,0.003904,0.027948,-0.114899,-0.109413,-0.925329,0.065809,0.027176,-0.064972,0.255496,0.068047,-0.964411,0.561198,0.801828,0.205251,0.787259,-0.593667,0.166676,0.000122,0.000587,0.000874,-0.000722,0.000892,0.001292,0.518102
202,0.128675,-0.053516,0.284861,-0.266187,-0.123938,-0.955944,-0.602813,-0.752446,0.265355,-0.75186,0.647041,0.126772,0.00035,0.001679,0.002524,0.029309,0.116546,0.06605,0.516544,-0.157545,-0.029746,0.253928,-0.300729,0.065982,0.95142,0.580101,-0.779105,0.237513,0.757273,0.623258,0.194808,0.015926,0.000315,-0.001826,0.002056,-0.015227,0.029229,-1.403102,0.043096,0.042597,-0.03428,0.214684,-0.005035,0.97667,-0.558129,0.819991,0.126911,-0.8015,-0.572354,0.173228,0.007963,9.3e-05,-0.001018,0.001248,-0.013401,0.030629,-0.926799,0.065815,0.02718,-0.0649,0.256706,0.065295,-0.96428,0.561227,0.802196,0.203727,0.786844,-0.593479,0.169283,0.000188,0.000909,0.001363,0.028684,0.118719,0.067374,0.516469
203,0.128667,-0.053389,0.285087,-0.268901,-0.124967,-0.95505,-0.602099,-0.752122,0.267884,-0.751464,0.647221,0.128195,0.000898,0.004304,0.006459,0.000669,-0.01431,0.025005,0.516081,-0.157596,-0.029794,0.25376,-0.29704,0.067801,0.95245,0.581137,-0.778555,0.236781,0.757931,0.623746,0.190644,-0.001033,0.008767,-0.012003,0.03547,-0.008823,0.019366,-1.402978,0.043071,0.042571,-0.034358,0.210755,-0.006776,0.977515,-0.559181,0.819377,0.126241,-0.801809,-0.573214,0.168898,2.9e-05,-0.001773,-0.002849,0.000526,0.003756,-0.032227,-0.925982,0.06581,0.027242,-0.064789,0.259379,0.06659,-0.963476,0.560581,0.801979,0.206343,0.786429,-0.593628,0.170687,0.000463,0.002229,0.003344,-0.000366,-0.018432,0.027922,0.514836
204,0.128672,-0.053325,0.285238,-0.267879,-0.126445,-0.955143,-0.597762,-0.755663,0.26763,-0.755281,0.642795,0.128033,0.000914,0.004386,0.006573,0.01349,-0.017928,0.023274,0.516408,-0.157703,-0.029863,0.253625,-0.295964,0.070301,0.952604,0.581597,-0.777774,0.238215,0.757997,0.62444,0.18809,5.7e-05,-0.003844,-0.006182,-0.192994,0.373004,0.277626,-1.403264,0.043017,0.042541,-0.034428,0.210328,-0.006869,0.977606,-0.55929,0.819327,0.126085,-0.801845,-0.573284,0.168485,3.5e-05,-0.002371,-0.003812,-0.228519,0.452954,0.301473,-0.926798,0.065813,0.027274,-0.064714,0.258247,0.068018,-0.963681,0.556065,0.805243,0.205849,0.789999,-0.58903,0.17013,0.000434,0.002092,0.003132,0.04269,-0.011318,-0.005339,0.514673
205,0.128687,-0.053237,0.285481,-0.267288,-0.126848,-0.955255,-0.58883,-0.763196,0.266048,-0.762469,0.63375,0.130493,0.000528,0.002535,0.003792,0.009378,0.037372,0.021165,0.516037,-0.15779,-0.030107,0.253383,-0.292494,0.069304,0.953748,0.58266,-0.777855,0.235332,0.758523,0.624451,0.185919,5.6e-05,-0.003908,-0.0063,-4.1e-05,8e-05,5.9e-05,-1.403328,0.042973,0.042416,-0.034553,0.206079,-0.007845,0.978503,-0.560597,0.818656,0.124628,-0.802035,-0.57423,0.16431,3.7e-05,-0.002325,-0.00375,-0.001116,0.011209,-0.023706,-0.925655,0.065821,0.027322,-0.064586,0.257761,0.068085,-0.963806,0.546675,0.812219,0.20358,0.796683,-0.579364,0.172138,0.000306,0.001493,0.002229,0.00169,0.017185,0.009851,0.514836
206,0.128691,-0.053178,0.285624,-0.265776,-0.129999,-0.955253,-0.579812,-0.770066,0.26606,-0.769873,0.624738,0.130481,0.000327,0.001572,0.002348,0.000106,-2e-05,-9e-06,0.51529,-0.157796,-0.030281,0.253223,-0.292862,0.066548,0.953832,0.582512,-0.77858,0.233295,0.758496,0.623851,0.188034,2.8e-05,-0.001998,-0.003227,0.052432,-0.101717,-0.075636,-1.40285,0.042971,0.042325,-0.03464,0.206639,-0.004985,0.978404,-0.560304,0.819176,0.12251,-0.802096,-0.57352,0.16648,1.6e-05,-0.000937,-0.00151,0.054087,-0.103373,-0.076762,-0.922063,0.065823,0.027353,-0.064513,0.25594,0.071431,-0.964049,0.537322,0.818507,0.203298,0.803603,-0.570037,0.171107,0.000151,0.000743,0.001106,-0.000967,0.000141,-0.000773,0.513367
207,0.128677,-0.053242,0.285676,-0.263705,-0.134794,-0.955162,-0.566143,-0.780078,0.266333,-0.78068,0.611156,0.130589,-5.5e-05,-0.000264,-0.000395,5.278728,-1.471896,-0.721704,0.513328,-0.157756,-0.03036,0.253169,-0.29366,0.06394,0.953765,0.582184,-0.779326,0.231618,0.75844,0.623197,0.190414,1.9e-05,-0.001305,-0.002109,0.027387,-0.053121,-0.039492,-1.403102,0.042991,0.042287,-0.034665,0.207641,-0.002217,0.978202,-0.559729,0.819842,0.12067,-0.802239,-0.572585,0.168991,1.1e-05,-0.00063,-0.001018,0.022014,-0.030517,-0.022179,-0.923206,0.065816,0.027321,-0.064486,0.254493,0.0746,-0.964192,0.527907,0.824649,0.203142,0.810275,-0.560702,0.170485,-0.000201,-0.005687,0.003896,-0.036246,0.015307,-0.017381,0.51206
208,0.128673,-0.053317,0.285713,-0.263871,-0.134838,-0.95511,-0.566272,-0.779928,0.266497,-0.78053,0.611338,0.130637,-0.000366,-0.011196,0.008065,-0.03536,0.014707,-0.017463,0.504199,-0.157755,-0.030378,0.25316,-0.293607,0.063922,0.953782,0.582221,-0.77931,0.231577,0.758432,0.623218,0.190376,3e-06,-0.000202,-0.000326,0.00034,-0.00066,-0.000491,-1.403117,0.042991,0.042277,-0.034671,0.207528,-0.002394,0.978225,-0.559726,0.819832,0.120751,-0.80227,-0.572598,0.168798,1e-06,-7.1e-05,-0.000116,-0.002352,0.009121,0.006989,-0.924349,0.065814,0.027287,-0.064473,0.253765,0.076169,-0.964261,0.523238,0.827635,0.203077,0.813525,-0.556072,0.17017,-5.1e-05,-0.000243,-0.000367,-0.0009,0.000546,0.000103,0.508304
209,0.128733,-0.053332,0.285861,-0.268724,-0.130607,-0.954345,-0.565524,-0.780634,0.266018,-0.779411,0.61135,0.137104,0.016807,0.001523,0.00318,0.080934,0.286432,0.232902,0.498408,-0.157807,-0.030328,0.253148,-0.293902,0.064005,0.953686,0.582029,-0.779389,0.231794,0.758466,0.62311,0.190594,-0.0,9e-06,1.4e-05,0.0,-0.0,-0.0,-1.403009,0.042965,0.042304,-0.034674,0.207791,-0.002606,0.978169,-0.55956,0.819901,0.121051,-0.802318,-0.572497,0.168911,-0.007971,-0.000534,0.000307,-0.002264,0.015351,-0.029097,-0.926309,0.065843,0.02727,-0.064404,0.25852,0.073044,-0.963239,0.522507,0.828109,0.20303,0.812498,-0.555787,0.175917,0.00842,0.000844,0.001713,0.111832,0.387628,0.294598,0.493282
210,0.128894,-0.053367,0.286076,-0.27983,-0.131071,-0.951084,-0.558264,-0.783721,0.272204,-0.780721,0.607287,0.147323,2e-05,-0.009346,0.010824,1.58347,-0.268746,-0.167109,0.497828,-0.157805,-0.030354,0.253165,-0.293688,0.066795,0.95356,0.582309,-0.77852,0.234001,0.758333,0.6239,0.188529,-2e-06,0.000154,0.000249,-0.002396,0.004637,0.003448,-1.403093,0.042966,0.042291,-0.034666,0.207238,-0.005569,0.978274,-0.560129,0.819174,0.123321,-0.802064,-0.573517,0.166644,-1e-06,0.000127,0.000205,0.002024,-0.014361,-0.011093,-0.927778,0.065925,0.02726,-0.064293,0.270769,0.072208,-0.959931,0.51986,0.828303,0.208944,0.810202,-0.555606,0.186741,0.008306,0.000314,0.000916,0.071666,0.237272,0.214262,0.489036
211,0.128932,-0.053441,0.286173,-0.279216,-0.132758,-0.951031,-0.553806,-0.786819,0.272373,-0.784109,0.602899,0.147357,0.000241,0.001161,0.001731,0.000645,0.002444,0.00138,0.495948,-0.157754,-0.030373,0.253188,-0.293752,0.066825,0.953539,0.582346,-0.778469,0.234077,0.75828,0.62396,0.188544,-3e-06,0.000217,0.000351,-4.1e-05,8e-05,5.9e-05,-1.403372,0.042991,0.042282,-0.034654,0.2075,-0.005456,0.978219,-0.560139,0.819158,0.123385,-0.801989,-0.573542,0.166918,0.007969,0.000702,-3.8e-05,0.00298,-0.018614,0.02667,-0.926472,0.065943,0.02722,-0.064241,0.269335,0.07506,-0.960116,0.510459,0.834262,0.208416,0.816633,-0.546234,0.186381,-2.5e-05,-0.004837,0.005161,-0.040753,-0.016284,-0.001397,0.48626
212,0.128882,-0.053641,0.286392,-0.278058,-0.136166,-0.950888,-0.544936,-0.792832,0.272826,-0.790705,0.594201,0.147438,0.000135,0.000651,0.00097,0.0,1e-06,0.0,0.496413,-0.157609,-0.030375,0.253201,-0.294715,0.064301,0.953415,0.581918,-0.779246,0.232554,0.758237,0.623259,0.19102,-0.0,8e-06,1.4e-05,0.032298,-0.062439,-0.04642,-1.40289,0.043064,0.042281,-0.034646,0.208672,-0.002736,0.977981,-0.559582,0.819791,0.121692,-0.802074,-0.572655,0.169536,0.0,-3e-06,-7e-06,0.035608,-0.060942,-0.044979,-0.925329,0.065918,0.02712,-0.064132,0.267892,0.078592,-0.960237,0.501281,0.839767,0.208582,0.822769,-0.537227,0.18557,-0.008171,-0.00434,0.005454,-0.037074,0.029814,-0.047267,0.484464
213,0.128709,-0.053796,0.28656,-0.275978,-0.135144,-0.95164,-0.546013,-0.792762,0.270871,-0.790694,0.594526,0.146181,-0.016233,0.001251,0.000961,-0.002587,-0.10698,0.187328,0.504129,-0.157538,-0.030361,0.253193,-0.294992,0.064408,0.953322,0.581804,-0.779258,0.2328,0.758216,0.623233,0.191185,0.001078,-0.011682,0.00732,-0.036528,0.010854,-0.017854,-1.402934,0.043099,0.042288,-0.03465,0.208892,-0.003069,0.977933,-0.559432,0.819837,0.12207,-0.802121,-0.572587,0.16954,0.000539,-0.005846,0.003651,-0.037,0.012232,-0.016804,-0.925656,0.065832,0.027043,-0.064046,0.265872,0.0774,-0.960895,0.502372,0.839598,0.206632,0.82276,-0.537664,0.184343,-0.00813,0.000582,0.000414,-0.002084,-0.116888,0.20462,0.491812
214,0.128628,-0.053832,0.286521,-0.271004,-0.132841,-0.953392,-0.547439,-0.793393,0.266103,-0.791434,0.594201,0.143479,-0.000447,-0.00215,-0.003204,-0.006017,-0.391365,0.697918,0.506362,-0.157514,-0.030373,0.25319,-0.295137,0.064458,0.953274,0.581776,-0.779239,0.232931,0.758182,0.623251,0.191265,6e-06,-0.000412,-0.000665,0.0,-0.0,-0.0,-1.403296,0.043112,0.042283,-0.034651,0.209033,-0.003142,0.977903,-0.559418,0.819825,0.122214,-0.802094,-0.572604,0.169613,4e-06,-0.000275,-0.000447,-0.000144,0.000176,0.000136,-0.927942,0.065799,0.027029,-0.06406,0.263436,0.076041,-0.961674,0.503089,0.83976,0.204214,0.823105,-0.537605,0.182968,-0.000193,-0.000921,-0.001371,-0.000727,0.003244,-0.005348,0.495405
215,0.128445,-0.053852,0.286408,-0.262766,-0.129059,-0.956213,-0.549596,-0.79451,0.258207,-0.792724,0.593537,0.139033,-4.7e-05,0.009206,-0.011032,0.035363,-0.014705,0.017527,0.507079,-0.157499,-0.030403,0.25322,-0.295123,0.064453,0.953279,0.581861,-0.779174,0.232938,0.758122,0.623333,0.191232,-0.0,6e-06,1e-05,0.0,-0.0,-0.0,-1.403228,0.043119,0.042267,-0.034637,0.209018,-0.003138,0.977906,-0.559509,0.819763,0.12222,-0.802035,-0.572694,0.16959,-0.0,1e-06,2e-06,-6.8e-05,-0.0,-3.5e-05,-0.925165,0.0657,0.027011,-0.064119,0.252957,0.070237,-0.964924,0.505877,0.840553,0.1938,0.824682,-0.537156,0.177093,-0.008302,-0.000251,-0.000828,0.002291,-0.065238,0.111088,0.499487
216,0.128331,-0.053839,0.286347,-0.265182,-0.130208,-0.95539,-0.548849,-0.794267,0.260534,-0.792435,0.593612,0.140352,-7e-06,-3.6e-05,-5.3e-05,0.0,0.0,-0.0,0.504503,-0.157535,-0.030424,0.25317,-0.295362,0.064517,0.9532,0.581766,-0.779188,0.233128,0.758102,0.623309,0.191391,1.9e-05,-0.00125,-0.002021,0.0,-0.0,-0.0,-1.403098,0.043101,0.042259,-0.034658,0.209259,-0.003218,0.977854,-0.559431,0.819787,0.122415,-0.802026,-0.572659,0.169747,1.2e-05,-0.000819,-0.001323,-5.5e-05,-3.1e-05,-7e-06,-0.926309,0.065642,0.027019,-0.064157,0.255377,0.071613,-0.964185,0.505119,0.840449,0.19621,0.8244,-0.537136,0.178458,9e-06,4.1e-05,6.2e-05,-2.8e-05,-0.001117,0.001982,0.500303
217,0.128407,-0.053842,0.286383,-0.267054,-0.133007,-0.954483,-0.543458,-0.79713,0.263078,-0.795513,0.589139,0.141784,0.016314,-0.000894,-0.000419,0.00483,-0.015772,0.028978,0.484309,-0.157545,-0.030499,0.253072,-0.295187,0.064459,0.953259,0.581843,-0.779174,0.232982,0.758111,0.623333,0.191279,2.1e-05,-0.001408,-0.002279,0.0,-0.0,-0.0,-1.403407,0.043096,0.04222,-0.03471,0.209083,-0.003147,0.977892,-0.559498,0.819764,0.122264,-0.802026,-0.572692,0.169638,1.2e-05,-0.000802,-0.001298,-0.001981,0.016495,-0.023587,-0.926635,0.065675,0.027018,-0.064138,0.257128,0.074608,-0.963492,0.499565,0.843201,0.198613,0.827236,-0.532396,0.179539,8e-05,0.000385,0.000573,0.013148,-0.004856,0.002529,0.483811
218,0.128463,-0.053832,0.286457,-0.272549,-0.134371,-0.952737,-0.537271,-0.800183,0.266497,-0.797841,0.584675,0.147083,0.00054,0.002586,0.003857,0.01891,0.093991,0.000345,0.480748,-0.157521,-0.030506,0.253056,-0.295326,0.064509,0.953212,0.581797,-0.779172,0.233104,0.758092,0.62333,0.191361,1.1e-05,-0.000725,-0.001173,0.0,-0.0,-0.0,-1.40346,0.043108,0.042215,-0.03472,0.209223,-0.003207,0.977862,-0.559463,0.819769,0.12239,-0.802014,-0.572685,0.16972,7e-06,-0.000428,-0.000693,-2.9e-05,1e-06,-2.9e-05,-0.926472,0.065708,0.027019,-0.064107,0.262642,0.076212,-0.961878,0.493181,0.846217,0.201712,0.829331,-0.527358,0.184666,0.000219,0.001052,0.001565,0.016359,0.20145,-0.190707,0.47336
219,0.128653,-0.05373,0.286562,-0.280731,-0.135073,-0.950259,-0.535121,-0.799864,0.271728,-0.796438,0.58495,0.153452,0.00027,0.0013,0.001936,0.003,0.012015,0.006764,0.490195,-0.157519,-0.030524,0.253067,-0.295433,0.06454,0.953176,0.581803,-0.779138,0.233203,0.758046,0.623369,0.191416,0.001064,-0.010727,0.008866,-0.034589,-0.005623,0.005708,-1.40316,0.043109,0.042208,-0.034722,0.209325,-0.003244,0.97784,-0.55946,0.819757,0.122482,-0.801989,-0.572701,0.169782,1e-06,1.1e-05,1.8e-05,-2e-05,7e-06,-2.7e-05,-0.926635,0.065804,0.027076,-0.064045,0.270803,0.077441,-0.959514,0.49109,0.846182,0.206895,0.827946,-0.527236,0.191118,0.000129,0.000625,0.000928,-0.006153,-0.017081,-0.006067,0.473034
220,0.128836,-0.053773,0.286434,-0.279884,-0.136701,-0.950275,-0.530303,-0.803088,0.271662,-0.79995,0.580134,0.153464,-0.000565,-0.002723,-0.004059,0.000104,-2.7e-05,-1.5e-05,0.475111,-0.157441,-0.03056,0.253174,-0.295593,0.0646,0.953123,0.581929,-0.778987,0.233392,0.757887,0.623551,0.191454,-1.4e-05,0.000933,0.00151,0.0,-0.0,-0.0,-1.40286,0.043148,0.042187,-0.034662,0.209492,-0.003316,0.977804,-0.559629,0.819612,0.122678,-0.801827,-0.572908,0.169846,0.007964,0.001159,0.000697,0.00203,-0.015204,0.029232,-0.927125,0.065897,0.027059,-0.064102,0.269694,0.07927,-0.959677,0.486133,0.849074,0.20675,0.831227,-0.52229,0.190455,-0.000362,-0.001751,-0.002613,-0.000718,0.014634,-0.025534,0.466012
221,0.128871,-0.053874,0.286361,-0.280105,-0.136788,-0.950198,-0.530333,-0.802996,0.271876,-0.799853,0.580242,0.153566,-0.000618,-0.002978,-0.004443,0.0,0.0,0.0,0.464294,-0.157427,-0.030562,0.253228,-0.295671,0.064624,0.953097,0.581963,-0.778937,0.233473,0.75783,0.623611,0.191483,-1.6e-05,0.001029,0.001665,0.0,-0.0,-0.0,-1.403082,0.043155,0.042187,-0.034634,0.20957,-0.003345,0.977787,-0.559673,0.81957,0.122759,-0.801776,-0.572968,0.169885,-1.2e-05,0.000645,0.001041,-1.1e-05,-3e-06,-0.0,-0.927125,0.065914,0.027007,-0.064141,0.269916,0.079374,-0.959606,0.486172,0.848997,0.206975,0.831132,-0.5224,0.190568,-0.000379,-0.001841,-0.002752,-0.000991,0.01437,-0.025041,0.455562
222,0.128843,-0.053934,0.286233,-0.280518,-0.136994,-0.950046,-0.53018,-0.802962,0.272274,-0.799808,0.580241,0.153799,-0.016463,0.000181,-0.000633,-0.000984,0.014715,-0.029553,0.457718,-0.157353,-0.030579,0.253229,-0.295887,0.064709,0.953024,0.58193,-0.7789,0.233679,0.757772,0.623648,0.191594,3e-06,-0.000203,-0.000329,0.0,-0.0,-0.0,-1.40287,0.043186,0.04218,-0.034631,0.209766,-0.003433,0.977745,-0.559666,0.819547,0.122948,-0.80173,-0.573001,0.169991,3e-06,-0.000175,-0.000284,-5e-06,-5e-06,1.9e-05,-0.926145,0.065905,0.026971,-0.064213,0.270299,0.079598,-0.95948,0.486038,0.848981,0.207355,0.831086,-0.522392,0.190791,-0.000137,-0.000662,-0.000992,-0.000885,0.014298,-0.024977,0.436947
223,0.128795,-0.053877,0.286185,-0.27982,-0.138739,-0.949999,-0.525232,-0.80617,0.272385,-0.803309,0.575358,0.153897,-0.0,-1e-06,-2e-06,0.0,0.0,0.0,0.462037,-0.157255,-0.030608,0.253228,-0.296692,0.062123,0.952946,0.581575,-0.779662,0.232016,0.75773,0.622962,0.193973,0.001081,-0.011625,0.007412,-0.034797,0.00749,-0.020348,-1.402678,0.043241,0.042169,-0.034636,0.210802,-0.000721,0.977528,-0.559081,0.82021,0.121169,-0.801866,-0.57206,0.172498,0.0,4e-06,5e-06,-0.002672,0.013655,0.010477,-0.927125,0.065875,0.027,-0.064238,0.269525,0.081322,-0.959553,0.480907,0.851917,0.20728,0.834316,-0.517323,0.190505,1.1e-05,4.7e-05,7e-05,-0.000279,0.000277,4.4e-05,0.435967
224,0.128792,-0.053852,0.286278,-0.277307,-0.137491,-0.950917,-0.526015,-0.806479,0.269948,-0.803672,0.575223,0.152505,0.000312,0.001504,0.002245,0.0,0.0,0.0,0.460552,-0.157155,-0.030653,0.253258,-0.296915,0.062212,0.952871,0.581618,-0.77956,0.23225,0.75761,0.623081,0.194062,0.001084,-0.011728,0.007244,-0.036535,0.010829,-0.017867,-1.40253,0.043291,0.042146,-0.034621,0.210964,-0.00102,0.977493,-0.559158,0.820104,0.121534,-0.80177,-0.572213,0.172442,1e-06,-6.9e-05,-0.000115,-0.000242,0.000361,0.000235,-0.929085,0.065873,0.027012,-0.064192,0.267083,0.079867,-0.960358,0.481675,0.852078,0.20482,0.834659,-0.517284,0.189105,0.000171,0.000826,0.001236,-0.00022,0.000168,-0.000167,0.436783
225,0.128801,-0.053809,0.286343,-0.277268,-0.137473,-0.950931,-0.526025,-0.806485,0.269911,-0.803679,0.575219,0.152484,0.000403,0.001939,0.002893,0.0,0.0,0.0,0.460442,-0.157103,-0.030689,0.253271,-0.296925,0.062225,0.952867,0.581693,-0.779494,0.232286,0.757549,0.623163,0.194038,1e-06,-5.1e-05,-8.3e-05,0.0,-0.0,-0.0,-1.402873,0.043317,0.042124,-0.034612,0.210959,-0.00103,0.977494,-0.559266,0.820026,0.121562,-0.801696,-0.572324,0.172416,0.007976,0.000544,-0.000304,0.001911,-0.015183,0.029251,-0.925002,0.065878,0.027034,-0.06416,0.267047,0.079846,-0.960369,0.481687,0.85208,0.204783,0.834663,-0.517284,0.189085,0.000255,0.001231,0.001838,-0.000169,6e-05,1.5e-05,0.43613
226,0.12886,-0.053808,0.286457,-0.275558,-0.140688,-0.950958,-0.516586,-0.812583,0.269852,-0.810361,0.565783,0.152422,0.000245,0.001183,0.001764,0.473667,-0.148487,-0.050781,0.4505,-0.157013,-0.030748,0.25332,-0.296982,0.062257,0.952847,0.581831,-0.779361,0.232387,0.75742,0.623326,0.194016,-1.1e-05,0.000684,0.001107,0.0,-0.0,-0.0,-1.403177,0.043362,0.042092,-0.03459,0.211016,-0.001066,0.977481,-0.559422,0.819905,0.121661,-0.801572,-0.572497,0.172417,-8e-06,0.000476,0.000768,0.001865,-0.016471,0.023547,-0.926309,0.065907,0.027036,-0.0641,0.26525,0.082843,-0.960613,0.472348,0.857391,0.204368,0.840552,-0.507952,0.188292,4e-06,4.5e-05,7.5e-05,1.592354,-0.463263,-0.249722,0.429925
227,0.128903,-0.05402,0.286627,-0.275866,-0.140748,-0.95086,-0.517078,-0.812161,0.270179,-0.809942,0.566373,0.152456,-0.000297,-0.010878,0.008536,-0.03537,0.014637,-0.017501,0.434136,-0.156977,-0.030755,0.253304,-0.297143,0.062317,0.952793,0.581776,-0.779358,0.23253,0.757399,0.623322,0.19411,2e-06,-0.000141,-0.000228,0.0,-0.0,-0.0,-1.403067,0.04338,0.042091,-0.034595,0.211178,-0.001137,0.977446,-0.559382,0.819911,0.121808,-0.801558,-0.572489,0.172511,3e-06,-0.000104,-0.000168,-6.1e-05,-2.8e-05,-8e-06,-0.927452,0.065929,0.026935,-0.064016,0.265454,0.083041,-0.96054,0.472408,0.857287,0.204668,0.840454,-0.508097,0.188341,-8e-06,-2.9e-05,-4.5e-05,-0.000344,0.000112,5.2e-05,0.407718
228,0.128903,-0.054064,0.286673,-0.276069,-0.14083,-0.950789,-0.517157,-0.812043,0.270384,-0.809822,0.566523,0.152535,9e-06,4.5e-05,6.6e-05,0.0,0.0,0.0,0.44088,-0.156976,-0.030773,0.253294,-0.297225,0.062341,0.952766,0.58177,-0.779341,0.232604,0.757372,0.623341,0.194155,4e-06,-0.000235,-0.000381,0.0,-0.0,-0.0,-1.40276,0.04338,0.042082,-0.0346,0.211261,-0.001166,0.977428,-0.559384,0.819898,0.121883,-0.801535,-0.572507,0.172559,3e-06,-0.000142,-0.000229,-5.1e-05,-7e-06,-1.5e-05,-0.928432,0.065929,0.026909,-0.06399,0.265668,0.083142,-0.960472,0.472517,0.857171,0.204899,0.840325,-0.508275,0.188437,-0.00015,-0.005438,0.004267,-0.040307,0.113008,-0.190299,0.403799
229,0.128921,-0.054076,0.286601,-0.275983,-0.140794,-0.950819,-0.517114,-0.8121,0.270293,-0.809879,0.566449,0.152505,-0.000253,-0.001221,-0.00182,0.0,0.0,0.0,0.437095,-0.156985,-0.030804,0.253325,-0.297883,0.05968,0.952731,0.581491,-0.780087,0.230796,0.757329,0.622673,0.196455,-1e-06,8.1e-05,0.000131,0.073131,-0.140714,-0.104392,-1.402926,0.043376,0.042066,-0.034585,0.211959,0.001195,0.977277,-0.559063,0.820358,0.120251,-0.801574,-0.571848,0.17455,-3e-06,5.5e-05,8.9e-05,0.098407,-0.205786,-0.153275,-0.927288,0.065938,0.026904,-0.064025,0.265585,0.083096,-0.960499,0.47248,0.857214,0.204805,0.840372,-0.50821,0.188402,-0.000166,-0.000796,-0.001187,-0.000192,5e-05,3.5e-05,0.406248
230,0.128881,-0.054144,0.28648,-0.274739,-0.144287,-0.950655,-0.507323,-0.818108,0.27073,-0.816467,0.556845,0.152752,-0.000246,-0.001188,-0.001774,5.25382,-1.496196,-0.844187,0.425891,-0.156929,-0.030874,0.253401,-0.297888,0.059684,0.952729,0.581688,-0.779922,0.230854,0.757175,0.622878,0.196395,-1.6e-05,0.000934,0.001511,0.001962,-0.016481,0.023557,-1.403046,0.043398,0.042029,-0.03455,0.212023,0.00149,0.977263,-0.559122,0.820346,0.120054,-0.801516,-0.571864,0.174766,-1e-06,-3e-06,-5e-06,-0.000756,0.002182,0.001613,-0.928921,0.065918,0.026868,-0.064088,0.265088,0.08495,-0.960474,0.467358,0.859959,0.20505,0.843388,-0.503242,0.188263,-0.008276,-0.000125,-0.000637,-0.001236,0.015089,-0.029543,0.393838
231,0.128808,-0.054137,0.286486,-0.274987,-0.144424,-0.950563,-0.507257,-0.818066,0.270981,-0.816424,0.556872,0.152883,2.4e-05,0.000117,0.000175,0.0,-0.0,-0.0,0.429919,-0.156709,-0.031028,0.253554,-0.298758,0.057129,0.952613,0.581692,-0.780364,0.229349,0.756831,0.622569,0.198692,0.001074,-0.010832,0.008693,-0.034486,0.006836,-0.020817,-1.402908,0.043514,0.041954,-0.034471,0.213124,0.004142,0.977016,-0.55895,0.820697,0.118449,-0.801343,-0.571348,0.177225,0.000534,-0.00539,0.004388,-0.039352,0.024462,-0.007402,-0.927615,0.065881,0.02687,-0.064087,0.264394,0.086686,-0.96051,0.462297,0.862676,0.205111,0.846389,-0.498272,0.188011,2.5e-05,0.000114,0.000169,-0.000349,0.000125,4.9e-05,0.388776
232,0.128784,-0.054138,0.286501,-0.273295,-0.14769,-0.950549,-0.497546,-0.823995,0.271022,-0.822942,0.547191,0.152897,6e-06,2.9e-05,4.3e-05,0.472791,-0.134803,-0.076049,0.432858,-0.156578,-0.031128,0.25363,-0.298675,0.057121,0.95264,0.581974,-0.78015,0.229362,0.756646,0.622838,0.198551,0.001089,-0.011561,0.007513,-0.036505,0.010706,-0.017948,-1.402972,0.043579,0.041905,-0.034431,0.212988,0.003986,0.977046,-0.559251,0.820475,0.118564,-0.80117,-0.571667,0.17698,0.000542,-0.005808,0.003712,-0.037509,0.013468,-0.015838,-0.928758,0.065869,0.02687,-0.064078,0.262598,0.089728,-0.960723,0.452707,0.867822,0.204791,0.852113,-0.488704,0.187268,-0.0,1.9e-05,3.7e-05,1.591425,-0.46526,-0.250704,0.391715
