frame,MLTx,MLTy,MLTz,MLTR1,MLTR2,MLTR3,MLTR4,MLTR5,MLTR6,MLTR7,MLTR8,MLTR9,MLTTVx,MLTTVy,MLTTVz,MLTRVx,MLTRVy,MLTRVz,MLGA,MRTx,MRTy,MRTz,MRTR1,MRTR2,MRTR3,MRTR4,MRTR5,MRTR6,MRTR7,MRTR8,MRTR9,MRTTVx,MRTTVy,MRTTVz,MRTRVx,MRTRVy,MRTRVz,MRGA,SLTx,SLTy,SLTz,SLTR1,SLTR2,SLTR3,SLTR4,SLTR5,SLTR6,SLTR7,SLTR8,SLTR9,SLTTVx,SLTTVy,SLTTVz,SLTRVx,SLTRVy,SLTRVz,SLGA,SRTx,SRTy,SRTz,SRTR1,SRTR2,SRTR3,SRTR4,SRTR5,SRTR6,SRTR7,SRTR8,SRTR9,SRTTVx,SRTTVy,SRTTVz,SRTRVx,SRTRVy,SRTRVz,SRGA
57,0.120594,0.050625,0.399807,0.107076,-0.508738,-0.854263,-0.065542,-0.860941,0.504438,-0.992235,0.002604,-0.124463,-3e-06,-1.7e-05,-7e-06,0.0,0.0,0.0,-0.16399,-0.189994,0.022387,0.338733,0.69257,0.720779,0.028545,-0.599853,0.597603,-0.531959,-0.401338,0.350362,0.84619,-0.001548,0.036703,-0.021675,0.056786,-0.177993,0.199806,-1.40319,0.024817,0.032272,-0.007389,-0.80659,-0.586146,0.076448,0.454518,-0.697682,-0.553762,0.377922,-0.411912,0.829158,-0.000466,0.013005,-0.006638,-0.15455,-0.131601,-0.025355,-0.829151,0.076088,0.049707,-0.040041,0.071894,-0.454369,-0.887907,0.043232,-0.887954,0.457894,-0.996474,-0.071306,-0.044195,-0.0,-2e-06,-0.0,-3e-06,-2e-06,5e-06,-0.316966
58,0.120593,0.050618,0.399804,0.107065,-0.508755,-0.854255,-0.065545,-0.860931,0.504454,-0.992236,0.002609,-0.124455,-0.000105,-0.000507,-0.000225,0.0,0.0,0.0,-0.164815,-0.19005,0.022991,0.338364,0.695412,0.718208,0.023893,-0.601552,0.600155,-0.527146,-0.393797,0.351279,0.849347,-0.001072,0.023695,-0.01502,-2.299052,-1.25904,-0.661667,-1.40415,0.02479,0.032582,-0.007574,-0.809115,-0.583034,0.073506,0.454318,-0.699961,-0.551043,0.372729,-0.412463,0.831232,-0.000805,0.017538,-0.011443,0.129393,-0.138162,0.220747,-0.820496,0.076087,0.049704,-0.040042,0.071885,-0.454387,-0.887898,0.04323,-0.887945,0.457911,-0.996475,-0.071301,-0.044187,-6.9e-05,-0.000328,-0.000145,-4e-06,-5e-06,2e-06,-0.318436
59,0.120598,0.0506,0.399796,0.107056,-0.508769,-0.854248,-0.065547,-0.860923,0.504468,-0.992237,0.002614,-0.124448,-0.000128,-0.000616,-0.000273,0.0,0.0,0.0,-0.166403,-0.190091,0.024309,0.337347,0.700712,0.713224,0.017488,-0.601687,0.604103,-0.522462,-0.384062,0.354647,0.8524,-0.001899,0.030075,-0.026619,0.120677,-0.145916,0.217721,-1.404922,0.02477,0.033233,-0.008064,-0.813818,-0.577379,0.065825,0.455739,-0.704405,-0.544163,0.360556,-0.412851,0.836392,-0.000941,0.014903,-0.013412,0.116131,-0.017073,0.028793,-0.856257,0.07609,0.049695,-0.040047,0.071877,-0.454402,-0.887891,0.043228,-0.887938,0.457926,-0.996475,-0.071296,-0.04418,-6.9e-05,-0.00033,-0.000145,1e-06,2e-06,-5e-06,-0.319742
60,0.120605,0.05055,0.399773,0.10709,-0.508716,-0.854275,-0.065538,-0.860954,0.504415,-0.992234,0.002596,-0.124474,-0.000221,-0.001062,-0.000471,0.0,0.0,0.0,-0.179101,-0.190136,0.025431,0.335995,0.702032,0.711998,0.014198,-0.601919,0.604069,-0.522235,-0.381273,0.357155,0.852604,-0.002987,0.031588,-0.041906,-2.215534,-1.279374,-0.675713,-1.404888,0.024747,0.033812,-0.008739,-0.815038,-0.575841,0.064172,0.454276,-0.703836,-0.546119,0.359645,-0.415956,0.835245,-0.001523,0.014894,-0.021638,0.130993,0.089843,-0.146503,-0.85838,0.076093,0.04967,-0.040058,0.071905,-0.454345,-0.887918,0.043234,-0.887966,0.457871,-0.996473,-0.071312,-0.044206,-0.000136,-0.000655,-0.00029,-2e-06,-6e-06,-6e-06,-0.324641
61,0.120589,0.050471,0.399738,0.106981,-0.508882,-0.85419,-0.065565,-0.860856,0.504579,-0.992243,0.002652,-0.124394,-0.000284,-0.001368,-0.000607,0.0,0.0,0.0,-0.188515,-0.190241,0.026421,0.334212,0.701464,0.71259,0.012485,-0.601964,0.601919,-0.524658,-0.382246,0.359588,0.851145,-0.003985,0.034816,-0.055922,0.176662,-0.01653,0.012616,-1.40494,0.024695,0.034305,-0.009625,-0.814813,-0.576516,0.060897,0.456115,-0.702369,-0.546476,0.357824,-0.4175,0.835257,-0.001687,0.011726,-0.024054,0.14407,-0.018194,0.020002,-0.865564,0.076085,0.04963,-0.040076,0.071817,-0.454523,-0.887834,0.043214,-0.887879,0.458042,-0.996481,-0.071262,-0.044122,-0.00014,-0.000679,-0.000301,-2e-06,-2e-06,2e-06,-0.334111
62,0.120574,0.050441,0.399725,0.106925,-0.508967,-0.854146,-0.065579,-0.860805,0.504664,-0.992248,0.00268,-0.124353,-0.000255,-0.001226,-0.000544,0.0,0.0,0.0,-0.192897,-0.190339,0.026897,0.333241,0.701351,0.712728,0.010836,-0.602562,0.601086,-0.524927,-0.381509,0.360703,0.851004,-0.016541,0.022318,-0.048095,0.139952,-0.004467,-0.00962,-1.404965,0.02465,0.034543,-0.010117,-0.814824,-0.576671,0.05925,0.456814,-0.701651,-0.546813,0.356904,-0.418491,0.835154,-0.002035,0.01611,-0.028954,0.178427,-0.015414,0.01284,-0.863932,0.076077,0.049615,-0.040082,0.071771,-0.454615,-0.887791,0.043204,-0.887834,0.45813,-0.996484,-0.071237,-0.04408,-0.00015,-0.000723,-0.00032,-3e-06,-2e-06,4e-06,-0.336888
63,0.120519,0.050385,0.399712,0.107947,-0.506795,-0.855308,-0.066269,-0.862085,0.502385,-0.992093,0.003074,-0.125576,-0.000165,-0.000793,-0.000352,-0.023662,-0.023454,0.066787,-0.201922,-0.190504,0.027745,0.331163,0.701169,0.71291,0.010616,-0.600589,0.598748,-0.529838,-0.384948,0.364205,0.847958,-0.004311,0.028917,-0.060531,0.176651,-0.016765,0.012462,-1.405161,0.024563,0.034964,-0.011152,-0.814669,-0.576912,0.05903,0.455043,-0.699019,-0.55164,0.359511,-0.422544,0.83199,-0.001873,0.008288,-0.026761,0.14033,-0.003593,-0.004454,-0.85838,0.07605,0.049586,-0.040089,0.072525,-0.452309,-0.888907,0.042428,-0.889048,0.455842,-0.996463,-0.070775,-0.045289,-9.1e-05,-0.000438,-0.000195,-0.083667,-0.085239,0.240521,-0.343909
64,0.120447,0.05038,0.399713,0.108052,-0.506637,-0.855388,-0.066244,-0.862178,0.502228,-0.992083,0.003021,-0.125654,-2e-06,-1e-05,-4e-06,-0.0,-0.0,0.0,-0.204747,-0.190624,0.028515,0.329018,0.70085,0.713194,0.01241,-0.601092,0.600033,-0.527808,-0.384741,0.361529,0.849196,-0.003857,0.015873,-0.054211,-0.052721,0.266478,0.159091,-1.404887,0.024503,0.03535,-0.01223,-0.81435,-0.577294,0.059703,0.455713,-0.69974,-0.550171,0.359388,-0.420824,0.832914,-0.002143,0.014141,-0.030547,-0.131537,0.403589,0.318884,-0.857563,0.076014,0.049583,-0.040089,0.072608,-0.45214,-0.888986,0.04244,-0.88913,0.45568,-0.996456,-0.070815,-0.045369,-0.006022,-0.004254,0.005207,-0.036029,0.030718,-0.046615,-0.347501
65,0.120428,0.050375,0.399711,0.108092,-0.506577,-0.855419,-0.066234,-0.862213,0.502169,-0.992079,0.003001,-0.125683,-3.4e-05,-0.000163,-7.2e-05,0.0,0.0,0.0,-0.20849,-0.190742,0.028842,0.327902,0.700999,0.713033,0.013273,-0.60109,0.600913,-0.526809,-0.384473,0.360388,0.849802,-0.017014,0.014542,-0.054429,0.122926,-0.051415,0.13102,-1.405104,0.02445,0.035509,-0.012767,-0.814317,-0.577082,0.062159,0.455307,-0.701532,-0.548221,0.359976,-0.418124,0.834019,-0.001935,0.007285,-0.02765,0.140347,0.021004,-0.021517,-0.860502,0.076004,0.049581,-0.040089,0.07264,-0.452077,-0.889015,0.042448,-0.889161,0.45562,-0.996454,-0.070833,-0.0454,-1.5e-05,-7.1e-05,-3.1e-05,1.5e-05,6e-06,-1.8e-05,-0.349461
66,0.120393,0.050324,0.39971,0.10915,-0.504341,-0.856605,-0.066937,-0.863521,0.499823,-0.991918,0.003404,-0.126943,-0.000465,-0.002229,-0.00099,-0.00083,0.012982,-0.025711,-0.230772,-0.190929,0.029463,0.325786,0.702565,0.711374,0.018446,-0.60095,0.607147,-0.519774,-0.38182,0.353167,0.85402,-0.003832,0.016642,-0.053821,0.009746,0.133187,0.100191,-1.404718,0.02435,0.035817,-0.013851,-0.815344,-0.575077,0.06708,0.454429,-0.707433,-0.541324,0.358757,-0.410882,0.838133,-0.001895,0.008077,-0.027098,-0.036461,0.018126,0.266104,-0.865728,0.075988,0.049561,-0.040088,0.073445,-0.449644,-0.890182,0.041642,-0.890432,0.453206,-0.996429,-0.070355,-0.046674,-9.7e-05,-0.000467,-0.000209,0.001315,0.002016,-0.005148,-0.359422
67,0.120336,0.050251,0.3997,0.109126,-0.504362,-0.856595,-0.066992,-0.863509,0.499837,-0.991917,0.003461,-0.12695,-0.000416,-0.001995,-0.000887,-0.0,-0.0,0.0,-0.244144,-0.191122,0.030124,0.323736,0.704529,0.709006,0.030681,-0.595478,0.614281,-0.517685,-0.386757,0.345534,0.85492,-0.003771,0.01789,-0.052946,-0.217713,0.464991,0.351012,-1.404625,0.024254,0.036147,-0.014877,-0.816216,-0.572548,0.077322,0.448429,-0.712208,-0.540064,0.364282,-0.406136,0.838064,-0.00186,0.008812,-0.026575,0.11998,0.022488,0.017518,-0.867361,0.075959,0.049522,-0.040094,0.073399,-0.449729,-0.890144,0.041594,-0.890394,0.453285,-0.996434,-0.070296,-0.046647,-0.000221,-0.001061,-0.000473,4.1e-05,3.9e-05,-8e-05,-0.374118
68,0.120236,0.050179,0.399703,0.110052,-0.502318,-0.857677,-0.067749,-0.864697,0.497675,-0.991764,0.003956,-0.128123,-0.000422,-0.002018,-0.000898,-0.262878,-0.260429,0.742148,-0.254718,-0.191232,0.030895,0.321739,0.706702,0.706048,0.045389,-0.589357,0.623116,-0.51412,-0.392148,0.335663,0.856396,-0.003593,0.021069,-0.050453,-0.304065,0.573012,0.437896,-1.40498,0.024198,0.036529,-0.015878,-0.817024,-0.569213,0.092014,0.441067,-0.719752,-0.536111,0.371389,-0.397432,0.839117,-0.001748,0.01081,-0.024996,0.006711,0.169262,0.129783,-0.865238,0.075909,0.049486,-0.040093,0.073826,-0.448292,-0.890832,0.04097,-0.891153,0.451848,-0.996428,-0.069856,-0.047423,-0.005958,-0.000378,9.8e-05,-0.874803,-0.852076,2.444753,-0.381629
69,0.120189,0.050105,0.399703,0.110039,-0.502314,-0.857681,-0.067826,-0.864699,0.497661,-0.99176,0.00403,-0.12815,-0.012744,-0.011796,0.008952,-0.036079,0.03067,-0.046447,-0.263721,-0.19133,0.031369,0.320758,0.707678,0.704561,0.052709,-0.586321,0.627409,-0.512366,-0.394936,0.330771,0.857018,-0.003531,0.022162,-0.049585,-0.054961,0.248523,0.190247,-1.404582,0.024148,0.036774,-0.016387,-0.817241,-0.567213,0.101905,0.43669,-0.724898,-0.532751,0.376054,-0.390885,0.840113,-0.001727,0.011199,-0.024692,-0.028509,0.214032,0.165197,-0.864585,0.07589,0.049454,-0.040096,0.074083,-0.447517,-0.891201,0.040698,-0.891555,0.451078,-0.99642,-0.069688,-0.047836,-0.000404,-0.00193,-0.000857,-0.000463,0.013504,-0.027104,-0.387018
70,0.120097,0.049918,0.399704,0.1124,-0.497432,-0.860217,-0.069254,-0.867513,0.49254,-0.9914,0.004825,-0.130884,-0.000856,-0.004091,-0.001823,0.004894,-0.076563,0.151803,-0.284353,-0.191456,0.032448,0.318668,0.711095,0.699538,0.070576,-0.579597,0.640198,-0.50413,-0.398718,0.316671,0.860585,-0.003593,0.021173,-0.050456,-0.061311,0.253501,0.196675,-1.404556,0.024085,0.037318,-0.017429,-0.818719,-0.561516,0.119987,0.428227,-0.736322,-0.52388,0.382517,-0.377529,0.843298,-0.001765,0.010564,-0.025243,-0.025134,0.207486,0.162862,-0.862789,0.07584,0.049358,-0.040091,0.075782,-0.442437,-0.893591,0.039007,-0.894167,0.44603,-0.996361,-0.068657,-0.050504,-0.000317,-0.001511,-0.000673,0.001529,0.002306,-0.00591,-0.402857
71,0.11999,0.049758,0.399698,0.113824,-0.494603,-0.861659,-0.06995,-0.869127,0.489588,-0.99119,0.005156,-0.132449,-0.000523,-0.002496,-0.001114,-0.0,-0.0,0.0,-0.279143,-0.191541,0.033973,0.316319,0.717811,0.688995,0.100124,-0.567442,0.662407,-0.48904,-0.404155,0.29333,0.866302,-0.004525,0.046379,-0.063487,-0.3862,0.612452,0.792751,-1.404138,0.024044,0.03806,-0.018581,-0.821811,-0.55033,0.147522,0.413962,-0.754635,-0.509078,0.391487,-0.357297,0.847983,0.004337,0.023493,-0.031952,-0.477237,0.714752,0.91616,-0.864421,0.075785,0.049272,-0.040097,0.076896,-0.439368,-0.895009,0.038208,-0.895709,0.442994,-0.996306,-0.068261,-0.052089,-0.000257,-0.001228,-0.000548,0.000341,0.000445,-0.001185,-0.408572
72,0.11993,0.049726,0.399686,0.113921,-0.494456,-0.861731,-0.069925,-0.869211,0.489442,-0.991181,0.005108,-0.132521,-0.000336,-0.001602,-0.000715,-0.0,-0.0,0.0,-0.258545,-0.191561,0.035011,0.315049,0.722362,0.68121,0.118904,-0.558506,0.67625,-0.480303,-0.408488,0.27966,0.868787,-0.004422,0.048059,-0.062008,-0.381648,0.593747,0.783718,-1.404255,0.024032,0.038596,-0.019241,-0.823868,-0.541269,0.168131,0.402562,-0.767639,-0.49867,0.398979,-0.343156,0.850328,-0.002167,0.024144,-0.030907,-0.406828,0.625882,0.808235,-0.867034,0.075755,0.049256,-0.040103,0.076973,-0.439218,-0.895076,0.038228,-0.895779,0.442851,-0.996299,-0.068305,-0.05216,-0.000189,-0.000905,-0.000403,8e-05,5.2e-05,-0.000161,-0.404326
73,0.119734,0.049766,0.399712,0.113569,-0.494997,-0.861467,-0.070017,-0.868903,0.489977,-0.991214,0.00528,-0.132263,-0.011068,0.003719,0.002136,0.005581,-0.087758,0.173693,-0.158586,-0.191647,0.037438,0.312273,0.730275,0.659906,0.176674,-0.535638,0.713735,-0.451229,-0.424769,0.234032,0.874451,-0.005486,0.070778,-0.076758,-0.973484,1.438766,1.287603,-1.404121,0.023991,0.039787,-0.020597,-0.824915,-0.519554,0.22266,0.376033,-0.798505,-0.470093,0.422034,-0.304059,0.854068,-0.002705,0.035477,-0.038323,-0.93944,1.271245,1.437882,-0.872749,0.07566,0.04927,-0.040092,0.076626,-0.43992,-0.894761,0.038147,-0.895449,0.443526,-0.996329,-0.068118,-0.051833,5.6e-05,0.000266,0.000121,2e-05,-1.3e-05,-9e-06,-0.362197
74,0.119572,0.049784,0.399758,0.107364,-0.496783,-0.861234,-0.080456,-0.867736,0.490441,-0.991105,0.017248,-0.132058,6e-06,3e-05,1.3e-05,-4.759634,2.710437,-0.729823,-0.091527,-0.191805,0.040129,0.309326,0.731607,0.635552,0.246609,-0.516409,0.752911,-0.407897,-0.445817,0.170245,0.878707,-0.004855,0.060728,-0.067912,-1.249772,1.808105,1.374498,-1.404667,0.023912,0.041132,-0.022078,-0.818237,-0.495046,0.29226,0.352426,-0.833604,-0.425322,0.454184,-0.245014,0.856553,-0.002661,0.03592,-0.037782,-1.073647,1.646057,1.228939,-0.879608,0.075577,0.049287,-0.040066,0.073543,-0.441209,-0.894385,0.03287,-0.895254,0.44434,-0.99675,-0.062076,-0.051337,-0.00573,0.000932,0.000656,-0.000878,0.01458,-0.029434,-0.299494
75,0.119553,0.049748,0.399794,0.107274,-0.496875,-0.861193,-0.080599,-0.86768,0.490516,-0.991103,0.017404,-0.132053,-0.000623,-0.010392,0.009103,-0.035086,0.015994,-0.016875,-0.090044,-0.191875,0.041503,0.307907,0.728955,0.621859,0.286192,-0.508424,0.771839,-0.381709,-0.459163,0.131936,0.878422,0.008262,0.062405,-0.067241,-1.241053,1.805182,1.391225,-1.404831,0.023873,0.041789,-0.022761,-0.81135,-0.482176,0.330478,0.34281,-0.850398,-0.399127,0.473488,-0.21054,0.855266,-0.002313,0.03151,-0.032917,-1.027917,1.567371,1.144067,-0.881404,0.075567,0.049273,-0.040051,0.070598,-0.442175,-0.894146,0.027605,-0.895173,0.444862,-0.997122,-0.056089,-0.050991,-0.0,-4e-06,1e-06,0.000189,-0.000227,0.000264,-0.284961
76,0.119456,0.049629,0.3999,0.106931,-0.497261,-0.861013,-0.081048,-0.867449,0.490851,-0.991104,0.017908,-0.131984,-0.000629,-0.010412,0.009097,-0.035086,0.015994,-0.016875,-0.089368,-0.192007,0.043955,0.305609,0.734107,0.573972,0.362816,-0.477864,0.816355,-0.324261,-0.483209,0.063922,0.87309,-0.003784,0.05795,-0.052759,0.911865,-0.057393,5.88559,-1.404742,0.02381,0.043039,-0.023948,-0.800627,-0.437094,0.409809,0.31234,-0.888154,-0.337082,0.511311,-0.141877,0.847602,-0.001577,0.023477,-0.022584,-1.32907,1.978527,1.274875,-0.852175,0.075519,0.049209,-0.039995,0.070295,-0.442604,-0.893957,0.027152,-0.894993,0.445252,-0.997156,-0.055571,-0.050896,-0.000312,-0.005195,0.004555,-0.034923,0.015901,-0.016871,-0.277123
77,0.119397,0.049489,0.400046,0.103737,-0.498083,-0.860928,-0.086728,-0.866826,0.490983,-0.990958,0.024347,-0.132045,-0.000594,-0.010246,0.009174,-0.038556,0.017966,-0.017411,-0.084659,-0.192334,0.045699,0.30401,0.738008,0.535284,0.410862,-0.458685,0.844565,-0.276137,-0.495722,0.014641,0.868279,-0.002491,0.03885,-0.034862,1.6302,-0.410422,5.332395,-1.405008,0.023646,0.043918,-0.024754,-0.795184,-0.397516,0.457889,0.290956,-0.912661,-0.287043,0.532003,-0.095026,0.841393,-0.000958,0.013556,-0.013946,-0.722531,1.120871,0.547811,-0.830294,0.075489,0.049143,-0.039926,0.067196,-0.443678,-0.893663,0.021494,-0.894836,0.445876,-0.997507,-0.04917,-0.050593,1.7e-05,8.6e-05,4.4e-05,-0.011655,0.00616,-0.000767,-0.273531
78,0.119389,0.04938,0.400131,0.103557,-0.498238,-0.86086,-0.087086,-0.866725,0.491096,-0.990945,0.024727,-0.132071,-2e-06,-9e-06,-4e-06,-0.0,0.0,-0.0,-0.088151,-0.192373,0.047063,0.303177,0.743547,0.499986,0.444008,-0.443395,0.86572,-0.232085,-0.501344,-0.024953,0.864809,-0.000687,0.028481,-0.009504,-0.811452,1.182817,0.868954,-1.405346,0.023625,0.044604,-0.025194,-0.795121,-0.357724,0.489709,0.269526,-0.931815,-0.243056,0.543265,-0.06127,0.837322,-0.000287,0.01483,-0.004241,-0.791023,1.177557,0.851477,-0.825068,0.075485,0.049085,-0.039879,0.067029,-0.443853,-0.893588,0.021116,-0.894771,0.446024,-0.997527,-0.048766,-0.050604,-1e-06,1e-06,2e-06,0.00017,-0.000111,2.5e-05,-0.272551
79,0.119394,0.049317,0.400185,0.103466,-0.498305,-0.860832,-0.087302,-0.866681,0.491136,-0.990936,0.024951,-0.132101,-0.0,-0.0,-0.0,0.0,0.0,0.0,-0.090079,-0.192438,0.047516,0.303086,0.745417,0.480916,0.461591,-0.435401,0.875623,-0.20891,-0.505567,-0.045876,0.861487,-0.013049,0.017474,-0.001035,-0.904409,1.285146,0.884743,-1.405556,0.023594,0.044838,-0.025232,-0.792573,-0.338566,0.507149,0.2612,-0.940031,-0.219348,0.551001,-0.041382,0.833477,-0.006491,0.009096,-0.00021,-0.889235,1.278861,0.86999,-0.828334,0.075487,0.049053,-0.039852,0.066948,-0.443928,-0.893557,0.020905,-0.894746,0.446084,-0.997537,-0.048545,-0.050622,-2e-06,5e-06,4e-06,0.000142,-8.9e-05,-6e-06,-0.272878
80,0.119478,0.049184,0.400245,0.103496,-0.498161,-0.860912,-0.087588,-0.866756,0.490952,-0.990908,0.025208,-0.132264,0.011133,-0.003456,-0.00202,0.006794,-0.103868,0.20725,-0.10184,-0.192731,0.047443,0.303353,0.746914,0.445215,0.493857,-0.42342,0.891155,-0.162765,-0.513491,-0.088115,0.853479,0.000705,-0.008286,0.00992,-0.953235,0.681938,1.047056,-1.405659,0.023453,0.044817,-0.025098,-0.78569,-0.303898,0.538828,0.249222,-0.9527,-0.173921,0.566197,-0.00236,0.824266,0.000572,-0.010114,0.008297,-2.542318,-1.110264,1.363023,-0.824415,0.075526,0.048995,-0.039823,0.066909,-0.44389,-0.893579,0.02063,-0.894779,0.446031,-0.997545,-0.048278,-0.050712,-4.6e-05,-0.000199,-8.8e-05,0.000107,-4e-05,6e-06,-0.276633
81,0.119564,0.049002,0.400241,0.103491,-0.498101,-0.860947,-0.087783,-0.866786,0.490865,-0.990891,0.025391,-0.132355,-0.000846,-0.004009,-0.001792,-0.000843,0.012913,-0.025751,-0.112593,-0.192698,0.046911,0.304099,0.748996,0.417493,0.514486,-0.408636,0.902308,-0.137081,-0.522379,-0.108105,0.845752,-0.011424,-0.015379,0.021783,-0.359717,0.390861,0.278767,-1.405192,0.023469,0.044549,-0.024727,-0.7814,-0.273887,0.560712,0.233572,-0.961587,-0.144197,0.578668,0.018291,0.815357,0.000976,-0.013604,0.013877,-0.419357,0.424567,0.321795,-0.824578,0.075574,0.0489,-0.039822,0.066952,-0.443716,-0.893662,0.02042,-0.894875,0.445848,-0.997546,-0.048099,-0.050853,-0.000437,-0.002068,-0.000925,-0.000771,0.012882,-0.025756,-0.284634
82,0.11962,0.04892,0.400212,0.100618,-0.498583,-0.861009,-0.092921,-0.866322,0.490739,-0.990715,0.031243,-0.132422,0.010819,-0.004989,-0.002707,-5.6e-05,-0.014121,0.029393,-0.115628,-0.192717,0.046502,0.304531,0.749897,0.401238,0.525978,-0.396824,0.908971,-0.127424,-0.530152,-0.113687,0.840165,0.00135,-0.017547,0.019022,-0.186172,0.428811,0.8258,-1.405251,0.023456,0.044351,-0.024505,-0.77898,-0.25895,0.571082,0.222037,-0.965647,-0.134993,0.58642,0.021645,0.809716,-0.005592,-0.015,0.013125,0.232997,0.623105,1.739647,-0.826212,0.075596,0.048858,-0.039837,0.064108,-0.44445,-0.893506,0.015256,-0.894807,0.446192,-0.997826,-0.042236,-0.050584,-0.000389,-0.001852,-0.000827,-0.004375,0.014432,-0.025268,-0.286594
83,0.119661,0.048847,0.400125,0.09531,-0.498047,-0.861923,-0.096819,-0.866391,0.489862,-0.99086,0.037375,-0.12972,-0.000614,-0.002914,-0.001305,0.032547,0.096741,0.015163,-0.12196,-0.192693,0.045819,0.305431,0.747665,0.372362,0.54985,-0.382644,0.918283,-0.101355,-0.543582,-0.135101,0.82833,0.001623,-0.01317,0.022806,-0.510663,0.575957,0.47858,-1.404786,0.023467,0.044002,-0.024061,-0.770285,-0.230095,0.59474,0.207409,-0.972324,-0.107548,0.603027,0.040512,0.796691,0.000821,-0.006187,0.011745,-0.628288,0.724656,0.602693,-0.818864,0.075621,0.04882,-0.039881,0.058611,-0.444193,-0.894011,0.011396,-0.895195,0.445528,-0.998215,-0.036301,-0.047406,-0.000153,-0.000738,-0.000328,0.036104,0.091814,0.044966,-0.291983
84,0.119645,0.048783,0.400076,0.086766,-0.487706,-0.868712,-0.105608,-0.871583,0.478709,-0.990736,0.050808,-0.126045,-0.000462,-0.002194,-0.000984,-5.399361,2.28984,2.260189,-0.131677,-0.192645,0.045307,0.306399,0.756549,0.303041,0.579474,-0.343671,0.938128,-0.041715,-0.557196,-0.167985,0.813128,0.002157,-0.024233,0.030362,2.119901,0.927584,5.551054,-1.405211,0.02349,0.043758,-0.023586,-0.765033,-0.166915,0.621983,0.175102,-0.983353,-0.048519,0.619728,0.071792,0.781525,0.001036,-0.012391,0.014925,-1.597631,0.717063,1.199377,-0.817231,0.075613,0.048788,-0.039906,0.052995,-0.436986,-0.897905,0.007027,-0.898983,0.437925,-0.998569,-0.029518,-0.044571,-0.000312,-0.001487,-0.000664,0.058488,0.060225,0.213875,-0.298678
85,0.119625,0.048599,0.400003,0.068933,-0.468954,-0.880554,-0.115077,-0.880492,0.459852,-0.991061,0.07021,-0.113561,-0.001075,-0.005103,-0.002292,-1.288206,0.996238,0.369049,-0.124951,-0.192536,0.044392,0.307544,0.760772,0.227234,0.607932,-0.298531,0.954212,0.017107,-0.577149,-0.1948,0.792979,0.002266,-0.022506,0.031866,2.337677,1.343205,5.431316,-1.404976,0.023545,0.043293,-0.023008,-0.75447,-0.090631,0.650046,0.130989,-0.991287,0.013824,0.64313,0.095578,0.759768,0.007852,-0.016732,0.01932,-0.816212,1.016369,0.971692,-0.815271,0.075604,0.048699,-0.039941,0.029043,-0.416257,-0.908782,-0.00657,-0.909226,0.41625,-0.999556,-0.006118,-0.029142,-0.000719,-0.003072,-0.00163,-4.677884,2.937006,-0.252561,-0.3008
86,0.119623,0.048461,0.39994,0.052882,-0.457172,-0.887831,-0.118799,-0.885632,0.448904,-0.991588,0.082297,-0.100038,-0.00151,-0.007169,-0.003224,0.113323,0.518868,0.616376,-0.106221,-0.19235,0.043941,0.308247,0.758836,0.186908,0.623879,-0.272374,0.961172,0.04352,-0.592458,-0.203201,0.779465,0.002497,-0.018754,0.035062,2.389372,1.522332,5.416286,-1.404877,0.023638,0.043062,-0.02266,-0.744948,-0.051477,0.665132,0.105488,-0.993564,0.041251,0.658729,0.100894,0.745584,0.007944,-0.015221,0.02061,-0.898175,1.111726,1.047828,-0.815108,0.075603,0.048633,-0.039971,0.011214,-0.405864,-0.913864,-0.012415,-0.913908,0.40573,-0.999859,0.006796,-0.015287,0.005022,-0.004392,-0.002201,-0.130907,0.819335,0.714005,-0.294268
87,0.119605,0.048147,0.399828,0.025111,-0.425844,-0.904474,-0.120863,-0.899404,0.420043,-0.992396,0.099293,-0.072925,-0.001413,-0.006709,-0.003027,0.337364,0.629124,0.971883,-0.025568,-0.192033,0.042614,0.30986,0.748391,0.09661,0.656178,-0.211479,0.972402,0.098204,-0.629505,-0.212395,0.747311,0.003305,-0.045576,0.046366,-1.025655,1.189256,0.962698,-1.405012,0.023797,0.042419,-0.021849,-0.716649,0.041341,0.696207,0.04052,-0.994086,0.100739,0.696255,0.100404,0.710736,0.001361,-0.017122,0.019473,-1.046705,1.378906,1.187043,-0.820986,0.075594,0.048471,-0.04003,-0.019297,-0.376723,-0.926124,-0.016422,-0.926052,0.377036,-0.999678,0.022484,0.011683,-0.000834,-0.004004,-0.001795,0.364239,0.727906,0.988549,-0.255405
88,0.119492,0.047777,0.399746,0.000422,-0.393959,-0.919153,-0.143468,-0.909655,0.389764,-0.989669,0.132188,-0.055758,-0.001839,-0.008714,-0.003945,-4.919387,2.338222,0.414213,0.066607,-0.191752,0.041169,0.311634,0.726667,-0.008646,0.686929,-0.140503,0.976853,0.161092,-0.673318,-0.213576,0.707736,0.016681,-0.038847,0.051223,-1.090871,1.228602,0.994995,-1.4041,0.023938,0.041668,-0.020954,-0.674067,0.1423,0.724833,-0.026563,-0.985303,0.168733,0.738192,0.094484,0.66794,0.008333,-0.019118,0.025858,-1.131422,1.275234,1.023074,-0.820333,0.075538,0.048289,-0.04007,-0.046876,-0.345167,-0.937369,-0.034781,-0.937267,0.346869,-0.998294,0.048862,0.03193,-0.001194,-0.009423,0.002657,0.142649,0.251148,0.732018,-0.170331
89,0.119438,0.04756,0.399731,-0.002461,-0.38093,-0.924625,-0.146326,-0.914525,0.377101,-0.989244,0.136692,-0.052336,-0.001666,-0.007891,-0.003578,0.074609,0.051233,0.434902,0.097785,-0.191602,0.040583,0.312662,0.710688,-0.063244,0.700652,-0.105745,0.974966,0.195429,-0.696348,-0.212911,0.685297,0.004009,-0.03394,0.056247,-0.902234,1.548932,1.512938,-1.404702,0.024011,0.041385,-0.020464,-0.649499,0.19124,0.735919,-0.058151,-0.977512,0.202699,0.758134,0.088858,0.646015,0.001973,-0.01673,0.028336,0.056556,1.722665,2.040616,-0.820823,0.07551,0.048178,-0.040078,-0.053708,-0.332074,-0.941722,-0.043722,-0.941397,0.334453,-0.997598,0.059136,0.036042,-0.001098,-0.008959,0.002863,0.024179,-0.068696,0.603992,-0.121997
90,0.119325,0.047144,0.39972,-0.005448,-0.367122,-0.930182,-0.160461,-0.917806,0.36312,-0.987034,0.151687,-0.052748,-0.002075,-0.01728,0.005987,-0.013416,-0.029829,0.090115,0.15976,-0.191452,0.038919,0.315081,0.676262,-0.150545,0.721109,-0.043346,0.968997,0.243106,-0.736182,-0.195481,0.647832,0.017484,-0.045982,0.062278,3.172801,2.328054,4.128362,-1.404426,0.024082,0.040567,-0.019248,-0.599475,0.269062,0.753813,-0.110946,-0.960645,0.254656,0.792666,0.069027,0.605735,0.002208,-0.023123,0.03148,-0.733825,0.937612,0.773529,-0.822782,0.075454,0.047971,-0.040088,-0.057564,-0.31838,-0.946213,-0.058897,-0.945051,0.321572,-0.996602,0.07424,0.035649,-0.000657,-0.003126,-0.001409,0.04204,0.203699,-0.492201,-0.036759
91,0.119043,0.046914,0.399698,-0.014665,-0.368572,-0.929508,-0.179666,-0.913492,0.364999,-0.983614,0.172806,-0.051664,-0.001135,-0.005348,-0.002438,0.004292,-0.074835,0.150162,0.247887,-0.19112,0.037419,0.317599,0.633315,-0.232357,0.738182,0.027732,0.95999,0.278539,-0.774146,-0.15565,0.61346,0.004437,-0.026496,0.062383,-0.463231,1.048175,1.043947,-1.404422,0.024251,0.039815,-0.018022,-0.542216,0.343413,0.766856,-0.181605,-0.938989,0.292091,0.820378,0.019112,0.5715,0.002444,-0.019553,0.034412,3.367086,2.404245,4.108868,-0.820496,0.075312,0.047852,-0.040096,-0.066319,-0.32091,-0.944784,-0.078209,-0.942284,0.32555,-0.994728,0.095481,0.037393,-0.006231,-0.001235,-0.000318,0.003201,-0.077427,0.15385,0.069216
92,0.118772,0.046787,0.399629,-0.020394,-0.364618,-0.930958,-0.201154,-0.9106,0.360994,-0.979336,0.195076,-0.053613,-0.012727,-0.003641,-0.001202,0.003919,-0.061308,0.122475,0.298932,-0.190929,0.036199,0.320331,0.571945,-0.30539,0.761319,0.080759,0.944493,0.318346,-0.81698,-0.120219,0.563873,0.00532,-0.031694,0.074798,-0.898082,1.174104,0.949787,-1.404355,0.024351,0.039181,-0.016607,-0.465477,0.406652,0.786107,-0.229772,-0.913266,0.336376,0.854713,-0.02405,0.518542,0.002622,-0.015492,0.037698,-0.979054,1.257858,1.013544,-0.824742,0.075181,0.04779,-0.04013,-0.07235,-0.317239,-0.945581,-0.100122,-0.940966,0.323351,-0.99234,0.118068,0.036316,-0.000494,-0.002334,-0.001052,0.001884,-0.001046,0.001719,0.167027
93,0.118648,0.046709,0.399598,-0.024311,-0.363893,-0.931148,-0.211919,-0.908364,0.360465,-0.976968,0.206539,-0.053872,-0.001132,-0.005301,-0.002424,-0.13979,0.066676,-0.033801,0.313723,-0.190777,0.035672,0.321808,0.534746,-0.343866,0.771877,0.115835,0.934586,0.336252,-0.837664,-0.089978,0.538597,0.005513,-0.02808,0.077597,-0.795619,1.150277,0.705742,-1.404583,0.024425,0.038928,-0.015898,-0.421876,0.437826,0.793932,-0.261713,-0.897204,0.355709,0.868059,-0.057717,0.493093,0.009188,-0.013959,0.038427,-0.557801,1.477979,0.825639,-0.821803,0.075115,0.047752,-0.040145,-0.076184,-0.316719,-0.945454,-0.11088,-0.939638,0.323705,-0.990909,0.129493,0.036467,-0.006246,-0.001273,-0.000339,-0.466477,0.196739,-0.059422,0.196256
94,0.118301,0.046546,0.399557,-0.036142,-0.360973,-0.9319,-0.226768,-0.905208,0.359371,-0.973247,0.224757,-0.047979,-0.012592,-0.002919,-0.000878,-0.432185,0.325961,-0.02048,0.345788,-0.190572,0.034756,0.324884,0.431162,-0.429169,0.793666,0.205166,0.903144,0.377056,-0.879137,0.000788,0.476425,0.00578,-0.022844,0.081452,0.302574,2.228872,1.598311,-1.404633,0.024527,0.03847,-0.01436,-0.305548,0.502492,0.808789,-0.340503,-0.850905,0.400021,0.889211,-0.15317,0.431093,0.002891,-0.011844,0.040237,3.485791,4.103446,3.806564,-0.825722,0.074946,0.047668,-0.040167,-0.088073,-0.314686,-0.9451,-0.125553,-0.937714,0.323926,-0.988169,0.147189,0.043077,-0.000405,-0.00186,-0.000859,-1.517018,0.755794,-0.021929,0.24459
95,0.117959,0.046417,0.399583,-0.051944,-0.35539,-0.933298,-0.246406,-0.901089,0.356783,-0.967723,0.24894,-0.0396,-0.012794,-0.011247,0.00919,-0.004735,0.147719,0.010704,0.36808,-0.190117,0.033809,0.328056,0.31382,-0.498292,0.808216,0.280472,0.861803,0.422568,-0.907459,0.094684,0.409164,0.018658,-0.02313,0.079983,-0.864325,0.059306,3.098439,-1.404704,0.024751,0.038005,-0.012768,-0.175456,0.548141,0.817774,-0.405667,-0.797116,0.447257,0.897022,-0.253271,0.362221,0.00927,-0.011492,0.040074,0.58137,1.898484,1.418178,-0.828498,0.074774,0.047605,-0.040158,-0.104892,-0.310044,-0.944917,-0.145952,-0.935071,0.323015,-0.983714,0.171794,0.05283,-0.000323,-0.001504,-0.000676,0.021448,0.113301,0.024107,0.285086
96,0.117783,0.046343,0.399649,-0.058878,-0.349184,-0.935227,-0.256723,-0.900031,0.352148,-0.964631,0.261257,-0.035485,-0.000223,-0.001031,-0.000473,-0.480235,-0.977774,2.542846,0.376008,-0.189686,0.033333,0.329638,0.250636,-0.526759,0.812218,0.320951,0.836679,0.443725,-0.913596,0.150116,0.377717,0.031556,-0.022785,0.079175,3.808053,4.219503,3.02749,-1.40485,0.024962,0.037768,-0.011975,-0.112545,0.566317,0.816466,-0.435831,-0.766563,0.471627,0.892963,-0.302762,0.333091,0.009256,-0.011371,0.040078,0.472403,2.044813,1.170709,-0.828008,0.074681,0.047562,-0.040122,-0.11414,-0.306521,-0.944995,-0.155832,-0.933913,0.321748,-0.981166,0.183985,0.058831,-0.006206,-0.004733,0.005019,-0.028066,0.010661,0.163878,0.299946
97,0.117429,0.046109,0.399889,-0.067204,-0.331729,-0.941002,-0.267203,-0.902684,0.337248,-0.961225,0.27451,-0.026801,-0.000699,-0.010646,0.009014,0.040866,0.180917,0.285089,0.386051,-0.188549,0.032208,0.33284,0.13245,-0.565076,0.814333,0.388323,0.785392,0.481975,-0.912068,0.25308,0.322407,0.031334,-0.025487,0.076837,4.135,3.984333,2.303025,-1.404378,0.025518,0.037221,-0.010398,0.010928,0.584093,0.811613,-0.490083,-0.704363,0.513507,0.871607,-0.403369,0.278557,0.015941,-0.018147,0.042263,3.602856,3.883577,2.514336,-0.83258,0.074509,0.047453,-0.040009,-0.12185,-0.287849,-0.949891,-0.168289,-0.937174,0.305583,-0.978177,0.197091,0.065753,-0.006133,-0.004354,0.005193,0.088367,0.355097,0.327784,0.321663
98,0.117135,0.045634,0.400443,-0.072632,-0.317159,-0.945611,-0.284754,-0.90204,0.324361,-0.955769,0.293215,-0.023616,-0.012335,-0.016426,0.020744,-0.017775,0.133478,0.200058,0.392092,-0.186935,0.031144,0.335663,0.008699,-0.587083,0.809475,0.453555,0.72367,0.520119,-0.891136,0.363336,0.271527,0.043912,-0.030616,0.071877,-0.416934,1.050789,1.570861,-1.404934,0.026332,0.036688,-0.008952,0.139387,0.582839,0.800542,-0.546592,-0.628833,0.552996,0.825716,-0.514651,0.230925,0.028001,-0.009871,0.031502,0.694626,0.700524,3.874431,-0.850705,0.074362,0.047213,-0.039733,-0.129098,-0.273311,-0.953222,-0.186798,-0.937354,0.29406,-0.973878,0.216023,0.069957,-0.000295,-0.008768,0.0099,-0.003912,0.158326,0.247114,0.332767
99,0.116869,0.044923,0.401275,-0.071146,-0.306058,-0.949375,-0.29907,-0.901435,0.31296,-0.951501,0.306571,-0.026216,-0.012508,-0.017163,0.020441,-0.05698,-0.121467,0.297066,0.403412,-0.184988,0.030034,0.338116,-0.134909,-0.593953,0.793102,0.510937,0.643992,0.569342,-0.848726,0.48276,0.215571,0.055868,-0.025451,0.058449,4.755308,5.408622,2.601062,-1.404707,0.027301,0.036132,-0.007719,0.276785,0.566351,0.776296,-0.582081,-0.543962,0.604389,0.764572,-0.619153,0.179101,0.027842,-0.012683,0.028958,3.363377,4.864257,2.288308,-0.860829,0.07423,0.046863,-0.039314,-0.129023,-0.261884,-0.956435,-0.202008,-0.937331,0.283904,-0.970847,0.229838,0.068035,-0.000754,-0.014549,0.014225,-0.103869,-0.056994,0.112733,0.344688
100,0.116676,0.044456,0.401758,-0.070288,-0.304748,-0.94986,-0.300755,-0.901413,0.311405,-0.951035,0.307937,-0.027111,-0.012722,-0.018095,0.020036,-0.064984,-0.04082,0.115189,0.411,-0.183785,0.029463,0.339227,-0.208949,-0.590795,0.77929,0.535285,0.597695,0.596796,-0.81808,0.542562,0.190352,0.055021,-0.019126,0.046878,4.037955,4.247067,2.751218,-1.404616,0.027877,0.03586,-0.007177,0.348118,0.54817,0.760475,-0.597156,-0.495669,0.630647,0.722646,-0.673662,0.154792,0.027735,-0.015212,0.027093,3.37024,4.875033,2.232697,-0.864911,0.074134,0.046632,-0.039073,-0.128048,-0.260569,-0.956925,-0.203848,-0.937352,0.282517,-0.970592,0.231243,0.06691,-0.006687,-0.014196,0.014632,-0.106159,0.057894,-0.083357,0.353342
101,0.116246,0.04336,0.402829,-0.068478,-0.301726,-0.950956,-0.305077,-0.901183,0.307846,-0.949791,0.311566,-0.029153,-0.013474,-0.02883,0.029123,-0.099985,-0.024428,0.098505,0.427505,-0.181357,0.028387,0.340849,-0.324116,-0.570179,0.754875,0.559298,0.527939,0.639062,-0.762483,0.630023,0.146814,0.067653,-0.02873,0.038865,0.446403,2.114677,1.134299,-1.404477,0.029111,0.035315,-0.006341,0.459872,0.507905,0.728388,-0.608829,-0.416772,0.675002,0.646409,-0.753879,0.117565,0.033352,-0.009324,0.014786,3.657145,4.143367,1.618792,-0.879118,0.073919,0.046086,-0.038541,-0.126506,-0.257382,-0.957992,-0.208402,-0.937302,0.279344,-0.969826,0.234986,0.064935,-0.000644,-0.010282,0.009252,-0.069094,0.031866,-0.034954,0.372937
102,0.115869,0.042312,0.403817,-0.066037,-0.293815,-0.953602,-0.309749,-0.902421,0.29944,-0.948455,0.315512,-0.030227,-0.013225,-0.020153,0.019187,-0.19537,-0.268566,0.693464,0.430827,-0.178763,0.027748,0.341973,-0.410605,-0.541771,0.733402,0.575113,0.47014,0.669438,-0.706952,0.697319,0.117594,0.079091,-0.006586,0.021669,0.697139,1.929062,1.202886,-1.404365,0.030404,0.034977,-0.00578,0.538336,0.464526,0.703141,-0.612801,-0.356982,0.705008,0.578505,-0.810418,0.092486,0.032949,-0.003869,0.010602,4.01124,4.511796,1.230286,-0.880914,0.073726,0.045554,-0.038035,-0.125155,-0.249092,-0.960358,-0.213608,-0.938503,0.271261,-0.968868,0.23909,0.06425,-0.006651,-0.01018,0.009551,-0.207472,-0.327393,0.758742,0.38502
103,0.115639,0.041838,0.404247,-0.066659,-0.289818,-0.954781,-0.311277,-0.903093,0.295805,-0.94791,0.317275,-0.028824,-0.013397,-0.020864,0.018881,-0.027536,0.213706,0.01515,0.43313,-0.177459,0.027675,0.342329,-0.45514,-0.525733,0.71864,0.580985,0.436114,0.687164,-0.674086,0.73091,0.106024,0.066148,-0.008147,0.021458,3.720986,4.213644,2.194782,-1.403842,0.03106,0.03494,-0.005602,0.576936,0.442259,0.686694,-0.610057,-0.325709,0.722318,0.543114,-0.835655,0.081891,0.032673,0.001598,0.006807,0.512877,0.016455,3.24268,-0.885649,0.073616,0.045324,-0.037827,-0.125588,-0.245214,-0.961299,-0.215471,-0.939099,0.267701,-0.9684,0.240752,0.065103,-0.000952,-0.011655,0.008655,0.00033,0.199684,0.224858,0.387796
104,0.11518,0.041051,0.404879,-0.064508,-0.278511,-0.958288,-0.314228,-0.90575,0.284339,-0.947087,0.319804,-0.027893,-0.01324,-0.012596,0.008694,-0.017403,0.118767,-0.037113,0.443418,-0.175302,0.027977,0.342745,-0.541912,-0.498013,0.676983,0.571719,0.371796,0.731327,-0.615214,0.783958,0.082369,0.051584,0.015283,0.007095,3.597767,4.443928,2.04938,-1.404291,0.032163,0.035082,-0.00539,0.658309,0.397052,0.639514,-0.587019,-0.26103,0.766336,0.471208,-0.879893,0.061238,0.025646,0.007915,0.003505,3.59945,4.423262,2.115074,-0.89512,0.073387,0.044928,-0.037507,-0.125135,-0.233209,-0.964341,-0.21907,-0.941496,0.256111,-0.967651,0.243307,0.066725,-0.001013,-0.011916,0.008547,-0.048941,0.006689,0.168114,0.398573
105,0.114862,0.04055,0.405217,-0.065624,-0.275206,-0.959166,-0.315015,-0.906349,0.281549,-0.946748,0.320965,-0.02602,-0.012943,-0.011187,0.009348,-0.035719,0.032059,-0.0458,0.451961,-0.173339,0.02911,0.3429,-0.600978,-0.466615,0.648912,0.562873,0.329132,0.758142,-0.56657,0.821441,0.064006,0.050519,0.033754,0.00423,3.236157,4.832387,1.223884,-1.4039,0.033125,0.035627,-0.005321,0.706263,0.359333,0.609976,-0.570024,-0.222325,0.790975,0.419837,-0.906339,0.047809,0.025283,0.017176,0.002317,0.185767,0.473069,0.616762,-0.905081,0.073227,0.044674,-0.03734,-0.126443,-0.230147,-0.964905,-0.220078,-0.941963,0.253514,-0.967252,0.244409,0.068454,-0.006604,-0.006147,0.004426,-0.03436,-0.057156,0.100052,0.409677
106,0.11448,0.040301,0.4052,-0.066957,-0.276438,-0.95872,-0.315156,-0.905805,0.283135,-0.946606,0.321443,-0.025276,-0.013632,-0.006725,-0.002637,-0.001954,0.027067,-0.055573,0.469423,-0.17174,0.030518,0.343153,-0.640503,-0.445172,0.625754,0.548154,0.305454,0.778562,-0.536915,0.842213,0.047571,0.024579,0.038726,0.009635,-0.466943,0.535513,0.823723,-1.403965,0.033934,0.036326,-0.005198,0.742005,0.327225,0.585107,-0.551682,-0.197828,0.810253,0.380886,-0.924006,0.033734,0.018705,0.019701,0.004549,-0.152317,0.010929,0.735207,-0.911123,0.073042,0.044558,-0.037339,-0.127471,-0.231569,-0.96443,-0.220174,-0.941496,0.255163,-0.967095,0.244868,0.069028,-0.000641,0.000886,-0.006606,0.034356,-0.003909,-0.009243,0.427149
107,0.114282,0.040193,0.405072,-0.067521,-0.277041,-0.958506,-0.314934,-0.905645,0.283892,-0.946639,0.321374,-0.024904,-0.01415,-0.00896,-0.003677,-0.001953,0.027072,-0.055571,0.477883,-0.171096,0.031254,0.343373,-0.660073,-0.435336,0.612191,0.543251,0.286007,0.789311,-0.517864,0.854096,0.046921,0.037217,0.04075,0.009987,-0.062666,0.20313,0.583033,-1.403904,0.034252,0.036696,-0.005086,0.759977,0.312737,0.569762,-0.54146,-0.180266,0.821172,0.35952,-0.932576,0.032337,0.018625,0.020527,0.00509,0.143453,0.402141,0.847165,-0.911123,0.072933,0.044499,-0.037405,-0.128022,-0.232297,-0.964182,-0.219888,-0.941338,0.25599,-0.967087,0.244784,0.069432,-0.00713,-0.004727,-0.001946,-0.00172,0.026956,-0.055617,0.439723
108,0.113954,0.039748,0.404727,-0.058576,-0.271643,-0.960637,-0.317384,-0.907274,0.275851,-0.946427,0.321382,-0.031873,-0.003816,-0.016783,-0.0078,-0.398454,-1.054986,2.461018,0.488492,-0.169549,0.032739,0.343795,-0.694632,-0.407598,0.592741,0.535938,0.25617,0.804414,-0.478835,0.876927,0.039738,0.050527,0.028887,0.016306,0.670371,1.58101,0.739493,-1.403943,0.03502,0.037451,-0.004872,0.786586,0.281385,0.549639,-0.528824,-0.152569,0.834905,0.318788,-0.947388,0.028795,0.018267,0.01977,0.004302,2.81375,4.783728,1.204863,-0.912102,0.072771,0.044284,-0.037574,-0.121141,-0.228451,-0.965988,-0.222224,-0.942214,0.250696,-0.96744,0.245035,0.063373,-0.001892,-0.00834,-0.00387,0.004309,0.030256,-0.025893,0.459317
109,0.113596,0.038944,0.404422,-0.04809,-0.264581,-0.963187,-0.320314,-0.909269,0.265707,-0.946044,0.321624,-0.039822,-0.005039,-0.02206,-0.010339,0.004678,-0.060848,0.127391,0.496516,-0.168024,0.033868,0.344437,-0.739257,-0.359842,0.569213,0.524975,0.221188,0.821834,-0.420693,0.906792,0.024657,0.024857,0.028248,0.017669,2.665793,5.056741,0.901729,-1.403061,0.035792,0.038015,-0.004552,0.819468,0.230397,0.524774,-0.510688,-0.122055,0.851058,0.260132,-0.965411,0.01764,0.018792,0.014262,0.00842,-0.081895,0.189419,0.50624,-0.918797,0.072591,0.043876,-0.03773,-0.109964,-0.218073,-0.969716,-0.226527,-0.944458,0.23808,-0.967776,0.245847,0.054457,-0.002585,-0.011326,-0.005302,0.007109,-0.050967,0.122764,0.472544
110,0.113379,0.03844,0.404253,-0.045289,-0.261603,-0.964136,-0.321006,-0.91011,0.261968,-0.945951,0.321678,-0.041557,-0.018062,-0.033038,-0.000976,-0.032311,-0.017594,0.055033,0.503193,-0.167397,0.034383,0.344756,-0.756854,-0.346004,0.554476,0.516276,0.203438,0.831869,-0.39967,0.916272,0.023943,0.037425,0.028489,0.016754,-0.183619,0.079275,0.523527,-1.402911,0.036101,0.038274,-0.004391,0.83595,0.207239,0.50817,-0.497724,-0.103808,0.8611,0.231206,-0.972766,0.016369,0.018741,0.013974,0.008177,-0.179791,0.131203,0.542255,-0.915205,0.072482,0.043624,-0.037814,-0.107561,-0.214834,-0.970709,-0.227448,-0.945162,0.234383,-0.967831,0.245996,0.052798,-0.009077,-0.016742,-0.000585,-0.031682,-0.015392,0.052385,0.480055
111,0.112949,0.037434,0.40388,-0.044598,-0.260842,-0.964374,-0.321233,-0.910302,0.261017,-0.945907,0.321749,-0.041992,-0.005857,-0.025433,-0.012105,-0.002912,0.037058,-0.078059,0.51176,-0.166146,0.035579,0.345431,-0.793167,-0.309512,0.524481,0.496814,0.168907,0.851223,-0.351046,0.93609,0.019118,0.03711,0.031173,0.018411,-0.354176,0.272636,0.653621,-1.403476,0.036741,0.038879,-0.00405,0.862951,0.165737,0.477331,-0.472076,-0.072378,0.878581,0.180162,-0.98351,0.015782,0.01857,0.015676,0.00925,-0.46897,0.332658,0.718621,-0.909816,0.072266,0.043115,-0.038003,-0.106976,-0.214028,-0.970951,-0.227728,-0.945321,0.233468,-0.96783,0.246088,0.052386,-0.002937,-0.012777,-0.006074,-0.002741,0.037074,-0.078132,0.494588
