frame,MLTx,MLTy,MLTz,MLTR1,MLTR2,MLTR3,MLTR4,MLTR5,MLTR6,MLTR7,MLTR8,MLTR9,MLTTVx,MLTTVy,MLTTVz,MLTRVx,MLTRVy,MLTRVz,MLGA,MRTx,MRTy,MRTz,MRTR1,MRTR2,MRTR3,MRTR4,MRTR5,MRTR6,MRTR7,MRTR8,MRTR9,MRTTVx,MRTTVy,MRTTVz,MRTRVx,MRTRVy,MRTRVz,MRGA,SLTx,SLTy,SLTz,SLTR1,SLTR2,SLTR3,SLTR4,SLTR5,SLTR6,SLTR7,SLTR8,SLTR9,SLTTVx,SLTTVy,SLTTVz,SLTRVx,SLTRVy,SLTRVz,SLGA,SRTx,SRTy,SRTz,SRTR1,SRTR2,SRTR3,SRTR4,SRTR5,SRTR6,SRTR7,SRTR8,SRTR9,SRTTVx,SRTTVy,SRTTVz,SRTRVx,SRTRVy,SRTRVz,SRGA
3057,0.095414,-0.009347,0.338993,0.788744,0.19922,-0.581584,0.099017,0.89254,0.439932,0.605752,-0.404823,0.68499,-0.029057,-0.005793,0.012045,0.732606,1.160846,0.104816,-1.894239,-0.109095,0.028727,0.327935,0.5502,0.602249,0.578418,-0.793911,0.591841,0.139154,-0.2592,-0.536531,0.803002,0.004293,-0.025218,0.013268,0.026806,0.437084,-0.445468,0.148746,0.075074,0.061952,-0.030459,-0.532942,-0.636342,0.557709,0.819605,-0.552021,0.153356,0.21028,0.538832,0.815745,0.002205,-0.012956,0.006337,1.323589,2.620432,-1.375713,0.027498,0.062169,0.04821,-0.05691,-0.791428,-0.190075,-0.580958,-0.120317,-0.88339,0.452929,-0.599303,0.42836,0.67627,-0.014572,-0.002904,0.00599,0.366639,1.206722,0.390314,-1.090213
3058,0.094482,-0.009509,0.339126,0.818206,0.120604,-0.562173,0.148495,0.900278,0.40917,0.554445,-0.41841,0.71941,-0.015869,-0.003455,-0.003908,0.29183,0.963259,0.473633,-1.894447,-0.108591,0.027714,0.328592,0.535276,0.572811,0.620772,-0.780556,0.616212,0.104635,-0.323245,-0.541275,0.776143,0.018879,-0.032096,0.023056,-0.042346,0.514329,-0.609218,0.14969,0.075328,0.061436,-0.030126,-0.519932,-0.606522,0.601499,0.808608,-0.576457,0.117685,0.27536,0.547565,0.790157,0.008477,-0.010335,0.007706,0.271595,0.783591,-0.549064,0.025212,0.061701,0.048138,-0.056828,-0.820005,-0.110565,-0.561574,-0.168156,-0.891324,0.421026,-0.547096,0.439676,0.712299,-0.008107,-0.006976,0.002707,-2.303126,3.345443,4.252283,-1.095929
3059,0.094114,-0.009644,0.339125,0.829236,0.075361,-0.553836,0.182896,0.899758,0.396179,0.527146,-0.429909,0.733023,-0.015887,-0.003468,-0.003931,0.484549,0.810991,0.222058,-1.89403,-0.108317,0.027284,0.328916,0.534842,0.556832,0.635511,-0.768311,0.633408,0.091796,-0.352075,-0.538065,0.765762,0.016886,-0.020195,0.015828,-0.120437,0.544805,-0.806032,0.14886,0.075465,0.061218,-0.02996,-0.520947,-0.590631,0.616253,0.797434,-0.594282,0.104532,0.304488,0.545877,0.780579,0.008419,-0.010009,0.007981,-0.063104,0.541909,-0.718692,0.025865,0.061505,0.048067,-0.056833,-0.830299,-0.063516,-0.553685,-0.20401,-0.88989,0.408013,-0.518635,0.45173,0.725917,-0.015023,-0.000437,-0.001094,0.43928,1.106184,0.555822,-1.095276
3060,0.093119,-0.009892,0.339244,0.846743,-0.009928,-0.531953,0.245194,0.894625,0.373494,0.47114,-0.446668,0.760619,-0.016708,-0.013951,0.004947,-0.31269,1.311859,1.539841,-1.894379,-0.107713,0.026615,0.329623,0.52394,0.539037,0.659483,-0.75823,0.64783,0.073053,-0.388492,-0.538992,0.747278,0.016035,-0.015929,0.019402,-0.149134,0.536229,-0.798684,0.155225,0.075768,0.060878,-0.029611,-0.51169,-0.572367,0.640756,0.788549,-0.608963,0.085745,0.341119,0.549143,0.76294,0.008061,-0.008215,0.009483,-0.099293,0.425246,-0.64792,0.026518,0.061007,0.047945,-0.056779,-0.845826,0.020725,-0.533055,-0.264665,-0.883895,0.385592,-0.463174,0.467225,0.753106,-0.014707,-8.7e-05,-0.000619,-2.151848,3.05619,4.377417,-1.09201
3061,0.092346,-0.010101,0.33914,0.855313,-0.078558,-0.512166,0.296541,0.884796,0.359405,0.423868,-0.459179,0.780716,-0.016303,-0.004637,-0.005091,-0.486732,1.071213,1.485324,-1.894048,-0.107161,0.026075,0.330248,0.498411,0.540508,0.677813,-0.771073,0.633684,0.061838,-0.3967,-0.554142,0.731723,0.014732,-0.007446,0.0093,-0.271857,0.631933,-0.504229,0.169705,0.076043,0.060614,-0.029287,-0.486231,-0.573611,0.659203,0.801094,-0.593937,0.074071,0.349037,0.564099,0.748307,0.00173,-0.01051,0.008421,-0.416748,0.774019,-0.471563,0.042847,0.06062,0.047837,-0.056827,-0.853046,0.090146,-0.513988,-0.315855,-0.873241,0.371058,-0.415386,0.478876,0.773389,-0.007939,-0.002237,-0.002349,-2.449332,2.746281,4.42272,-1.091357
3062,0.092018,-0.010091,0.338994,0.859108,-0.122117,-0.497056,0.331722,0.872423,0.358902,0.38875,-0.473064,0.790639,-0.015184,0.006939,-0.01297,-0.010632,0.794328,0.224463,-1.894559,-0.106857,0.025775,0.330495,0.485116,0.541318,0.686752,-0.777603,0.626217,0.055857,-0.400407,-0.561796,0.723825,0.017034,-0.020588,0.015545,-0.126921,0.656926,-0.523008,0.172754,0.076193,0.060471,-0.029164,-0.473222,-0.573505,0.668694,0.807409,-0.585961,0.068839,0.352349,0.572486,0.740343,0.014165,-0.003655,0.003854,0.168278,1.188897,-0.763153,0.050195,0.060461,0.047837,-0.056897,-0.855322,0.13424,-0.500403,-0.351345,-0.860116,0.369806,-0.380762,0.492118,0.78284,-0.007323,0.003839,-0.006019,-3.450068,4.569197,2.952372,-1.091683
3063,0.091462,-0.010065,0.338683,0.863054,-0.186025,-0.469658,0.377599,0.85518,0.355047,0.334524,-0.483531,0.808899,-0.001848,-0.006067,-0.005777,0.209825,0.351715,-0.008439,-1.894652,-0.106073,0.02518,0.33088,0.445433,0.557029,0.700927,-0.808252,0.586868,0.047414,-0.385478,-0.588343,0.71072,0.028767,-0.009079,0.00625,-4.018434,0.003097,-4.236615,0.181472,0.076581,0.060168,-0.028969,-0.436322,-0.584338,0.684229,0.833055,-0.549731,0.061751,0.340059,0.596945,0.726646,0.014279,-0.004071,0.003501,-0.206502,0.219648,-0.371926,0.061299,0.06017,0.047851,-0.05706,-0.858205,0.200557,-0.472504,-0.397846,-0.841543,0.365406,-0.324348,0.501577,0.802008,-0.000962,-0.003092,-0.002947,0.146085,0.287081,-0.029877,-1.09152
3064,0.091097,-0.010226,0.338501,0.856702,-0.249741,-0.451372,0.424277,0.838845,0.341029,0.2924,-0.483352,0.825167,-0.015395,-0.001488,-0.002145,0.223503,0.743467,0.450649,-1.894632,-0.105234,0.024878,0.331059,0.367891,0.590939,0.717941,-0.86816,0.494778,0.037775,-0.333338,-0.637922,0.694122,0.013914,-0.001124,-0.002642,-0.95889,0.863931,-1.857209,0.187529,0.077006,0.060013,-0.028877,-0.3557,-0.616699,0.702252,0.890817,-0.450999,0.055154,0.282702,0.645197,0.709787,0.007826,-0.005892,0.002902,-2.956559,2.097325,-5.610269,0.071097,0.059993,0.047767,-0.057154,-0.850352,0.262743,-0.455924,-0.44352,-0.824127,0.352283,-0.28318,0.501776,0.81733,-0.000696,-0.0023,-0.002198,-0.126293,1.309917,1.487174,-1.09152
3065,0.090891,-0.010222,0.338452,0.854609,-0.280078,-0.437317,0.445192,0.828714,0.33913,0.266369,-0.48416,0.833465,-0.000862,-0.002812,-0.002686,-0.05666,0.959398,-0.24753,-1.894258,-0.104869,0.024788,0.331043,0.330826,0.602412,0.726392,-0.892836,0.44899,0.034433,-0.305794,-0.66069,0.68545,0.029307,-0.011318,0.004355,0.723823,2.288233,-2.053717,0.189141,0.077183,0.059973,-0.028886,-0.318935,-0.627262,0.710508,0.913652,-0.402825,0.054494,0.252029,0.666538,0.701575,0.007079,-0.001113,-0.001801,-1.436906,0.152,-1.294173,0.074689,0.059885,0.04777,-0.057178,-0.847172,0.294213,-0.442423,-0.464862,-0.81368,0.349038,-0.2573,0.501361,0.826095,-0.006873,0.005929,-0.004157,-0.852811,2.534274,-1.306571,-1.090867
3066,0.090891,-0.010194,0.338408,0.845034,-0.34629,-0.407487,0.491442,0.803335,0.336318,0.209838,-0.484021,0.84954,0.014336,-0.001982,-0.001165,0.277771,0.395106,0.330235,-1.894176,-0.10417,0.024599,0.330776,0.251741,0.628622,0.735833,-0.940581,0.33783,0.033337,-0.227925,-0.701283,0.675363,0.028607,-0.005559,-0.008109,-1.451277,0.189697,-1.27918,0.184588,0.077531,0.059881,-0.029011,-0.237566,-0.648623,0.723083,0.955424,-0.290356,0.053444,0.175286,0.703549,0.688689,0.007601,-0.003641,-0.003874,-4.599082,0.190217,-4.285854,0.074689,0.059878,0.047782,-0.057202,-0.836544,0.360096,-0.412947,-0.510028,-0.787143,0.346809,-0.200164,0.500735,0.842139,0.000149,0.000539,0.000515,0.231857,0.756235,0.445955,-1.105889
3067,0.091361,-0.01026,0.338524,0.82661,-0.408858,-0.386778,0.538588,0.774128,0.332597,0.162406,-0.48273,0.860595,0.000921,0.00302,0.002881,0.052677,0.509365,0.386556,-1.893781,-0.10323,0.024305,0.330403,0.183081,0.650442,0.737155,-0.970818,0.237581,0.031636,-0.154767,-0.72224,0.674002,0.029315,-0.008463,-0.01062,-0.370088,-0.015234,-0.327802,0.180193,0.07799,0.059737,-0.029193,-0.167843,-0.66708,0.725832,0.980616,-0.188478,0.053538,0.101089,0.720749,0.685784,0.007908,-0.004878,-0.00498,-4.099748,-0.172168,-3.752398,0.0693,0.060113,0.047749,-0.057145,-0.817214,0.421359,-0.393214,-0.555459,-0.757784,0.342384,-0.153705,0.498216,0.853319,0.007247,-0.005058,0.004936,-1.809353,2.325372,4.778775,-1.120096
3068,0.091603,-0.010096,0.338703,0.812052,-0.454622,-0.365972,0.56891,0.75656,0.322382,0.129312,-0.469427,0.873467,0.001852,0.006088,0.005796,-0.489556,1.644841,1.323087,-1.893239,-0.102374,0.023883,0.329961,0.141246,0.671628,0.727295,-0.985832,0.162243,0.041789,-0.09009,-0.723723,0.684084,0.016478,-0.012251,-0.012148,-1.070502,-0.344064,-1.33274,0.180739,0.078434,0.059521,-0.029421,-0.125429,-0.685198,0.717475,0.991464,-0.11251,0.06588,0.035582,0.719614,0.693461,0.014957,-0.005463,-0.006441,-3.853282,-0.720669,-4.151907,0.067014,0.060239,0.047829,-0.057056,-0.801717,0.46608,-0.37419,-0.585141,-0.739706,0.33233,-0.121898,0.485389,0.865758,0.001794,0.009328,-0.000649,-2.79015,4.426744,3.679229,-1.137078
3069,0.091713,-0.009932,0.338805,0.802902,-0.478114,-0.356089,0.585499,0.744864,0.319907,0.111292,-0.464746,0.878438,0.016059,0.003764,0.004285,0.136381,0.324405,0.085946,-1.89283,-0.101889,0.02365,0.329733,0.102159,0.686308,0.720095,-0.994013,0.097848,0.047923,-0.03768,-0.721527,0.691261,0.029637,-0.009315,-0.011477,-1.252443,-0.193208,-1.282556,0.18068,0.078673,0.059401,-0.029538,-0.084689,-0.698806,0.710278,0.996278,-0.047925,0.071639,-0.016022,0.713702,0.700264,0.015905,-0.010796,-0.002285,-4.35413,-0.370399,-4.26714,0.067341,0.060289,0.047914,-0.057002,-0.791259,0.492162,-0.362883,-0.602891,-0.727033,0.328548,-0.102129,0.478746,0.871993,0.001159,0.003856,0.003668,-0.011128,0.429196,0.394187,-1.142956
3070,0.092073,-0.009792,0.338994,0.789677,-0.514476,-0.334319,0.608586,0.726082,0.319999,0.077133,-0.455515,0.886895,0.015747,0.002792,0.003345,0.186427,0.245488,0.309016,-1.89276,-0.100764,0.023336,0.329366,0.009729,0.7115,0.702612,-0.998233,-0.033782,0.048195,0.05803,-0.702718,0.709001,0.029013,-0.006144,-0.008858,-1.005248,-0.273376,-1.57577,0.190095,0.079226,0.059241,-0.029723,0.005739,-0.718933,0.695054,0.994081,0.079503,0.074027,-0.108479,0.690516,0.715135,0.021006,-0.001236,-0.003768,-0.024333,-0.428085,-0.807471,0.07126,0.060471,0.047987,-0.056905,-0.77743,0.527842,-0.34203,-0.625258,-0.707566,0.329244,-0.06822,0.469822,0.88012,0.000725,0.00243,0.002303,0.16356,0.450538,0.596283,-1.151284
3071,0.092643,-0.009589,0.339168,0.772479,-0.544465,-0.326924,0.632122,0.708847,0.312937,0.060399,-0.447712,0.89215,0.01659,0.005674,0.006048,0.276488,0.237661,0.199081,-1.892938,-0.099559,0.023197,0.329053,-0.051142,0.720404,0.69166,-0.993872,-0.1044,0.035417,0.097803,-0.686499,0.720429,0.028836,-0.005034,-0.007972,-0.952117,-0.259382,-1.569025,0.205124,0.079828,0.059172,-0.029878,0.067433,-0.72496,0.685481,0.986749,0.150078,0.061652,-0.147571,0.672241,0.725475,0.014263,-0.001822,-0.003397,0.308896,-0.280056,-0.633687,0.08514,0.060754,0.048083,-0.056823,-0.759585,0.557306,-0.335318,-0.648345,-0.689813,0.322189,-0.051749,0.462132,0.885299,0.00126,0.004219,0.003986,0.416189,0.364173,0.206291,-1.153733
3072,0.093144,-0.009227,0.339372,0.755189,-0.576366,-0.312309,0.654457,0.690403,0.308222,0.037035,-0.436438,0.898987,0.016918,0.006878,0.007149,0.098726,0.381476,0.078046,-1.892563,-0.098501,0.023084,0.328752,-0.079532,0.726588,0.682449,-0.990438,-0.134789,0.02825,0.112627,-0.674573,0.729473,0.028549,-0.003528,-0.006734,0.099759,-0.092755,-0.272305,0.245219,0.080368,0.059112,-0.030033,0.100926,-0.72923,0.676784,0.981005,0.186209,0.054345,-0.165653,0.658444,0.734172,0.014275,-0.00173,-0.003348,0.103498,-0.113287,-0.316332,0.119431,0.061005,0.048264,-0.056721,-0.741488,0.589284,-0.320841,-0.670346,-0.671169,0.316493,-0.028835,0.44975,0.892688,0.001436,0.00483,0.004549,-0.183904,0.839746,0.008775,-1.157979
3073,0.093432,-0.009054,0.339476,0.751606,-0.584602,-0.305573,0.658964,0.686652,0.306998,0.02942,-0.431372,0.90171,0.016782,0.006485,0.006759,0.130882,0.105472,0.121533,-1.892122,-0.097998,0.023083,0.328592,-0.100919,0.729504,0.676483,-0.985487,-0.166393,0.032588,0.136477,-0.664276,0.734829,0.026327,0.008649,-0.013773,-1.095094,0.001958,-1.354576,0.266707,0.08062,0.059107,-0.030111,0.121528,-0.731379,0.671054,0.974671,0.215804,0.058691,-0.187742,0.646925,0.73908,0.007519,-0.002444,-0.00307,-3.803275,-0.0548,-4.239705,0.146537,0.061149,0.048353,-0.056667,-0.737684,0.597806,-0.313767,-0.674817,-0.667374,0.315014,-0.021083,0.444116,0.895721,0.008415,0.003345,0.003474,0.118013,0.104305,0.12401,-1.156019
3074,0.094251,-0.008795,0.339722,0.743781,-0.596402,-0.301894,0.667868,0.682146,0.297658,0.027492,-0.422272,0.906067,0.01676,0.006555,0.006782,0.132419,0.09938,0.123843,-1.892839,-0.097229,0.023131,0.328239,-0.129434,0.742946,0.656711,-0.974328,-0.218169,0.054957,0.18428,-0.633656,0.751255,0.012937,0.00667,-0.013649,-0.191016,-0.188205,0.03908,0.293093,0.081015,0.059135,-0.030292,0.152154,-0.742614,0.652205,0.959837,0.2684,0.081684,-0.235712,0.613583,0.753627,0.006463,0.003386,-0.006781,-0.193187,-0.174281,0.044566,0.192748,0.061565,0.048486,-0.05654,-0.729586,0.609409,-0.310361,-0.68361,-0.662823,0.30552,-0.019528,0.435069,0.900184,0.008375,0.003276,0.00338,0.096796,0.070684,0.116512,-1.154876
3075,0.094639,-0.008714,0.339883,0.739102,-0.606186,-0.293789,0.673324,0.678128,0.294532,0.01977,-0.414747,0.909737,0.016931,0.007204,0.007367,0.399027,0.389952,0.262314,-1.892725,-0.097035,0.023242,0.327992,-0.138942,0.749941,0.646743,-0.969091,-0.237263,0.067107,0.203961,-0.618354,0.758882,-0.00046,0.004608,-0.013566,-3.536073,-0.483668,-4.019486,0.308616,0.081112,0.059189,-0.030411,0.157898,-0.749923,0.642404,0.954952,0.281508,0.093904,-0.251263,0.598638,0.76059,0.006327,0.00396,-0.006282,0.041934,-0.255906,0.390229,0.2112,0.061752,0.048523,-0.056463,-0.725288,0.617994,-0.30338,-0.688341,-0.658618,0.303988,-0.011949,0.429308,0.903079,0.008487,0.003687,0.003752,0.384389,0.436496,0.294977,-1.156346
3076,0.095294,-0.008518,0.340257,0.721639,-0.63521,-0.275301,0.692315,0.662223,0.286589,-0.000627,-0.396615,0.918,0.016834,0.007005,0.007137,0.236621,0.203907,0.179614,-1.892714,-0.096852,0.023722,0.327384,-0.16041,0.762472,0.626814,-0.957566,-0.274136,0.088595,0.239597,-0.586946,0.773273,-0.002979,0.01782,-0.01966,-3.498495,-1.002623,-3.644292,0.338657,0.081205,0.059416,-0.030705,0.180937,-0.760298,0.623864,0.941166,0.317947,0.114517,-0.285423,0.56644,0.773095,-0.000467,0.00318,-0.006052,-1.650004,-2.206789,1.327331,0.253329,0.062074,0.04862,-0.056278,-0.70689,0.647735,-0.284156,-0.707277,-0.642763,0.294302,0.007985,0.409017,0.912491,0.008478,0.003739,0.003783,0.319403,0.281762,0.228797,-1.157979
3077,0.096162,-0.008375,0.340381,0.717299,-0.647778,-0.25673,0.696643,0.658549,0.284558,-0.016148,-0.382153,0.923973,0.029326,-0.000741,0.000503,-0.372925,0.765664,-0.389288,-1.893139,-0.097001,0.024116,0.326685,-0.179153,0.765865,0.617532,-0.949328,-0.299204,0.09585,0.258412,-0.570015,0.779852,-0.00017,0.003402,-0.014624,0.079603,-0.313982,0.492341,0.341536,0.081128,0.059632,-0.031065,0.203859,-0.762315,0.61426,0.929625,0.347476,0.122706,-0.306982,0.546017,0.779503,-5.5e-05,0.001612,-0.007376,0.082722,-0.314108,0.495242,0.27423,0.062522,0.048703,-0.056203,-0.701834,0.660892,-0.265799,-0.711966,-0.638722,0.291784,0.023066,0.394024,0.91881,0.014604,-0.000558,6.5e-05,-0.47911,0.776004,-0.429476,-1.15357
3078,0.09709,-0.008341,0.340351,0.71659,-0.650382,-0.252086,0.69726,0.657599,0.285246,-0.020634,-0.379361,0.925033,0.029127,-0.001334,-7.6e-05,0.17615,0.143636,0.152438,-1.892529,-0.097331,0.024031,0.326016,-0.191252,0.768981,0.609986,-0.944701,-0.312756,0.098268,0.266594,-0.558411,0.785473,-0.012472,-0.003298,-0.01861,0.066993,-0.18232,0.270488,0.348707,0.080966,0.059593,-0.031391,0.216538,-0.764646,0.606981,0.924232,0.36084,0.124853,-0.314492,0.533956,0.784846,0.001331,-0.005539,-0.004836,0.003673,-0.08054,0.149897,0.278802,0.062968,0.048715,-0.056224,-0.701642,0.662621,-0.261973,-0.711989,-0.637705,0.293942,0.02771,0.392764,0.919221,0.014532,-0.000778,-0.000156,0.354082,0.287936,0.195774,-1.154223
3079,0.097517,-0.008269,0.340322,0.712393,-0.655409,-0.250962,0.701419,0.65266,0.28639,-0.024791,-0.379232,0.924984,0.029248,-0.000855,0.000354,0.004735,-0.040579,0.085353,-1.892443,-0.097448,0.023838,0.325764,-0.196015,0.770031,0.607142,-0.943515,-0.316653,0.097185,0.267345,-0.55475,0.787809,0.00287,-0.012061,-0.010573,0.055438,-0.135112,0.075697,0.364962,0.080903,0.059498,-0.031521,0.221254,-0.765515,0.604179,0.922938,0.364487,0.123831,-0.31501,0.530222,0.787167,-0.005277,-0.00701,-0.005187,0.051557,-0.131185,0.072991,0.290069,0.063181,0.048749,-0.05624,-0.696975,0.668209,-0.260234,-0.716385,-0.632675,0.294132,0.031898,0.391431,0.919654,0.00798,0.006077,-0.003398,0.023318,-0.043767,0.042709,-1.154713
3080,0.098288,-0.008135,0.340223,0.704367,-0.66856,-0.238621,0.708735,0.643175,0.289812,-0.041154,-0.372418,0.927166,0.029551,0.008219,-0.00987,0.243878,0.161267,0.187676,-1.892767,-0.097677,0.023466,0.325322,-0.195603,0.774695,0.601314,-0.943726,-0.315321,0.099443,0.266901,-0.548982,0.791989,0.00215,-0.009071,-0.007983,-0.419017,-0.584859,0.367559,0.373348,0.08079,0.059304,-0.031749,0.221246,-0.769705,0.598835,0.923226,0.363131,0.12565,-0.314169,0.525061,0.790953,-0.005595,-0.005857,-0.00422,-1.40156,-1.957083,1.256962,0.31195,0.063573,0.048815,-0.056283,-0.68912,0.680672,-0.24859,-0.723049,-0.623113,0.298208,0.048082,0.385245,0.92156,0.007391,8.9e-05,0.000351,0.343424,0.289623,0.171664,-1.152591
3081,0.099,-0.007979,0.340169,0.700018,-0.678237,-0.223636,0.712048,0.638673,0.291643,-0.055839,-0.362548,0.930305,0.015371,0.002345,0.002716,0.293022,0.267494,0.213459,-1.892992,-0.097843,0.023111,0.325045,-0.205319,0.780455,0.590529,-0.939818,-0.325488,0.103603,0.273336,-0.534684,0.79954,0.001544,-0.006533,-0.005766,0.005421,-0.016496,-0.005301,0.382323,0.080706,0.059132,-0.03189,0.231417,-0.775435,0.58749,0.918692,0.37287,0.130275,-0.320077,0.509575,0.798675,-0.005771,-0.005033,-0.003477,-0.036116,-0.11464,0.149633,0.321421,0.063933,0.04889,-0.05632,-0.68477,0.690147,-0.234066,-0.726072,-0.618542,0.300373,0.062522,0.375635,0.924655,0.015047,0.005134,-0.00401,0.534746,0.409609,0.272425,-1.149161
3082,0.099333,-0.007882,0.340145,0.700181,-0.678654,-0.221857,0.711712,0.638422,0.29301,-0.05808,-0.362211,0.930299,0.029129,-0.001026,0.000138,0.006242,-0.025116,0.061442,-1.892787,-0.097888,0.022942,0.324933,-0.209613,0.783799,0.584561,-0.938002,-0.329875,0.106153,0.276308,-0.527038,0.803584,0.001765,-0.007476,-0.006607,0.036937,-0.123063,0.119894,0.385644,0.080685,0.059044,-0.031942,0.236112,-0.778386,0.581691,0.916553,0.377233,0.132757,-0.322769,0.501806,0.802501,0.000849,-0.003577,-0.003154,0.005347,0.014575,-0.039397,0.328769,0.064094,0.048943,-0.056329,-0.684288,0.69151,-0.231435,-0.726336,-0.6182,0.300438,0.064682,0.373686,0.925296,0.008034,0.006394,-0.00312,0.019044,-0.06449,0.071558,-1.147365
3083,0.099828,-0.007846,0.340195,0.700044,-0.6798,-0.218758,0.711461,0.63731,0.296025,-0.062688,-0.362019,0.930075,0.015134,0.001574,0.001986,0.00154,-0.028879,0.054646,-1.893062,-0.097891,0.022591,0.324701,-0.206911,0.795556,0.569447,-0.938533,-0.325664,0.114157,0.276537,-0.51181,0.81329,0.00183,-0.007757,-0.006875,0.11427,-0.223346,0.047126,0.38318,0.080683,0.05887,-0.032057,0.23392,-0.790018,0.566702,0.917094,0.372828,0.141193,-0.322828,0.486692,0.811733,0.000899,-0.00379,-0.003356,0.16484,-0.266138,0.010578,0.333668,0.064347,0.048958,-0.056306,-0.68421,0.692553,-0.228529,-0.725986,-0.617044,0.303644,0.069277,0.373665,0.924972,0.000444,0.001604,0.001471,0.001412,-0.00304,-0.001546,-1.146059
3084,0.100044,-0.007713,0.340352,0.692506,-0.690526,-0.208937,0.7174,0.628384,0.300736,-0.07723,-0.35729,0.930809,0.001256,0.004544,0.004183,0.020755,0.021142,0.011436,-1.892531,-0.097803,0.022302,0.324495,-0.209793,0.798163,0.564724,-0.937872,-0.327425,0.114558,0.276615,-0.506594,0.816523,0.001561,-0.006612,-0.005875,0.015612,-0.095185,0.139812,0.376585,0.080728,0.058721,-0.032163,0.237356,-0.792482,0.561813,0.91636,0.374603,0.141262,-0.322405,0.481294,0.815114,0.000772,-0.003258,-0.002893,0.001775,-0.079739,0.148833,0.327953,0.06446,0.049024,-0.056228,-0.676454,0.703277,-0.218654,-0.731715,-0.608045,0.308013,0.083667,0.36835,0.925914,0.000747,0.002712,0.002496,0.004546,-0.015521,0.04044,-1.146222
3085,0.10006,-0.007546,0.340532,0.679151,-0.707532,-0.195443,0.72811,0.615514,0.301613,-0.093943,-0.346261,0.933438,0.001263,0.004573,0.004202,0.219792,0.224041,0.121314,-1.893063,-0.097674,0.022029,0.324203,-0.213147,0.799038,0.562227,-0.936027,-0.331832,0.116945,0.280286,-0.502322,0.817909,0.002308,-0.009761,-0.0087,-0.131602,-0.150166,0.065112,0.374824,0.08079,0.058594,-0.032301,0.240676,-0.793044,0.559603,0.914238,0.378845,0.143682,-0.325949,0.47703,0.81621,0.006661,0.002707,-0.007469,-0.43113,-0.67443,0.446017,0.32387,0.064469,0.04911,-0.056136,-0.663073,0.719727,-0.205732,-0.741831,-0.595061,0.309172,0.100097,0.357623,0.928485,0.000643,0.002341,0.002152,0.272048,0.254169,0.126613,-1.145242
3086,0.100058,-0.007433,0.340635,0.679306,-0.709089,-0.189163,0.727261,0.615777,0.30312,-0.099297,-0.342597,0.934235,0.00152,0.005504,0.005052,0.092843,0.079924,0.076026,-1.892995,-0.097592,0.021916,0.324014,-0.213442,0.798743,0.562533,-0.93597,-0.332103,0.116624,0.280249,-0.502611,0.817744,8.1e-05,0.002322,-0.015752,0.033885,0.010037,-0.003386,0.371351,0.080833,0.058529,-0.032396,0.240915,-0.792833,0.559799,0.914155,0.37911,0.143512,-0.326007,0.477169,0.816105,0.007749,-0.003182,-0.003818,0.001004,0.001701,0.00545,0.322401,0.064467,0.049161,-0.056089,-0.662924,0.72167,-0.199304,-0.74124,-0.595199,0.310322,0.105324,0.353452,0.929503,0.000818,0.00297,0.002728,0.132884,0.109084,0.099552,-1.148508
3087,0.099993,-0.007118,0.340932,0.670269,-0.720177,-0.179247,0.733909,0.607227,0.304345,-0.111167,-0.334645,0.935779,-0.011487,0.011492,0.01,-1.488737,2.139024,-0.930431,-1.892938,-0.097487,0.021736,0.323605,-0.210124,0.797085,0.566123,-0.935637,-0.331803,0.120098,0.283843,-0.505437,0.814757,0.001851,-0.007814,-0.007001,-0.16754,0.227509,0.130297,0.367904,0.080885,0.05844,-0.032607,0.238133,-0.791521,0.562837,0.913806,0.37891,0.146236,-0.329013,0.479501,0.813528,-0.000119,0.001864,-0.00726,-0.247461,0.350067,0.227305,0.316686,0.064438,0.049311,-0.055947,-0.653156,0.732514,-0.191857,-0.748536,-0.58633,0.309693,0.114362,0.34589,0.931279,-0.005664,0.006059,0.00529,0.109374,0.106049,0.055451,-1.150141
3088,0.099755,-0.006678,0.341445,0.656406,-0.735136,-0.169561,0.744177,0.593889,0.305726,-0.124861,-0.325946,0.937121,-0.011377,0.003904,0.021486,0.3506,0.421036,0.192786,-1.892789,-0.097511,0.021674,0.323168,-0.207738,0.797774,0.566033,-0.93548,-0.331024,0.123425,0.286106,-0.504861,0.814323,-0.000378,0.004269,-0.014048,-0.018958,0.077835,0.046099,0.36388,0.080874,0.058404,-0.032823,0.234968,-0.792171,0.563252,0.913531,0.377928,0.150435,-0.33204,0.479201,0.812474,-0.006895,0.000911,-0.007138,-0.01832,0.083266,0.045542,0.312114,0.06432,0.049538,-0.055691,-0.640338,0.74637,-0.181381,-0.756866,-0.572905,0.314536,0.130846,0.33869,0.931755,-0.005163,0.007826,0.006883,-0.022247,-0.015339,0.017748,-1.15357
3089,0.099579,-0.006465,0.341783,0.651383,-0.740458,-0.165734,0.747789,0.589328,0.305739,-0.12952,-0.322162,0.937797,-0.011325,0.004044,0.021582,0.016308,0.070494,0.007809,-1.892973,-0.097499,0.021713,0.322907,-0.207738,0.797673,0.566174,-0.935629,-0.330783,0.122941,0.285618,-0.505178,0.814298,-0.000335,0.004085,-0.01422,0.033227,0.010888,-0.002765,0.362043,0.08088,0.058423,-0.032947,0.234909,-0.792103,0.563374,0.913745,0.377614,0.149921,-0.331491,0.479562,0.812485,-0.000219,0.0023,-0.006877,0.045348,-0.014256,0.016309,0.309991,0.064231,0.049642,-0.055525,-0.63424,0.752842,-0.175975,-0.761242,-0.568322,0.31228,0.135087,0.33202,0.933548,-0.005639,0.002142,0.010914,0.004751,0.058768,0.021736,-1.151937
3090,0.099208,-0.006156,0.342364,0.641201,-0.750955,-0.158027,0.754904,0.580149,0.305809,-0.138763,-0.314443,0.939094,-0.011495,0.01124,0.009667,0.002765,0.006528,-0.002724,-1.892718,-0.097426,0.022022,0.322336,-0.204035,0.800291,0.563822,-0.935739,-0.328566,0.127947,0.287913,-0.502476,0.815161,0.010322,0.020898,-0.018955,0.068297,-0.02788,0.076292,0.3584,0.080913,0.058567,-0.033235,0.231367,-0.794869,0.560937,0.913813,0.375386,0.15502,-0.333789,0.476725,0.813214,-0.00151,0.009076,-0.009724,0.048783,-0.076798,0.070027,0.305909,0.064045,0.04981,-0.055216,-0.623683,0.763298,-0.168508,-0.768245,-0.558763,0.312381,0.144283,0.324283,0.934891,-0.005799,0.005474,0.004711,-0.017143,-0.019168,-0.001839,-1.151284
3091,0.099013,-0.006084,0.342738,0.621959,-0.768936,-0.148154,0.767933,0.561814,0.307596,-0.154055,-0.304125,0.940107,0.0006,0.002151,0.001942,0.053238,0.059069,0.033481,-1.892701,-0.09738,0.022665,0.321739,-0.196783,0.804596,0.560261,-0.935954,-0.324234,0.137101,0.292224,-0.498397,0.816131,-0.003627,0.020621,-0.017204,0.059964,0.004474,0.052989,0.356118,0.080941,0.058891,-0.033538,0.224314,-0.799478,0.557241,0.914021,0.37093,0.164242,-0.338006,0.472488,0.813944,0.004869,0.011702,-0.008338,0.089436,-0.016369,0.042891,0.301336,0.063954,0.049855,-0.055028,-0.604177,0.780842,-0.158918,-0.780766,-0.540225,0.313943,0.159288,0.313755,0.936047,0.000331,0.001218,0.001113,0.050685,0.093308,0.079453,-1.149651
3092,0.098887,-0.00625,0.342832,0.61091,-0.779114,-0.140767,0.775008,0.552064,0.307507,-0.162626,-0.295982,0.941262,-0.014566,0.000217,-0.000308,0.024659,0.041043,-0.01539,-1.892975,-0.097317,0.023519,0.321216,-0.190627,0.805959,0.56043,-0.936547,-0.320281,0.142242,0.294385,-0.498753,0.815135,-0.002288,0.012287,-0.006805,0.030634,0.001343,0.025866,0.350271,0.080972,0.059321,-0.033804,0.218235,-0.801162,0.557235,0.914733,0.366897,0.169259,-0.340052,0.472784,0.81292,0.004445,0.013423,-0.006773,0.093087,-0.042731,0.063532,0.296274,0.063891,0.049767,-0.054978,-0.592778,0.790985,-0.15151,-0.787723,-0.53028,0.313519,0.167646,0.305195,0.937416,-0.000451,-0.001598,-0.001433,-0.003639,-0.003332,0.019214,-1.149814
3093,0.098843,-0.006339,0.342778,0.604387,-0.785149,-0.135285,0.779289,0.547188,0.305393,-0.1665,-0.289022,0.942747,-0.001195,-0.004274,-0.003864,0.110455,0.12799,0.036183,-1.89272,-0.097269,0.023934,0.320996,-0.187905,0.805859,0.561493,-0.936876,-0.318576,0.1439,0.295087,-0.500008,0.814113,-0.002371,0.012624,-0.006495,0.031536,0.000177,0.025013,0.347518,0.080993,0.05952,-0.033908,0.21553,-0.80119,0.558248,0.915084,0.365253,0.170908,-0.340832,0.474008,0.811879,-0.001247,0.006609,-0.002979,0.055781,-0.036776,0.038219,0.293009,0.063864,0.049725,-0.055003,-0.58641,0.796685,-0.146341,-0.791679,-0.525485,0.311622,0.171365,0.298594,0.938869,-0.000637,-0.002268,-0.002041,0.163766,0.173487,0.061665,-1.148182
3094,0.098863,-0.006623,0.342524,0.589741,-0.798302,-0.12233,0.787079,0.534099,0.308573,-0.181727,-0.277265,0.943466,-0.002352,-0.008413,-0.007626,0.033728,0.049537,-0.006099,-1.89323,-0.097138,0.024521,0.320659,-0.184295,0.807373,0.560514,-0.937222,-0.316018,0.147246,0.296256,-0.49919,0.81419,-2e-06,1e-05,9e-06,-0.00078,0.00098,0.000733,0.344525,0.08106,0.059832,-0.03408,0.212075,-0.802954,0.557034,0.915556,0.36257,0.174065,-0.341731,0.473082,0.812042,0.005633,0.007033,-0.003589,0.047551,-0.029454,0.044688,0.287946,0.063874,0.049583,-0.05513,-0.571188,0.809923,-0.1333,-0.799383,-0.512014,0.314369,0.186362,0.286122,0.939895,-0.001239,-0.004437,-0.004014,0.012177,0.022902,0.001058,-1.148182
3095,0.098817,-0.006951,0.342242,0.578973,-0.807379,-0.113904,0.793145,0.525205,0.308306,-0.189813,-0.267836,0.944597,-0.002267,-0.008102,-0.007367,0.000327,0.078483,0.125673,-1.893333,-0.096938,0.0248,0.320473,-0.185952,0.807513,0.559764,-0.935311,-0.319896,0.150979,0.301227,-0.49648,0.814023,0.011574,0.012683,-0.008416,0.029453,0.00305,0.031995,0.341027,0.081155,0.059969,-0.034168,0.213707,-0.802954,0.55641,0.913301,0.366367,0.17792,-0.346712,0.470148,0.811634,0.006679,0.001295,0.000174,0.014739,-0.024644,0.026666,0.284681,0.063849,0.049413,-0.055276,-0.560321,0.818786,-0.125016,-0.805188,-0.503075,0.313984,0.194193,0.276593,0.941161,-0.00114,-0.004083,-0.003706,-0.063874,0.159591,0.46405,-1.151121
3096,0.098657,-0.007251,0.341966,0.568606,-0.81554,-0.107825,0.798685,0.515824,0.309839,-0.19777,-0.261277,0.944801,-0.002362,-0.008424,-0.007684,-0.000453,-0.077898,0.146653,-1.893434,-0.096802,0.024795,0.320489,-0.186055,0.807403,0.559888,-0.935252,-0.320067,0.150977,0.301344,-0.496548,0.813938,1e-06,-3e-06,-3e-06,-2e-06,2e-06,2e-06,0.332769,0.081228,0.059968,-0.034166,0.213946,-0.802903,0.556392,0.913296,0.366494,0.177685,-0.346579,0.470136,0.811698,0.006651,0.001397,0.000265,0.002326,-0.015811,0.028547,0.275373,0.063769,0.049263,-0.055414,-0.549749,0.826795,-0.119102,-0.810487,-0.493437,0.315643,0.202202,0.270055,0.941373,-0.008192,-0.003062,-0.003047,-0.016273,0.034662,-0.060866,-1.152427
3097,0.098561,-0.007434,0.341797,0.55894,-0.82246,-0.105786,0.804086,0.506319,0.31154,-0.203358,-0.258167,0.944469,-0.002668,-0.009505,-0.008687,-0.17596,0.53064,1.54076,-1.893294,-0.096698,0.024782,0.320556,-0.186014,0.807446,0.55984,-0.935209,-0.320109,0.151157,0.301504,-0.496451,0.813939,0.001828,-0.010309,0.008574,-0.036253,0.005759,-0.020584,0.33188,0.08128,0.059964,-0.034137,0.213908,-0.802955,0.556333,0.913256,0.366515,0.177846,-0.346707,0.470032,0.811703,0.00646,0.002184,0.000973,0.0019,-0.015352,0.028863,0.272271,0.063722,0.049176,-0.055494,-0.544893,0.830278,-0.117171,-0.812755,-0.488613,0.317311,0.206205,0.268132,0.941054,-0.001419,-0.005074,-0.004629,0.003343,0.006841,-0.025821,-1.147365
3098,0.098335,-0.007751,0.341461,0.554182,-0.825942,-0.103667,0.806359,0.501669,0.313184,-0.20735,-0.256123,0.944158,-0.00271,-0.009627,-0.008831,-0.000564,0.01411,-0.025116,-1.89301,-0.096473,0.024839,0.32064,-0.186036,0.807394,0.559909,-0.935156,-0.320221,0.151251,0.301657,-0.496464,0.813873,0.013116,0.003545,0.001209,0.002045,-0.015205,0.029245,0.330876,0.081387,0.05999,-0.03409,0.213965,-0.802877,0.556422,0.913171,0.366678,0.177942,-0.346894,0.470036,0.811621,-0.000111,0.000456,0.000408,-0.000155,-5e-05,-0.000228,0.270148,0.063607,0.049009,-0.05567,-0.53512,0.836875,-0.11526,-0.817855,-0.479053,0.318779,0.211562,0.264851,0.940794,-0.001366,-0.00487,-0.004459,0.000569,0.012212,-0.027101,-1.141813
3099,0.098046,-0.008002,0.341237,0.539219,-0.836848,-0.094732,0.813307,0.488152,0.316562,-0.219336,-0.246698,0.943959,-0.0158,-0.00384,-0.004084,0.007532,0.038364,-0.049669,-1.892896,-0.096222,0.024981,0.320673,-0.18587,0.807455,0.559875,-0.935219,-0.320025,0.151268,0.301559,-0.49649,0.813893,0.011135,0.014441,-0.006836,0.038291,-0.020926,0.04985,0.329512,0.081513,0.060058,-0.034069,0.213824,-0.802937,0.55639,0.913229,0.36652,0.177972,-0.346829,0.470057,0.811637,-3.4e-05,0.000142,0.000124,-0.0001,-4e-05,-0.000155,0.269005,0.063467,0.04888,-0.055785,-0.519898,0.84759,-0.106278,-0.82453,-0.465405,0.321786,0.22328,0.254925,0.940828,-0.000808,-0.002875,-0.002633,-0.007428,-0.011727,0.00917,-1.14312
3100,0.097923,-0.008097,0.341174,0.53303,-0.840985,-0.093104,0.817102,0.482989,0.314704,-0.220351,-0.242773,0.94474,-0.001171,-0.004138,-0.003811,0.161378,0.125116,0.408843,-1.892661,-0.096114,0.025014,0.32066,-0.190629,0.806321,0.559909,-0.933323,-0.325529,0.151236,0.30446,-0.494745,0.813876,0.013522,0.00186,-0.000316,0.002045,-0.015205,0.029245,0.322701,0.081571,0.060081,-0.034077,0.218497,-0.801577,0.556536,0.91106,0.371891,0.177948,-0.349609,0.468157,0.811542,0.006789,0.000817,-0.000265,0.00207,-0.015283,0.029226,0.265576,0.063399,0.048829,-0.05582,-0.514142,0.851238,-0.105119,-0.827863,-0.460466,0.320332,0.224275,0.25172,0.941454,-0.000551,-0.001955,-0.00179,0.212669,0.163346,0.407074,-1.147202
3101,0.097651,-0.008137,0.341072,0.527976,-0.84415,-0.093251,0.820027,0.478073,0.314599,-0.22164,-0.241516,0.94476,-0.000566,-0.001994,-0.001838,3.7e-05,3.8e-05,2e-05,-1.892974,-0.095756,0.024983,0.320742,-0.190209,0.80667,0.55955,-0.933346,-0.325213,0.151773,0.304652,-0.494385,0.814023,0.015002,-0.00696,0.009596,-0.031788,-0.02546,0.032507,0.312195,0.081752,0.060059,-0.034042,0.218105,-0.801943,0.556162,0.911087,0.37157,0.178481,-0.349785,0.467785,0.811681,0.007497,-0.003463,0.004808,-0.03178,-0.025444,0.03248,0.252349,0.063263,0.04881,-0.05587,-0.508545,0.854603,-0.105048,-0.83098,-0.455175,0.319821,0.225505,0.249937,0.941635,-0.00025,-0.000885,-0.000808,-0.001933,-0.00247,-0.001718,-1.149815
3102,0.097384,-0.00817,0.340907,0.528054,-0.84398,-0.09434,0.819376,0.477074,0.317796,-0.223859,-0.244061,0.943583,-0.01442,0.008992,-0.010843,-0.041966,-0.080611,-0.055402,-1.892679,-0.095262,0.025027,0.320922,-0.18952,0.807241,0.558961,-0.933414,-0.324645,0.152572,0.304873,-0.493827,0.814279,-0.00057,0.002314,0.002088,-0.0,0.0,0.0,0.311539,0.081999,0.060082,-0.033951,0.217462,-0.802541,0.55555,0.911164,0.370997,0.179276,-0.349984,0.467212,0.811925,0.006305,0.002785,0.001504,0.004466,-0.031128,0.053123,0.246961,0.063131,0.048799,-0.055947,-0.508525,0.854468,-0.106234,-0.830346,-0.453994,0.323132,0.227876,0.252531,0.940372,-0.007229,0.004419,-0.005488,-0.0357,-0.077857,-0.059803,-1.14263
3103,0.09731,-0.008211,0.340812,0.527101,-0.844441,-0.095542,0.820135,0.475939,0.31754,-0.223322,-0.24468,0.94355,-0.015128,-0.001361,-0.001828,-0.00209,0.013573,-0.030169,-1.892795,-0.09506,0.025104,0.320959,-0.189368,0.807324,0.558891,-0.933449,-0.324499,0.152669,0.304859,-0.493786,0.814309,-0.000271,0.001099,0.000991,-0.0,0.0,0.0,0.312182,0.082094,0.060122,-0.03393,0.217333,-0.802619,0.555489,0.911199,0.37087,0.179361,-0.349973,0.467181,0.811948,0.006454,0.002179,0.000955,0.002045,-0.01522,0.029243,0.246471,0.0631,0.048778,-0.055996,-0.50777,0.854765,-0.107452,-0.830972,-0.453051,0.322844,0.227275,0.25322,0.940332,-0.000631,-0.002218,-0.002046,0.013186,-0.076839,0.145242,-1.138874
3104,0.097282,-0.008226,0.340685,0.526409,-0.845001,-0.094405,0.820044,0.475167,0.31893,-0.225288,-0.24425,0.943194,-5.4e-05,-0.000189,-0.000175,-0.0,-0.0,-0.0,-1.892691,-0.09476,0.025126,0.320895,-0.192188,0.805569,0.560459,-0.931298,-0.329673,0.154703,0.309643,-0.493221,0.812845,0.000865,-0.00349,-0.003151,-0.321769,0.415305,0.274953,0.311433,0.082247,0.060142,-0.033955,0.222062,-0.80113,0.555769,0.908971,0.376333,0.179289,-0.352788,0.465365,0.811773,0.007008,-5.4e-05,-0.00106,0.00215,-0.015278,0.029344,0.246144,0.063078,0.048765,-0.056064,-0.5071,0.855316,-0.106223,-0.830854,-0.452342,0.324138,0.229191,0.252627,0.940026,1.7e-05,5.3e-05,5e-05,0.000854,-0.000709,-0.000234,-1.138711
3105,0.097478,-0.008123,0.340801,0.526224,-0.845544,-0.090497,0.8188,0.475019,0.322328,-0.230205,-0.242661,0.942416,0.001434,0.00504,0.004655,-0.0,0.0,-0.0,-1.892323,-0.094446,0.024998,0.320778,-0.192007,0.805681,0.56036,-0.931319,-0.329531,0.154886,0.309695,-0.493133,0.812879,0.00107,-0.0043,-0.003889,-6.8e-05,8.5e-05,6.4e-05,0.310541,0.082405,0.060074,-0.034017,0.219794,-0.800866,0.557048,0.908756,0.375732,0.181621,-0.354755,0.466302,0.810376,0.007303,-0.001209,-0.002108,0.002799,-0.00233,0.003748,0.244675,0.06317,0.048811,-0.056011,-0.506949,0.855888,-0.102264,-0.829576,-0.452227,0.327557,0.234105,0.250891,0.93928,0.000847,0.002978,0.00275,0.003028,-0.017291,0.026073,-1.137241
3106,0.097699,-0.007825,0.341108,0.524448,-0.84697,-0.087414,0.819426,0.474085,0.322113,-0.232026,-0.239504,0.942777,0.00259,0.009129,0.008403,0.001234,-0.013416,0.025498,-1.892345,-0.094355,0.024763,0.320547,-0.192539,0.805185,0.56089,-0.93116,-0.330153,0.154513,0.309842,-0.493526,0.812584,0.001922,-0.007718,-0.006998,-0.002416,0.015925,-0.023894,0.310861,0.082449,0.05996,-0.034129,0.220301,-0.800369,0.557562,0.908586,0.376335,0.181226,-0.354878,0.466669,0.810111,0.000982,-0.00393,-0.003567,-0.002407,0.015854,-0.023987,0.244021,0.063285,0.048958,-0.055859,-0.505106,0.857343,-0.099145,-0.830216,-0.451282,0.327236,0.235811,0.247601,0.939726,0.00139,0.004909,0.004518,-0.00638,-0.022366,0.027243,-1.137404
3107,0.097764,-0.007678,0.341258,0.522812,-0.848309,-0.084167,0.819943,0.473329,0.321909,-0.233885,-0.236252,0.943138,0.002148,0.007578,0.006964,0.075756,0.064263,0.067409,-1.892812,-0.094391,0.024619,0.320387,-0.192751,0.804996,0.561089,-0.93112,-0.330361,0.154308,0.30983,-0.493695,0.812486,-0.011252,-0.011117,-0.008064,-0.004461,0.031132,-0.053138,0.307521,0.082436,0.059889,-0.03421,0.220483,-0.800185,0.557754,0.908545,0.376526,0.181033,-0.354869,0.466831,0.810022,0.00106,-0.00424,-0.003849,-0.002449,0.015907,-0.023952,0.242878,0.06332,0.049041,-0.055775,-0.503652,0.858564,-0.095928,-0.830602,-0.450707,0.327049,0.237557,0.244397,0.940125,0.001045,0.0037,0.003397,0.091947,0.075445,0.078552,-1.138058
3108,0.097745,-0.007652,0.341433,0.516349,-0.85209,-0.085853,0.823734,0.466664,0.321961,-0.234912,-0.235901,0.942971,-0.000738,-0.010482,0.008898,-0.034756,0.017359,-0.016172,-1.89253,-0.094395,0.024442,0.320112,-0.192136,0.806491,0.559149,-0.931013,-0.329848,0.156047,0.310535,-0.491592,0.813492,0.00127,-0.005103,-0.004645,-0.0,0.0,0.0,0.298816,0.082432,0.059791,-0.034355,0.220024,-0.801665,0.555807,0.90841,0.376023,0.182747,-0.355499,0.464692,0.810975,0.000738,-0.002948,-0.002684,-0.002154,0.01638,-0.024221,0.235367,0.063315,0.04907,-0.05568,-0.496842,0.862316,-0.097763,-0.834395,-0.443682,0.327,0.238601,0.244041,0.939953,-2.9e-05,-9.2e-05,-8.4e-05,0.002444,-0.098955,0.172747,-1.137241
3109,0.09768,-0.007701,0.341511,0.515219,-0.852639,-0.087184,0.824521,0.46524,0.322007,-0.23463,-0.236726,0.942835,0.000419,0.001476,0.001355,0.0,0.0,0.0,-1.892494,-0.094346,0.024309,0.319869,-0.192519,0.806098,0.559583,-0.93096,-0.330209,0.155596,0.310456,-0.491993,0.813279,-0.000815,0.006125,-0.012394,0.036228,-0.005594,0.020672,0.297175,0.082456,0.059722,-0.034472,0.220389,-0.801247,0.556265,0.908337,0.376413,0.182309,-0.35546,0.465097,0.81076,0.000765,-0.003058,-0.00279,-0.002435,0.015941,-0.023911,0.228182,0.063279,0.049032,-0.055647,-0.495734,0.862802,-0.099096,-0.835122,-0.442265,0.327065,0.238365,0.244894,0.939791,-0.006758,0.002112,0.001663,0.002937,-0.082836,0.143213,-1.134792
3110,0.097635,-0.007636,0.341595,0.514823,-0.852829,-0.087666,0.824805,0.464744,0.321995,-0.2345,-0.237014,0.942794,-0.01282,0.006647,0.005545,-0.000423,0.000611,-0.004427,-1.892461,-0.094309,0.024207,0.319747,-0.192632,0.805983,0.55971,-0.930939,-0.330324,0.155477,0.310448,-0.492105,0.813215,0.001512,-0.006071,-0.005545,-0.002419,0.015939,-0.023885,0.296496,0.082473,0.059679,-0.034532,0.220457,-0.80116,0.556364,0.908335,0.376473,0.182194,-0.355423,0.465199,0.810718,0.000647,-0.002584,-0.002362,-1.9e-05,-1.1e-05,-1.5e-05,0.227203,0.063256,0.049061,-0.055608,-0.495343,0.86297,-0.09958,-0.83539,-0.441774,0.327046,0.238239,0.245188,0.939746,-0.006387,0.003408,0.00285,-0.000336,0.000436,-0.004944,-1.135772
3111,0.09749,-0.007547,0.34181,0.512067,-0.854474,-0.087788,0.826777,0.462515,0.320143,-0.233582,-0.23545,0.943414,-0.000128,-0.008324,0.010876,0.287119,0.357848,0.167232,-1.892527,-0.09426,0.024115,0.319539,-0.19283,0.805755,0.55997,-0.930942,-0.330469,0.155147,0.310314,-0.492382,0.813098,0.000985,-0.003952,-0.003616,-0.002421,0.015944,-0.023881,0.289174,0.082499,0.059626,-0.034643,0.220661,-0.8009,0.556657,0.908329,0.376652,0.181849,-0.355309,0.465501,0.810594,0.000467,-0.001859,-0.001701,-0.00243,0.015941,-0.023895,0.221324,0.063185,0.049115,-0.055499,-0.493733,0.863724,-0.101037,-0.836478,-0.439937,0.32674,0.237763,0.245837,0.939698,-0.006595,0.00267,0.002167,0.381722,0.31792,0.359216,-1.136915
