frame,MLTx,MLTy,MLTz,MLTR1,MLTR2,MLTR3,MLTR4,MLTR5,MLTR6,MLTR7,MLTR8,MLTR9,MLTTVx,MLTTVy,MLTTVz,MLTRVx,MLTRVy,MLTRVz,MLGA,MRTx,MRTy,MRTz,MRTR1,MRTR2,MRTR3,MRTR4,MRTR5,MRTR6,MRTR7,MRTR8,MRTR9,MRTTVx,MRTTVy,MRTTVz,MRTRVx,MRTRVy,MRTRVz,MRGA,SLTx,SLTy,SLTz,SLTR1,SLTR2,SLTR3,SLTR4,SLTR5,SLTR6,SLTR7,SLTR8,SLTR9,SLTTVx,SLTTVy,SLTTVz,SLTRVx,SLTRVy,SLTRVz,SLGA,SRTx,SRTy,SRTz,SRTR1,SRTR2,SRTR3,SRTR4,SRTR5,SRTR6,SRTR7,SRTR8,SRTR9,SRTTVx,SRTTVy,SRTTVz,SRTRVx,SRTRVy,SRTRVz,SRGA
696,0.143568,0.032136,0.187501,0.547782,-0.311958,-0.776313,0.22421,-0.839227,0.495378,-0.806724,-0.445036,-0.388801,-0.014649,-0.028522,0.035641,-0.087727,0.337546,0.265177,-1.201563,-0.208336,-0.048254,0.298877,-0.442164,0.544269,0.712919,-0.124994,-0.824382,0.552001,0.888689,0.154285,0.431616,-0.000833,0.007994,-0.012332,0.02446,0.085246,-0.15557,-0.080013,0.022856,0.030065,-0.007696,0.439224,-0.554497,0.706834,0.178114,0.82492,0.536452,-0.880543,-0.109726,0.461088,-0.000233,-0.00166,-0.002189,-0.001497,0.013273,-0.025354,-0.277065,0.07423,0.066546,-0.111511,-0.571781,0.238744,-0.784899,-0.327113,0.811037,0.484989,0.752371,0.534059,-0.38564,-0.007316,-0.014126,0.018134,-0.157753,0.487182,0.336663,-0.92653
697,0.143005,0.030761,0.189132,0.515929,-0.329528,-0.790743,0.219195,-0.841564,0.493656,-0.828778,-0.427616,-0.36097,-0.01468,-0.038997,0.045557,-0.880224,1.561524,-0.567597,-1.199524,-0.208386,-0.048091,0.298372,-0.435626,0.549177,0.713181,-0.135546,-0.823206,0.551266,0.890362,0.142791,0.432121,-0.001222,0.005274,-0.015939,0.034858,0.001909,-0.007636,-0.054811,0.022832,0.03015,-0.007935,0.432444,-0.559021,0.707451,0.188514,0.823324,0.535349,-0.881734,-0.098144,0.461425,-0.000574,0.002867,-0.007662,0.03726,0.003004,-0.005917,-0.261063,0.073944,0.065849,-0.110679,-0.541411,0.259276,-0.79978,-0.323144,0.814021,0.482645,0.776177,0.519754,-0.356937,-0.007321,-0.01933,0.02312,-0.851391,1.589795,-0.639371,-0.930122
698,0.142731,0.029904,0.190154,0.499603,-0.330983,-0.800557,0.223957,-0.843382,0.488387,-0.837447,-0.422886,-0.346232,-0.014764,-0.049781,0.054845,1.527135,1.675375,-0.969646,-1.197702,-0.208433,-0.048019,0.298073,-0.432305,0.551525,0.71339,-0.140815,-0.822629,0.550806,0.89116,0.136972,0.432362,-0.001375,0.004206,-0.017364,0.034601,0.001712,-0.00779,-0.043633,0.022808,0.030189,-0.008089,0.429026,-0.561212,0.707796,0.193764,0.822512,0.534722,-0.882264,-0.092264,0.461622,-0.000694,0.002023,-0.008783,0.034268,0.00088,-0.007796,-0.249306,0.073818,0.065451,-0.11021,-0.526015,0.261398,-0.809307,-0.326888,0.816355,0.476138,0.785144,0.515009,-0.343967,-0.007415,-0.024932,0.027374,-0.06745,0.515458,0.755633,-0.933714
699,0.142215,0.027957,0.192399,0.468749,-0.338446,-0.81595,0.227001,-0.846536,0.481476,-0.854269,-0.4105,-0.318968,-0.014299,-0.047122,0.060104,0.010335,0.208967,0.404703,-1.195714,-0.20855,-0.047793,0.297325,-0.425752,0.556368,0.713569,-0.151837,-0.821269,0.549908,0.892496,0.125084,0.433207,-0.001879,0.014533,-0.026657,0.070911,-0.01081,0.009416,-0.025537,0.022749,0.030301,-0.008473,0.422274,-0.565749,0.708245,0.20471,0.820658,0.533492,-0.88305,-0.080295,0.462357,-0.000941,0.007204,-0.013404,0.070441,-0.011433,0.00924,-0.228241,0.073555,0.064464,-0.109069,-0.494877,0.274012,-0.824629,-0.331026,0.81798,0.470457,0.803441,0.505792,-0.314095,-0.007379,-0.029779,0.033048,0.344584,0.451058,0.161046,-0.954289
700,0.141653,0.025625,0.195043,0.428967,-0.357722,-0.829499,0.219148,-0.849626,0.479668,-0.876887,-0.387107,-0.285033,-0.014441,-0.057843,0.069152,-0.101774,0.492702,0.633375,-1.191558,-0.2087,-0.047488,0.296442,-0.410373,0.56736,0.713925,-0.172004,-0.816896,0.550482,0.896017,0.102398,0.431892,-0.001576,0.002859,-0.019227,0.382168,0.285633,0.213341,-0.00015,0.022674,0.030453,-0.008908,0.406532,-0.575943,0.709239,0.224108,0.815427,0.533716,-0.885724,-0.058027,0.46057,-0.000997,0.006727,-0.014073,1.280537,0.906423,0.724832,-0.205707,0.073274,0.063303,-0.107748,-0.45889,0.298199,-0.836956,-0.322906,0.821609,0.469775,0.827738,0.485834,-0.280738,-0.00753,-0.035479,0.036887,-0.010497,0.672771,0.879174,-0.973884
701,0.141,0.02293,0.197934,0.389485,-0.37057,-0.843223,0.218718,-0.85211,0.475439,-0.895189,-0.369151,-0.249782,-0.014879,-0.069869,0.075469,0.25783,1.163767,0.065583,-1.183449,-0.208922,-0.04718,0.295544,-0.392549,0.57916,0.714472,-0.191161,-0.811147,0.552659,0.900092,0.079645,0.428199,-0.017411,0.003061,-0.018277,-0.032275,0.329493,0.171074,0.024906,0.022569,0.030605,-0.009358,0.388858,-0.586629,0.710391,0.243662,0.809105,0.534768,-0.888492,-0.034853,0.457566,-0.001032,0.006587,-0.014267,0.151045,0.608474,0.436282,-0.174519,0.072948,0.061962,-0.1063,-0.421374,0.314523,-0.850598,-0.322732,0.824525,0.464759,0.847518,0.470353,-0.245927,-0.00771,-0.041466,0.040156,1.254213,2.544501,-0.935583,-0.992009
702,0.140647,0.021464,0.199473,0.3679,-0.376373,-0.850317,0.216246,-0.854743,0.471832,-0.904846,-0.357004,-0.23201,-0.015351,-0.082235,0.081328,-0.086241,0.803385,0.323057,-1.180251,-0.209076,-0.047041,0.295095,-0.384739,0.583675,0.715046,-0.194865,-0.808486,0.555259,0.902657,0.073564,0.423865,-0.001608,0.002706,-0.0195,-0.101117,0.183907,0.106623,0.031261,0.022493,0.03067,-0.009572,0.380358,-0.591057,0.711321,0.247159,0.806118,0.537665,-0.891201,-0.028696,0.452699,-0.000826,0.001129,-0.010036,-0.185146,0.296219,0.143183,-0.161945,0.072767,0.061204,-0.105501,-0.399071,0.323089,-0.858111,-0.321085,0.827365,0.460836,0.858863,0.459433,-0.226438,-0.007704,-0.041058,0.04081,-0.082221,0.803154,0.312933,-0.997071
703,0.139998,0.018366,0.202733,0.31137,-0.388466,-0.867288,0.214805,-0.860257,0.462374,-0.926097,-0.329791,-0.183331,-0.015017,-0.079952,0.085417,0.25481,1.695849,0.505243,-1.166365,-0.209437,-0.046739,0.294265,-0.369477,0.591842,0.716381,-0.189838,-0.802655,0.565368,0.910057,0.072157,0.407986,-0.001443,0.003882,-0.017957,-0.421215,0.613682,0.378001,0.037547,0.022312,0.030818,-0.009991,0.366549,-0.597638,0.71307,0.242825,0.801301,0.546764,-0.898152,-0.027265,0.438837,-0.000706,0.001964,-0.00894,-0.137455,0.244056,0.14556,-0.148229,0.072448,0.059683,-0.103905,-0.347471,0.341838,-0.87316,-0.319118,0.832488,0.452907,0.881718,0.436014,-0.180179,-0.007503,-0.039957,0.042839,1.117796,2.739156,-1.129504,-1.005399
704,0.139269,0.0151,0.206257,0.249942,-0.399594,-0.881985,0.210559,-0.866659,0.45226,-0.945415,-0.298259,-0.131376,-0.03001,-0.076516,0.090556,-4.991755,3.90853,-0.104045,-1.146348,-0.209852,-0.046364,0.293464,-0.346979,0.603967,0.71751,-0.194071,-0.794625,0.575188,0.91796,0.059577,0.391999,-0.001801,0.015151,-0.025998,-0.179924,0.325839,0.222524,0.044655,0.022097,0.031013,-0.010407,0.341314,-0.609856,0.715247,0.246117,0.792379,0.558176,-0.907154,-0.014479,0.420547,-0.000887,0.007595,-0.01296,-0.160621,0.310045,0.21323,-0.136799,0.072078,0.05802,-0.102112,-0.285898,0.359562,-0.888243,-0.317854,0.838872,0.441883,0.904007,0.408666,-0.125544,-0.015011,-0.038023,0.045227,-4.973592,3.991605,0.020534,-1.004909
705,0.138895,0.013427,0.208112,0.216831,-0.404919,-0.888296,0.207412,-0.870051,0.447172,-0.954204,-0.280707,-0.10356,-0.015032,-0.089193,0.096772,0.892901,3.135168,-1.266603,-1.136641,-0.210085,-0.046202,0.293065,-0.338106,0.608404,0.717997,-0.190812,-0.791304,0.580829,0.921935,0.058621,0.382704,-0.001832,0.014951,-0.026285,-0.14833,0.283472,0.196064,0.046319,0.021982,0.031089,-0.010596,0.332208,-0.613915,0.716062,0.242814,0.789256,0.564017,-0.911415,-0.013501,0.411265,-0.008608,0.002227,-0.00826,-0.201191,0.343461,0.170363,-0.133043,0.071891,0.057184,-0.101184,-0.253367,0.368463,-0.894448,-0.31337,0.843499,0.436242,0.915206,0.390823,-0.09825,-0.007496,-0.044541,0.048584,0.86177,3.040469,-1.357046,-0.997561
706,0.138198,0.010056,0.211962,0.161416,-0.410951,-0.897279,0.206746,-0.874936,0.437852,-0.965201,-0.255681,-0.055146,-0.014601,-0.086355,0.101519,-0.189346,0.991255,0.252611,-1.118977,-0.210504,-0.045927,0.292266,-0.312686,0.625875,0.714492,-0.193871,-0.778334,0.597114,0.930202,0.04741,0.363787,-0.017359,0.003755,-0.017535,-0.196308,0.196353,0.371908,0.047114,0.021778,0.031232,-0.010997,0.305784,-0.630233,0.713654,0.245768,0.776403,0.58034,-0.919833,-0.002065,0.392303,-0.000791,0.001505,-0.009596,-0.198186,-0.146773,0.984033,-0.127654,0.071548,0.055529,-0.099299,-0.197545,0.38088,-0.903274,-0.313951,0.848318,0.426368,0.92866,0.367811,-0.048004,-0.007364,-0.043249,0.050658,-0.171166,1.230389,0.212049,-0.990213
707,0.137584,0.00673,0.216003,0.109354,-0.414863,-0.903314,0.203718,-0.88011,0.428809,-0.973051,-0.230404,-0.010601,-0.014274,-0.084059,0.105035,-0.132202,1.282847,0.234908,-1.115662,-0.210802,-0.045746,0.291384,-0.279246,0.646217,0.710222,-0.205472,-0.762631,0.613277,0.938275,0.024519,0.34482,-0.001965,0.000604,-0.022566,1.01534,1.297425,0.707938,0.04605,0.021624,0.031327,-0.011432,0.272306,-0.648942,0.710438,0.25584,0.760593,0.596693,-0.927574,0.019276,0.37314,-0.000999,0.006053,-0.015395,3.815837,3.655216,2.085441,-0.126511,0.071241,0.053866,-0.097278,-0.147883,0.391281,-0.908311,-0.310941,0.853443,0.41827,0.938853,0.344286,-0.004544,-0.00718,-0.041989,0.05263,-0.132648,1.210566,0.43838,-0.995112
708,0.137087,0.003356,0.220151,0.059348,-0.419926,-0.905641,0.200805,-0.883662,0.422835,-0.977917,-0.206436,0.03301,-0.014319,-0.083629,0.105008,-0.159751,0.949206,0.184156,-1.114919,-0.210961,-0.04574,0.290376,-0.243287,0.661592,0.709294,-0.214565,-0.74976,0.625903,0.946176,-0.00074,0.323441,-0.002438,-0.002424,-0.026813,-0.338861,0.516514,0.287863,0.044917,0.021546,0.031334,-0.011922,0.236511,-0.6623,0.710929,0.267185,0.747812,0.607773,-0.93417,0.046204,0.353822,-0.001226,-0.00132,-0.013534,-0.027306,0.134841,0.043808,-0.127654,0.070998,0.052213,-0.09524,-0.098195,0.401781,-0.910455,-0.308895,0.857383,0.411675,0.946013,0.32166,0.039918,0.000482,-0.0426,0.051602,-0.065213,1.236641,0.492762,-0.996908
709,0.136907,0.001781,0.222089,0.031386,-0.421933,-0.906108,0.201149,-0.885331,0.419167,-0.979108,-0.194901,0.058215,-0.014456,-0.084017,0.103937,-0.057933,1.296964,0.349963,-1.114995,-0.210997,-0.045815,0.28985,-0.224531,0.668518,0.708986,-0.22483,-0.743375,0.629903,0.948402,-0.018801,0.316295,-0.002697,-0.004073,-0.029152,-0.116925,0.23922,0.109231,0.044556,0.021527,0.031296,-0.012194,0.215384,-0.669152,0.711227,0.276284,0.74032,0.612856,-0.93663,0.064501,0.344329,-0.001381,-0.002307,-0.014926,-0.057977,0.160207,0.257765,-0.128144,0.070903,0.051396,-0.094227,-0.071491,0.407671,-0.910325,-0.308904,0.858741,0.408829,0.948401,0.310431,0.064539,-0.007216,-0.041693,0.052567,0.004252,1.500102,0.318623,-0.999194
710,0.136517,-0.00159,0.226288,-0.022028,-0.426474,-0.904256,0.199679,-0.888118,0.41394,-0.979597,-0.170919,0.10585,-0.014283,-0.082565,0.105777,-0.105007,1.0498,0.250834,-1.114972,-0.211026,-0.046145,0.288663,-0.184019,0.681495,0.708302,-0.243263,-0.729669,0.639015,0.952519,-0.055561,0.299138,-0.003197,-0.007224,-0.033714,-0.177905,0.5508,0.26015,0.042398,0.021514,0.031135,-0.012772,0.176798,-0.679551,0.712005,0.295234,0.726704,0.620271,-0.938924,0.100545,0.329107,-0.001351,-0.008897,-0.012375,0.789407,1.648944,0.799208,-0.129614,0.070713,0.049739,-0.09217,-0.018853,0.418115,-0.908198,-0.308031,0.861747,0.403123,0.951189,0.287354,0.112546,0.000277,-0.048332,0.05495,-0.1028,1.390178,0.258766,-1.009808
711,0.136132,-0.004892,0.230371,-0.069573,-0.426068,-0.902037,0.196458,-0.892361,0.406286,-0.977964,-0.148422,0.146914,-0.014406,-0.082601,0.105001,-0.05652,1.282176,0.132618,-1.115232,-0.210961,-0.046624,0.28738,-0.149779,0.689536,0.708588,-0.264418,-0.718405,0.643359,0.952837,-0.091859,0.28901,-0.003189,-0.020573,-0.028889,-0.073393,0.158045,-0.002508,0.038515,0.021545,0.030897,-0.01343,0.139833,-0.686727,0.713339,0.315372,0.713787,0.625337,-0.938608,0.137525,0.316386,-0.0018,-0.004953,-0.01884,0.01839,0.137902,0.006075,-0.13337,0.070516,0.048059,-0.090086,0.028383,0.423497,-0.905451,-0.304948,0.866304,0.395628,0.951945,0.264887,0.153733,0.000574,-0.041663,0.05236,-0.051924,1.313254,0.235735,-1.016339
712,0.135893,-0.006655,0.232548,-0.092409,-0.429965,-0.898129,0.194692,-0.892369,0.407117,-0.976396,-0.136709,0.167295,-0.014435,-0.08243,0.10494,-0.046763,1.46306,-0.792843,-1.116492,-0.210928,-0.04693,0.286622,-0.129415,0.691566,0.71062,-0.272872,-0.713716,0.645046,0.953411,-0.111289,0.280154,-0.003895,-0.011577,-0.040271,-0.277854,0.451034,0.212553,0.034279,0.021557,0.030746,-0.013787,0.121853,-0.687141,0.716231,0.324933,0.709462,0.625365,-0.937853,0.156525,0.309725,-0.001754,-0.01138,-0.016048,-0.01415,0.079991,-0.051337,-0.136145,0.070397,0.047178,-0.088997,0.052044,0.428668,-0.901961,-0.303475,0.867261,0.394665,0.951416,0.253183,0.175225,-0.007402,-0.047181,0.056032,0.181709,2.559233,-2.110517,-1.013237
713,0.135431,-0.010072,0.2367,-0.138479,-0.427885,-0.893187,0.185915,-0.897062,0.400858,-0.972596,-0.11002,0.20489,-0.014568,-0.082502,0.104175,-0.039043,1.104142,0.21746,-1.116549,-0.210893,-0.047539,0.28501,-0.077356,0.690193,0.719473,-0.302276,-0.703806,0.642822,0.950113,-0.168609,0.262141,-0.004407,-0.014697,-0.045139,3.849464,3.820531,1.501595,0.029303,0.021579,0.030438,-0.014607,0.072222,-0.683486,0.726381,0.34849,0.699674,0.623706,-0.934525,0.208092,0.28872,0.005781,-0.007682,-0.02334,-0.135194,0.283947,0.098022,-0.14382,0.070166,0.04547,-0.08692,0.096584,0.433627,-0.895901,-0.294965,0.872145,0.39033,0.950613,0.226561,0.21214,-0.007544,-0.047226,0.05559,-0.07494,1.17116,0.240642,-1.008828
714,0.13488,-0.01357,0.240911,-0.180835,-0.424854,-0.887042,0.182476,-0.900732,0.394151,-0.966221,-0.090066,0.241518,-0.01487,-0.083386,0.102091,-0.01246,1.123244,0.215464,-1.117894,-0.210834,-0.048116,0.283097,-0.028629,0.684381,0.728557,-0.32061,-0.696535,0.641859,0.946753,-0.216054,0.238419,0.011278,-0.017056,-0.049754,-0.174207,0.435262,-0.063884,0.028772,0.021604,0.030156,-0.015546,0.020395,-0.675763,0.736836,0.370641,0.689585,0.62217,-0.928551,0.260413,0.26453,0.005526,-0.002628,-0.028439,-0.124537,0.514477,0.273273,-0.149045,0.069896,0.043759,-0.084852,0.137853,0.435856,-0.889395,-0.291929,0.875958,0.384023,0.946452,0.206702,0.247993,-0.007519,-0.041839,0.050834,-0.118359,0.888406,-0.00417,-1.006869
715,0.134231,-0.016823,0.244858,-0.21912,-0.421274,-0.880091,0.179454,-0.904011,0.387984,-0.958789,-0.072403,0.274786,-0.014997,-0.08341,0.101541,0.028479,1.180439,0.242924,-1.118131,-0.21069,-0.048468,0.281084,0.017114,0.680997,0.73208,-0.334851,-0.685901,0.646025,0.94203,-0.257036,0.215348,-0.004456,-0.014678,-0.046171,-0.322885,0.627901,0.05903,0.028283,0.021679,0.029967,-0.01658,-0.024351,-0.670214,0.741768,0.38496,0.678483,0.625671,-0.922611,0.300787,0.241484,0.005641,-0.001972,-0.027769,-0.434133,0.770665,0.221826,-0.150842,0.06956,0.042064,-0.082802,0.177395,0.437022,-0.881783,-0.289018,0.879619,0.377805,0.940743,0.187831,0.282348,-0.007576,-0.041817,0.050606,-0.024351,1.097091,0.179449,-1.005236
716,0.133888,-0.018411,0.246796,-0.239396,-0.421631,-0.874621,0.172908,-0.904915,0.388847,-0.955113,-0.057623,0.290629,-0.015212,-0.084168,0.100053,-0.096888,0.880777,-0.026464,-1.118911,-0.210515,-0.048508,0.280016,0.039776,0.679218,0.732852,-0.342338,-0.679678,0.648672,0.938619,-0.277524,0.204541,0.011066,0.008485,-0.062141,-0.184005,0.520681,0.077231,0.028983,0.021765,0.02994,-0.017133,-0.047819,-0.667353,0.743204,0.391717,0.671923,0.62855,-0.918841,0.321183,0.229283,0.005572,0.004326,-0.030917,-0.188249,0.521855,0.079659,-0.150679,0.069394,0.041302,-0.081868,0.19833,0.439064,-0.876291,-0.283026,0.88162,0.377678,0.938382,0.173109,0.299119,-0.007408,-0.035941,0.046852,0.00203,0.850182,0.267739,-1.006705
717,0.133124,-0.021358,0.250533,-0.278371,-0.419589,-0.864003,0.160279,-0.907225,0.388877,-0.946669,-0.029714,0.320876,-0.030733,-0.071358,0.093119,-1.438493,1.6243,0.553502,-1.119399,-0.209982,-0.048377,0.27795,0.083382,0.674975,0.733108,-0.351813,-0.668256,0.655436,0.932177,-0.313401,0.180799,0.028244,0.001225,-0.049283,-0.187097,0.360914,0.261997,0.034383,0.02202,0.030001,-0.018153,-0.091252,-0.661138,0.744693,0.400751,0.660206,0.635236,-0.911631,0.356403,0.204707,0.005926,0.006504,-0.027887,-0.205748,0.528632,0.121235,-0.148066,0.069018,0.039824,-0.079998,0.235213,0.442644,-0.865297,-0.271968,0.884686,0.378633,0.933116,0.146274,0.328475,-0.007594,-0.036158,0.046023,-4.788743,3.132742,1.84461,-1.009155
718,0.132361,-0.024012,0.254016,-0.3145,-0.417615,-0.852486,0.142695,-0.908636,0.392417,-0.93809,0.002282,0.346423,-0.014719,-0.061229,0.08373,-1.499548,1.321085,0.426389,-1.119277,-0.209189,-0.048013,0.276118,0.127191,0.673561,0.7281,-0.354147,-0.654732,0.667712,0.926271,-0.343611,0.154325,0.029121,0.006617,-0.041469,-0.321102,0.566765,0.429906,0.067895,0.022416,0.030179,-0.019075,-0.134102,-0.6578,0.741157,0.403415,0.646896,0.647133,-0.905136,0.385776,0.178616,0.014407,0.008989,-0.024653,-0.437238,0.885988,0.386207,-0.121123,0.068625,0.038469,-0.078223,0.273531,0.444361,-0.853067,-0.253808,0.888801,0.381592,0.927772,0.112138,0.355897,-0.007439,-0.030692,0.041736,-1.530912,1.297891,0.41782,-1.006869
719,0.13199,-0.025239,0.255708,-0.334429,-0.416487,-0.845424,0.132072,-0.908922,0.395461,-0.932716,0.021109,0.360032,-0.014817,-0.061494,0.083111,-4.709998,2.822325,2.066878,-1.119577,-0.208676,-0.047772,0.27533,0.141797,0.67779,0.721447,-0.346832,-0.648488,0.677573,0.926899,-0.347134,0.142196,0.029239,0.021088,-0.044716,0.169365,-0.325547,2.865327,0.084817,0.022672,0.030292,-0.019471,-0.148035,-0.659363,0.737106,0.396572,0.643196,0.655002,-0.905988,0.389279,0.166269,0.014818,0.004752,-0.018604,-0.189145,0.370801,0.298101,-0.101528,0.068444,0.037879,-0.077408,0.289771,0.447499,-0.846035,-0.247961,0.888881,0.385234,0.924417,0.098154,0.368534,-0.007463,-0.030785,0.041521,0.060052,0.908769,0.032769,-1.004093
720,0.13131,-0.027265,0.258691,-0.372224,-0.425328,-0.824979,0.113798,-0.903044,0.414166,-0.920689,0.060804,0.385568,-0.014446,-0.049713,0.075527,-0.369685,2.168723,-2.674052,-1.121223,-0.207467,-0.047197,0.274013,0.162872,0.689139,0.706082,-0.336645,-0.633769,0.696377,0.927163,-0.351969,0.127862,0.030407,0.014987,-0.029008,0.39873,-0.574592,2.65495,0.128163,0.023276,0.030582,-0.020135,-0.171308,-0.670092,0.722239,0.385638,0.628976,0.675033,-0.906606,0.394162,0.150665,0.015271,0.007763,-0.014112,-0.410366,0.623568,0.503553,-0.053194,0.068104,0.03686,-0.075916,0.328898,0.45617,-0.826882,-0.223648,0.888312,0.401101,0.9175,0.053009,0.394185,-0.015185,-0.024234,0.038314,-0.203398,0.37932,-0.342125,-1.007032
721,0.13063,-0.02894,0.26144,-0.417031,-0.43167,-0.79987,0.094211,-0.895827,0.43427,-0.90349,0.106279,0.415256,-0.014205,-0.038702,0.066756,0.043517,0.891441,-0.245543,-1.120961,-0.206219,-0.046503,0.273157,0.180196,0.705276,0.685643,-0.327292,-0.614232,0.718006,0.927285,-0.354658,0.119264,0.031313,0.02139,-0.019316,-0.193228,0.330436,0.353326,0.145646,0.0239,0.030925,-0.020568,-0.190194,-0.687731,0.700608,0.376143,0.608131,0.699065,-0.90683,0.396487,0.143023,0.015936,0.005381,-0.005195,-0.309751,0.347729,0.567665,-0.008289,0.067764,0.036019,-0.074538,0.371306,0.47128,-0.800016,-0.20364,0.881968,0.425043,0.905903,0.005094,0.423452,-0.007174,-0.019531,0.033126,-0.019169,1.421255,-0.913635,-1.010951
722,0.130116,-0.030441,0.263825,-0.449069,-0.431926,-0.782191,0.072162,-0.890088,0.45001,-0.890033,0.146172,0.431858,0.000866,-0.043565,0.059903,-0.454168,0.704731,-0.008824,-1.123896,-0.204751,-0.045806,0.272785,0.19112,0.72758,0.658856,-0.320388,-0.588112,0.742569,0.927494,-0.353909,0.119857,0.032387,0.015158,-0.003717,-0.05318,-0.013845,0.37671,0.152083,0.024634,0.031278,-0.020757,-0.203818,-0.709758,0.674314,0.368361,0.58256,0.724522,-0.907065,0.396062,0.142711,0.024281,0.007569,-0.002323,-0.03264,0.074226,0.191995,0.01,0.067502,0.035274,-0.073337,0.403769,0.475111,-0.781818,-0.181944,0.879207,0.440329,0.896586,-0.035544,0.44144,-0.007324,-0.015319,0.026759,-1.286953,1.304217,0.532963,-1.014707
723,0.129896,-0.031141,0.264886,-0.46489,-0.43029,-0.773805,0.058598,-0.887018,0.457971,-0.882864,0.168093,0.438548,-0.014811,-0.031795,0.051633,-0.493754,0.564339,-0.114878,-1.124686,-0.204009,-0.04552,0.272727,0.196379,0.738881,0.644578,-0.316471,-0.574321,0.754941,0.927733,-0.353159,0.120216,0.032401,0.015562,-0.003154,0.119009,-0.244854,1.155975,0.15209,0.025018,0.03143,-0.020781,-0.209581,-0.720989,0.660492,0.364436,0.569224,0.737,-0.907337,0.395169,0.143456,0.016227,0.007922,-0.001382,0.15442,-0.28979,1.210208,0.012775,0.067391,0.034907,-0.072785,0.420518,0.475103,-0.772943,-0.167984,0.877972,0.448269,0.891597,-0.058663,0.449012,-0.007472,-0.016047,0.025597,-0.524673,0.529642,-0.132501,-1.007032
724,0.129558,-0.032329,0.266707,-0.498009,-0.42479,-0.756033,0.038413,-0.881778,0.470069,-0.865717,0.20558,0.456397,0.001059,-0.023467,0.039894,0.143542,0.638843,0.168985,-1.12379,-0.202548,-0.045203,0.272866,0.20481,0.754845,0.6231,-0.307931,-0.554465,0.773098,0.928773,-0.351145,0.118074,0.049072,0.005575,0.005796,-0.196716,0.125209,0.485121,0.156689,0.025731,0.031589,-0.020711,-0.218535,-0.736791,0.639827,0.356277,0.55017,0.755234,-0.908464,0.393001,0.142271,0.016515,0.002996,0.003631,-0.29644,0.139062,0.710736,0.018327,0.067222,0.034321,-0.071891,0.451756,0.475023,-0.75516,-0.146974,0.87452,0.462181,0.879951,-0.097804,0.464886,-0.007693,-0.017082,0.023948,-0.267063,0.242203,-0.148382,-1.007522
725,0.129416,-0.033284,0.268153,-0.53273,-0.411491,-0.73954,0.007808,-0.876209,0.48184,-0.845604,0.251423,0.470922,0.000473,-0.026225,0.035606,-0.063571,0.217355,-0.143199,-1.12114,-0.201175,-0.044937,0.273173,0.206258,0.765814,0.609079,-0.303053,-0.541745,0.783968,0.930054,-0.347232,0.119553,0.033093,0.007078,0.008852,0.009067,-0.140079,0.258573,0.159667,0.026424,0.031722,-0.020557,-0.221892,-0.747778,0.625771,0.35059,0.537667,0.766811,-0.909862,0.389539,0.14286,0.016572,0.003734,0.004693,0.041566,-0.166764,0.23452,0.026655,0.067151,0.033845,-0.071165,0.489805,0.464458,-0.737813,-0.11653,0.873563,0.472554,0.864008,-0.145481,0.481999,-0.007513,-0.0067,0.014522,-0.061177,0.160099,-0.141547,-1.011931
726,0.129404,-0.033685,0.268767,-0.550208,-0.405315,-0.730093,-0.003792,-0.873103,0.487492,-0.834353,0.27149,0.479766,0.000765,-0.015328,0.026993,-0.01613,0.227488,-0.116778,-1.121633,-0.200482,-0.044812,0.27334,0.207389,0.769421,0.60413,-0.300575,-0.537449,0.787869,0.930605,-0.345936,0.119024,0.032951,0.006238,0.007524,-0.085321,-0.018532,0.341118,0.159722,0.026771,0.031788,-0.02047,-0.222665,-0.75142,0.621118,0.348436,0.53369,0.770562,-0.9105,0.387997,0.142988,0.016476,0.003128,0.00375,-0.14693,0.131121,0.207579,0.027472,0.067144,0.033649,-0.07087,0.507531,0.460488,-0.72826,-0.104663,0.871897,0.478371,0.855252,-0.166566,0.490711,0.000381,-0.007574,0.013634,-0.032503,0.263987,-0.125867,-1.016993
727,0.129487,-0.034233,0.269692,-0.577923,-0.392003,-0.71581,-0.028442,-0.866903,0.497636,-0.814897,0.308437,0.49075,0.000835,-0.005489,0.016767,-0.393777,0.375279,0.070831,-1.122112,-0.199417,-0.044633,0.273621,0.20643,0.7736,0.599101,-0.300294,-0.532533,0.791307,0.93091,-0.344214,0.1216,0.032815,0.005543,0.006388,0.005746,-0.045618,0.082912,0.161026,0.027303,0.031878,-0.020328,-0.222285,-0.755798,0.61592,0.347899,0.528653,0.774268,-0.910799,0.386387,0.145429,0.00837,0.002755,0.003639,0.00346,-0.032868,0.048995,0.028778,0.067186,0.033361,-0.070391,0.536251,0.450992,-0.71347,-0.079815,0.868592,0.489056,0.840276,-0.205311,0.501779,0.000163,-0.00861,0.012041,-1.299494,0.981472,0.577377,-1.024831
728,0.129666,-0.034561,0.27035,-0.606384,-0.372544,-0.702535,-0.0578,-0.860504,0.506127,-0.792337,0.347973,0.501142,0.016343,-0.008586,0.012965,-0.029517,0.011174,0.018756,-1.12273,-0.198404,-0.044396,0.273879,0.205302,0.781665,0.588933,-0.301284,-0.521935,0.797964,0.930841,-0.342229,0.127584,0.032269,0.017016,-0.001384,0.042295,-0.058441,0.100539,0.170559,0.02781,0.031992,-0.020197,-0.221743,-0.764089,0.605804,0.348584,0.518101,0.781063,-0.910669,0.384369,0.151464,0.016391,0.00284,0.003235,0.002119,-0.043413,0.074438,0.03384,0.067269,0.033202,-0.070065,0.56688,0.43484,-0.699686,-0.049596,0.865813,0.497902,0.822306,-0.247549,0.512378,0.000262,-0.003443,0.00731,-0.060836,0.099363,-0.155194,-1.025974
729,0.129886,-0.034746,0.270757,-0.626266,-0.364555,-0.689156,-0.071235,-0.853512,0.516154,-0.775594,0.37279,0.50942,0.000283,-0.00813,0.012745,-0.038153,0.125435,-0.182934,-1.124737,-0.197464,-0.044182,0.274139,0.203742,0.791881,0.575679,-0.302415,-0.508234,0.806336,0.930819,-0.339361,0.13518,0.01671,0.005789,0.007633,0.00434,-0.031178,0.055419,0.188572,0.028285,0.032102,-0.020071,-0.22099,-0.774578,0.592614,0.349359,0.504442,0.789611,-0.910555,0.381531,0.159129,0.016362,0.002793,0.003125,-0.008183,0.061082,-0.090794,0.052455,0.067385,0.033105,-0.069858,0.587229,0.429482,-0.686079,-0.035474,0.86046,0.50828,0.808642,-0.274139,0.520523,0.000182,-0.003839,0.006705,-0.037041,-0.016001,0.011485,-1.02924
730,0.130015,-0.034792,0.27092,-0.637972,-0.357895,-0.681871,-0.082446,-0.848636,0.522486,-0.764865,0.38999,0.512753,0.016499,0.001696,0.003433,-0.002684,-0.008604,0.02631,-1.126247,-0.197031,-0.044077,0.274269,0.203038,0.796148,0.570013,-0.302824,-0.502425,0.809815,0.93084,-0.338025,0.138341,0.016667,0.005553,0.007255,0.004342,-0.031177,0.05542,0.195773,0.028508,0.032158,-0.020003,-0.220626,-0.778968,0.586968,0.349601,0.498655,0.793172,-0.91055,0.380199,0.162312,0.008331,0.002768,0.003596,0.000649,-0.027613,0.045548,0.064212,0.06745,0.033079,-0.069772,0.599565,0.424461,-0.678493,-0.0239,0.85689,0.514944,0.799968,-0.292526,0.523906,0.008241,0.000829,0.001681,0.001477,-0.02002,0.034816,-1.029893
731,0.130179,-0.034836,0.271217,-0.665849,-0.344079,-0.662043,-0.10133,-0.83742,0.537059,-0.738373,0.425109,0.52356,0.000718,0.003492,0.005245,-0.144424,0.504413,-0.606569,-1.13131,-0.196179,-0.043874,0.274515,0.201727,0.804342,0.558867,-0.303696,-0.490989,0.816476,0.930843,-0.33543,0.144503,0.016562,0.004868,0.006188,0.003797,-0.030513,0.053802,0.201942,0.028922,0.032256,-0.019883,-0.22001,-0.787301,0.575978,0.350172,0.487353,0.799916,-0.91048,0.377682,0.168469,0.008243,0.00211,0.00259,-0.000824,-0.012137,0.021244,0.078582,0.067531,0.033054,-0.069627,0.628599,0.414034,-0.65836,-0.003997,0.848224,0.529621,0.777718,-0.330288,0.534848,0.000349,0.001717,0.002568,-0.164163,0.537117,-0.670805,-1.033648
732,0.130258,-0.034957,0.271599,-0.693773,-0.33147,-0.639415,-0.113085,-0.826681,0.551164,-0.710427,0.4551,0.536847,0.000383,-0.007638,0.013457,0.10244,0.388717,-0.067472,-1.157779,-0.195348,-0.043744,0.274652,0.202837,0.812158,0.547035,-0.302817,-0.47912,0.82382,0.930887,-0.333762,0.14804,0.032309,0.002647,0.00175,-0.064941,0.056034,0.142657,0.206304,0.02935,0.032327,-0.019806,-0.221714,-0.79531,0.564202,0.348841,0.475619,0.807524,-0.910577,0.375857,0.171985,0.016147,0.001265,0.00077,-0.068481,0.061962,0.135447,0.087073,0.06757,0.032997,-0.069441,0.656933,0.405776,-0.635439,0.008646,0.838705,0.544515,0.753898,-0.363204,0.547466,0.000141,-0.004036,0.006395,0.185031,0.620662,-0.172749,-1.035445
733,0.130289,-0.035096,0.27184,-0.70881,-0.319635,-0.628862,-0.121936,-0.822554,0.555437,-0.693931,0.470774,0.544849,0.000234,-0.008362,0.012369,-0.75517,1.549496,1.039508,-1.181561,-0.194889,-0.04371,0.274671,0.202218,0.816071,0.541412,-0.303269,-0.473359,0.826978,0.930875,-0.332438,0.151062,0.016138,0.001213,0.000697,0.023568,-0.040833,0.095915,0.20585,0.029562,0.032344,-0.019796,-0.221639,-0.799097,0.558855,0.349155,0.470077,0.810627,-0.910475,0.374794,0.174822,0.008083,0.000758,0.000565,0.286492,-0.350901,0.827933,0.088869,0.067586,0.032932,-0.069323,0.669755,0.400946,-0.625035,0.013023,0.835235,0.549738,0.742467,-0.376329,0.554182,0.000113,-0.004168,0.006197,-0.005184,0.197985,-0.142036,-1.051284
734,0.130369,-0.035634,0.272402,-0.729241,-0.305181,-0.612468,-0.128317,-0.818209,0.560394,-0.671245,0.487628,0.558281,-0.000469,-0.021303,0.017876,-3.366783,3.376227,2.973423,-1.216506,-0.193881,-0.04372,0.274584,0.205866,0.822073,0.530854,-0.300267,-0.463121,0.833842,0.931044,-0.33208,0.150809,0.031894,-0.001147,-0.003981,-0.051633,0.038522,0.105527,0.205553,0.030066,0.032342,-0.019835,-0.225778,-0.805219,0.548311,0.345819,0.459941,0.81784,-0.910732,0.374267,0.174615,0.015914,-0.000908,-0.002509,-0.06669,0.078899,0.087585,0.089522,0.067627,0.032667,-0.069036,0.693349,0.387209,-0.607729,0.019512,0.832967,0.552977,0.720337,-0.395264,0.569982,-3.7e-05,-0.004894,0.005109,0.028299,0.137932,0.078385,-1.062551
735,0.130646,-0.036673,0.273103,-0.750153,-0.298147,-0.590274,-0.118858,-0.817309,0.563784,-0.649597,0.493451,0.57841,-0.001255,-0.034714,0.022683,0.026771,0.969609,-0.428112,-1.251296,-0.192793,-0.043784,0.274426,0.207453,0.826325,0.523585,-0.298764,-0.456018,0.838285,0.931173,-0.33136,0.151591,0.031887,-0.001278,-0.004241,0.001557,-0.027294,0.060619,0.205223,0.030615,0.032305,-0.01992,-0.227941,-0.809443,0.541149,0.344214,0.452902,0.822432,-0.9108,0.373738,0.175386,0.016225,-0.006452,0.001588,-0.018092,-0.02398,0.02896,0.090012,0.067766,0.032153,-0.068686,0.715827,0.379641,-0.586057,0.015383,0.830513,0.556785,0.698107,-0.407577,0.588664,0.007271,-0.018257,0.010413,-0.167209,2.380898,-1.97316,-1.063204
736,0.130859,-0.037388,0.273537,-0.75703,-0.293739,-0.583668,-0.11706,-0.817871,0.563344,-0.641902,0.495154,0.585501,0.014648,-0.036123,0.02142,0.051375,0.377104,-0.039527,-1.25825,-0.192185,-0.043821,0.274326,0.202187,0.829674,0.520338,-0.296245,-0.454487,0.840008,0.93314,-0.325019,0.153217,0.047815,-0.002133,-0.006739,0.004382,-0.030331,0.063375,0.201771,0.030914,0.032289,-0.019968,-0.222804,-0.813072,0.53784,0.341831,0.45152,0.824185,-0.912967,0.367483,0.177332,0.007928,-0.000806,-0.001813,0.002881,-0.015173,0.02226,0.088542,0.067872,0.031781,-0.068463,0.724319,0.37538,-0.578317,0.013154,0.831115,0.555944,0.689339,-0.410288,0.597055,0.007296,-0.018136,0.010588,0.007109,0.33967,-0.048628,-1.057162
737,0.131325,-0.039245,0.27461,-0.77899,-0.278813,-0.561679,-0.114929,-0.817099,0.564901,-0.615483,0.504948,0.605174,0.013663,-0.06041,0.034799,0.165598,0.693317,0.064898,-1.269135,-0.190868,-0.043948,0.274147,0.196141,0.838046,0.509116,-0.294498,-0.444767,0.845806,0.934989,-0.316873,0.158901,0.047837,-0.002094,-0.0068,0.853617,-1.002517,2.505298,0.195992,0.031572,0.032224,-0.020059,-0.217492,-0.820327,0.528923,0.339581,0.444447,0.828945,-0.915085,0.359902,0.181903,0.016256,-0.006368,0.001658,-0.046312,0.088756,-0.133648,0.080868,0.068105,0.030853,-0.067925,0.747059,0.364192,-0.556117,0.011018,0.829673,0.55814,0.664666,-0.423091,0.615802,0.006806,-0.03026,0.017307,0.228173,0.732859,0.095467,-1.049488
738,0.131863,-0.041558,0.275992,-0.80855,-0.272289,-0.52168,-0.098807,-0.811145,0.576414,-0.579106,0.517941,0.629604,0.01366,-0.070455,0.044596,-0.599958,2.242439,-2.114754,-1.323639,-0.189453,-0.04405,0.273994,0.195101,0.843926,0.499717,-0.295053,-0.435282,0.850533,0.935033,-0.314433,0.163426,0.031894,-0.001483,-0.004748,0.00236,-0.015178,0.034092,0.198096,0.032285,0.032172,-0.020138,-0.216923,-0.827917,0.517201,0.340124,0.432517,0.835011,-0.915018,0.357046,0.187771,0.015993,-0.000282,-0.001713,0.001956,-0.027924,0.052305,0.078581,0.068369,0.02972,-0.067256,0.776001,0.359829,-0.51802,-0.003177,0.82352,0.567276,0.630722,-0.438562,0.640196,0.006951,-0.029728,0.018082,0.081658,0.576796,0.001958,-1.056346
739,0.132475,-0.044044,0.277677,-0.824898,-0.258237,-0.502893,-0.094647,-0.813969,0.573121,-0.556317,0.520682,0.647633,0.030571,-0.058256,0.038736,0.037469,0.562297,-0.181927,-1.371793,-0.188007,-0.044188,0.273912,0.189561,0.847719,0.49541,-0.292249,-0.432856,0.852736,0.937057,-0.307485,0.165044,0.031951,-0.000953,-0.004041,0.004089,-0.030411,0.058491,0.21345,0.033008,0.032102,-0.020179,-0.211683,-0.831973,0.512844,0.337275,0.430314,0.837301,-0.917297,0.350213,0.189513,0.023989,-0.000457,-0.002671,0.004146,-0.030018,0.062433,0.091318,0.068668,0.02847,-0.066414,0.794742,0.348704,-0.496779,-0.008539,0.824831,0.565313,0.606886,-0.445036,0.658506,0.007109,-0.033954,0.024168,0.013293,0.521603,-0.032386,-1.088187
740,0.132885,-0.045356,0.278588,-0.83211,-0.252179,-0.494008,-0.092807,-0.814845,0.572177,-0.545798,0.522272,0.655259,0.014588,-0.056923,0.039903,0.00041,0.412423,-0.07968,-1.39219,-0.18727,-0.044282,0.273895,0.189403,0.848302,0.494471,-0.291877,-0.432062,0.853267,0.937205,-0.306993,0.165119,0.047991,-0.000748,-0.005107,0.004394,-0.030397,0.063327,0.220215,0.033359,0.032055,-0.020186,-0.211586,-0.832543,0.51196,0.336891,0.429591,0.837827,-0.91746,0.349748,0.189581,0.016352,-0.005655,0.002612,-0.032334,-0.018518,0.040875,0.09932,0.068868,0.027841,-0.065974,0.802466,0.343586,-0.487847,-0.010433,0.825534,0.564255,0.596605,-0.447706,0.666048,0.015157,-0.034656,0.02349,0.006185,0.594863,-0.185671,-1.076757
741,0.133951,-0.047754,0.28029,-0.845112,-0.238482,-0.478495,-0.091437,-0.817382,0.568769,-0.525705,0.524719,0.669576,0.03104,-0.056981,0.040501,0.0158,0.3039,0.122559,-1.447447,-0.185924,-0.04448,0.273933,0.184203,0.850217,0.493145,-0.288547,-0.432726,0.854062,0.939277,-0.300676,0.164973,0.032069,0.000352,-0.002209,0.004089,-0.030411,0.058491,0.227282,0.03405,0.031955,-0.020171,-0.206503,-0.834738,0.510458,0.333606,0.430376,0.838739,-0.919816,0.343494,0.1896,0.0244,-0.005293,0.002428,-0.030179,-0.033716,0.070033,0.113852,0.069394,0.026637,-0.065122,0.816841,0.331798,-0.471889,-0.012176,0.827762,0.560945,0.576733,-0.452458,0.680191,0.015525,-0.028303,0.020512,0.070661,0.374346,0.203418,-1.050631
742,0.135203,-0.04984,0.281773,-0.861951,-0.233389,-0.450128,-0.078343,-0.815847,0.572913,-0.499877,0.529374,0.685503,0.031612,-0.04498,0.033503,-0.680427,2.232863,-1.93549,-1.489337,-0.184621,-0.04471,0.274034,0.171481,0.854416,0.490468,-0.284748,-0.433491,0.854949,0.942853,-0.287332,0.168316,0.032798,-0.010566,0.006221,0.303476,-0.421777,-0.234083,0.231131,0.034701,0.031844,-0.020123,-0.196357,-0.839489,0.506656,0.328068,0.430688,0.84076,-0.924021,0.331307,0.190841,0.016051,0.000354,-0.000895,0.003489,-0.029,0.055998,0.121037,0.070043,0.025551,-0.064351,0.833607,0.328918,-0.443746,-0.024727,0.824785,0.564904,0.551803,-0.459936,0.69568,0.015783,-0.022507,0.016705,-0.684032,2.212317,-1.925943,-1.069899
743,0.135817,-0.050749,0.282434,-0.873666,-0.227842,-0.429932,-0.071091,-0.814389,0.575925,-0.480267,0.53401,0.695849,0.031612,-0.045278,0.033006,0.1292,1.360319,-0.374522,-1.502682,-0.183986,-0.04485,0.274104,0.166261,0.855931,0.489623,-0.281637,-0.434513,0.855461,0.944727,-0.281193,0.168178,0.032097,0.000619,-0.001921,0.009005,-0.036299,0.054475,0.232904,0.035019,0.031771,-0.020085,-0.188775,-0.841297,0.506539,0.327011,0.432521,0.840231,-0.925973,0.324259,0.193464,0.016404,-0.005295,0.00306,-0.047906,-0.014456,0.046661,0.123813,0.070339,0.025115,-0.06403,0.844591,0.326685,-0.424196,-0.031918,0.821592,0.56918,0.534459,-0.467185,0.704337,0.015814,-0.02251,0.016675,-0.785557,2.252793,-2.140694,-1.067613
744,0.137112,-0.052125,0.283481,-0.894132,-0.215352,-0.392679,-0.062961,-0.807707,0.586189,-0.442297,0.549118,0.709134,0.032147,-0.023259,0.016185,-0.588181,1.461305,0.789689,-1.607349,-0.18273,-0.045262,0.274344,0.160621,0.86122,0.482174,-0.285033,-0.427111,0.85806,0.944692,-0.276332,0.176241,0.03284,-0.010515,0.006186,0.295268,-0.404495,0.711515,0.234489,0.035647,0.031569,-0.019967,-0.183866,-0.846475,0.499673,0.330057,0.425658,0.842541,-0.92588,0.319835,0.201121,0.0164,-0.005317,0.00307,0.889337,-1.103139,2.41133,0.127569,0.070986,0.02442,-0.063498,0.866749,0.316538,-0.38542,-0.04039,0.814792,0.578344,0.497105,-0.485712,0.719005,0.016062,-0.017169,0.012503,-2.145938,3.65637,3.703651,-1.099944
745,0.138504,-0.053071,0.284019,-0.905511,-0.208398,-0.369682,-0.058196,-0.801974,0.594494,-0.419242,0.560091,0.714536,0.032207,-0.013364,0.006074,-1.480246,3.011207,-1.007552,-1.819772,-0.181572,-0.045798,0.274704,0.155711,0.86217,0.482089,-0.286797,-0.42744,0.857308,0.944986,-0.272829,0.180079,0.032911,-0.009886,0.007059,0.118752,-0.198734,-0.081126,0.235671,0.036226,0.0313,-0.019789,-0.179501,-0.84807,0.498552,0.331427,0.425025,0.842323,-0.926247,0.316432,0.204781,0.008793,-0.010639,0.008149,0.174205,-0.240079,-0.185601,0.130018,0.071682,0.023943,-0.063225,0.877801,0.310424,-0.364831,-0.043018,0.809619,0.585377,0.477089,-0.49815,0.724038,0.016088,-0.012345,0.007259,-2.097091,3.548283,3.664937,-1.069082
746,0.139728,-0.053436,0.284337,-0.918666,-0.203788,-0.338479,-0.042767,-0.800453,0.597844,-0.391629,0.563945,0.727062,0.032819,-0.00991,0.011155,0.311736,0.538677,0.096878,-1.913288,-0.180527,-0.046421,0.275148,0.151066,0.862527,0.482926,-0.288372,-0.428711,0.856143,0.945266,-0.269673,0.183332,0.017597,-0.021806,0.015514,-0.048266,-0.019466,-0.024464,0.23617,0.036761,0.030986,-0.019562,-0.173916,-0.848671,0.499509,0.333668,0.42645,0.840717,-0.926508,0.312885,0.209008,0.008791,-0.010915,0.00772,-0.088909,0.001093,-0.003637,0.130671,0.072305,0.023751,-0.063071,0.891901,0.30825,-0.330897,-0.058865,0.80461,0.590877,0.448382,-0.507526,0.735778,0.016428,-0.004802,0.005783,0.427682,0.59476,0.113134,-1.063694
747,0.140387,-0.053481,0.284514,-0.92302,-0.205113,-0.32559,-0.03515,-0.797695,0.602012,-0.382055,0.567366,0.729491,0.033375,0.003367,0.006135,0.008252,0.251777,-0.284722,-1.914298,-0.180044,-0.046757,0.275384,0.146471,0.862587,0.484233,-0.290908,-0.430187,0.854544,0.945219,-0.267109,0.187289,0.017609,-0.021881,0.015385,0.08563,-0.178753,-0.131765,0.23598,0.036989,0.030831,-0.019452,-0.170288,-0.848888,0.500389,0.335576,0.427495,0.839426,-0.926493,0.310863,0.212069,0.016839,-0.010745,0.007199,0.224934,-0.307057,-0.191038,0.130998,0.072609,0.023728,-0.062994,0.896448,0.308644,-0.31799,-0.065474,0.801946,0.593796,0.438283,-0.511487,0.739112,0.016677,0.001651,0.003001,-0.309785,0.777189,-0.849518,-1.074144
748,0.141594,-0.05335,0.285005,-0.92806,-0.203626,-0.311909,-0.030442,-0.793168,0.608219,-0.370092,0.574209,0.730304,0.034213,0.008752,0.014017,-0.026086,0.08956,-0.114265,-1.914789,-0.179251,-0.04741,0.275823,0.134438,0.863515,0.486064,-0.291695,-0.434179,0.852253,0.946778,-0.257436,0.192876,0.017628,-0.022075,0.015065,0.002173,-0.168425,0.114539,0.230371,0.037392,0.0305,-0.019231,-0.157309,-0.850277,0.502277,0.337191,0.431798,0.836571,-0.9282,0.300964,0.218779,0.008418,-0.005505,0.003385,-9.3e-05,-0.070746,-0.027189,0.128385,0.073224,0.023785,-0.062751,0.901394,0.308229,-0.304107,-0.06974,0.796509,0.60059,0.427344,-0.52016,0.739466,0.017108,0.00442,0.00705,-0.089662,0.209132,-0.249438,-1.062061
749,0.142643,-0.053075,0.285772,-0.932466,-0.197581,-0.302515,-0.030721,-0.790938,0.611102,-0.358853,0.579368,0.731836,0.018239,0.00155,0.027337,0.262525,0.328121,0.256226,-1.914886,-0.178566,-0.048031,0.276265,0.125241,0.863344,0.488818,-0.296878,-0.437392,0.848814,0.94644,-0.252503,0.200888,0.017672,-0.021758,0.015514,0.074682,-0.166255,-0.122321,0.227418,0.037734,0.030189,-0.01901,-0.148398,-0.850546,0.504527,0.342158,0.434508,0.833144,-0.927849,0.296266,0.226541,0.008439,-0.005315,0.003661,0.144563,-0.213862,-0.129524,0.122833,0.073755,0.023928,-0.062368,0.905525,0.304778,-0.295183,-0.069775,0.793206,0.604942,0.418514,-0.527194,0.739534,0.009219,0.006477,0.009766,0.353433,0.370765,0.309137,-1.058795
750,0.143124,-0.052952,0.286279,-0.933673,-0.197824,-0.298605,-0.029124,-0.789044,0.613623,-0.355842,0.581863,0.731327,0.018562,0.003757,0.030483,-0.030292,-0.034333,0.084904,-1.914255,-0.178279,-0.048322,0.276492,0.115725,0.862593,0.492476,-0.296438,-0.443101,0.846002,0.947801,-0.244968,0.203782,0.016921,-0.010237,0.00792,0.061476,-0.118315,-0.064805,0.227848,0.037872,0.030046,-0.018901,-0.138439,-0.850153,0.508009,0.342132,0.440314,0.830101,-0.929397,0.288725,0.229908,0.008459,-0.005011,0.004113,0.071302,-0.151068,-0.077462,0.122017,0.073996,0.023988,-0.062117,0.907497,0.30348,-0.290428,-0.07104,0.792323,0.605951,0.414007,-0.529267,0.74059,0.017329,0.001206,0.014468,-0.050026,-0.043544,0.084153,-1.058142
