frame,MLTx,MLTy,MLTz,MLTR1,MLTR2,MLTR3,MLTR4,MLTR5,MLTR6,MLTR7,MLTR8,MLTR9,MLTTVx,MLTTVy,MLTTVz,MLTRVx,MLTRVy,MLTRVz,MLGA,MRTx,MRTy,MRTz,MRTR1,MRTR2,MRTR3,MRTR4,MRTR5,MRTR6,MRTR7,MRTR8,MRTR9,MRTTVx,MRTTVy,MRTTVz,MRTRVx,MRTRVy,MRTRVz,MRGA,SLTx,SLTy,SLTz,SLTR1,SLTR2,SLTR3,SLTR4,SLTR5,SLTR6,SLTR7,SLTR8,SLTR9,SLTTVx,SLTTVy,SLTTVz,SLTRVx,SLTRVy,SLTRVz,SLGA,SRTx,SRTy,SRTz,SRTR1,SRTR2,SRTR3,SRTR4,SRTR5,SRTR6,SRTR7,SRTR8,SRTR9,SRTTVx,SRTTVy,SRTTVz,SRTRVx,SRTRVy,SRTRVz,SRGA
979,0.092149,0.007997,0.322839,-0.33292,0.018557,-0.942796,-0.233892,-0.970176,0.06344,-0.913092,0.241604,0.328507,-0.001073,-0.011235,0.007981,-0.006087,0.208318,0.080634,0.048326,-0.219095,0.004751,0.309575,-0.608262,0.769429,0.194905,-0.42519,-0.523077,0.738605,0.671011,0.365416,0.645041,-0.0,-0.0,-0.0,0.0,0.0,0.0,-1.402349,0.01913,0.046924,-0.019657,0.578125,-0.782329,0.231801,0.475904,0.554063,0.683029,-0.662786,-0.284561,0.692631,4e-06,4e-06,8e-06,0.0,1.1e-05,-2.1e-05,-0.980521,0.044306,0.044299,-0.057555,0.45684,-0.003733,-0.88954,0.064362,0.997508,0.028868,0.887216,-0.07044,0.455942,-2e-06,4e-06,2e-06,0.02341,0.259785,0.081036,0.002594
980,0.092074,0.007812,0.323038,-0.350317,0.025668,-0.936303,-0.234128,-0.970279,0.060943,-0.906481,0.240526,0.347082,-0.013585,0.00338,0.002521,0.132292,0.703958,0.412725,-0.140707,-0.219084,0.004751,0.309574,-0.60824,0.769268,0.195607,-0.424805,-0.52352,0.738513,0.671275,0.365121,0.644933,-0.0,-0.0,-0.0,0.0,0.0,0.0,-1.402169,0.019136,0.046924,-0.019657,0.578133,-0.782161,0.232347,0.475613,0.554422,0.68294,-0.662987,-0.284323,0.692536,5e-06,2e-06,5e-06,-9e-06,2e-05,-3.1e-05,-0.980521,0.044273,0.0442,-0.057455,0.472238,-0.005974,-0.88145,0.064636,0.997519,0.027867,0.879097,-0.070133,0.471453,-0.000356,-0.005017,0.004572,0.014151,0.387163,-0.00908,-0.237607
981,0.091999,0.007822,0.323114,-0.365516,0.03051,-0.93033,-0.233075,-0.970611,0.059684,-0.900718,0.238608,0.363045,0.000554,0.001795,0.001733,0.052969,0.360966,0.029483,-0.384836,-0.219087,0.004723,0.309561,-0.608227,0.769184,0.195976,-0.424585,-0.523743,0.738481,0.671425,0.364979,0.644857,-0.000112,-0.000718,-0.000714,0.0,0.0,0.0,-1.402129,0.019134,0.046911,-0.019663,0.578142,-0.782004,0.232852,0.475326,0.554748,0.682875,-0.663186,-0.284118,0.69243,-7.1e-05,-0.000466,-0.000463,3.3e-05,-3e-05,2.4e-05,-0.980848,0.04423,0.044205,-0.057417,0.489182,-0.009768,-0.872126,0.064108,0.997635,0.024784,0.869822,-0.068034,0.488652,0.000272,0.000889,0.000859,0.045411,0.340388,0.019059,-0.418043
982,0.092008,0.007874,0.323108,-0.373486,0.034615,-0.927014,-0.243403,-0.967935,0.061865,-0.894689,0.248695,0.371091,0.000238,0.000772,0.000745,0.029982,0.259073,-0.070086,-0.542971,-0.219089,0.004711,0.309549,-0.608222,0.76914,0.196163,-0.424483,-0.523862,0.738456,0.671495,0.364901,0.644829,-0.000156,-0.000999,-0.000993,0.0,0.0,0.0,-1.401978,0.019134,0.046906,-0.019668,0.578146,-0.781946,0.233035,0.475227,0.554869,0.682845,-0.663253,-0.28404,0.692398,-0.000101,-0.00065,-0.000647,1.7e-05,-1e-05,1.8e-05,-0.980031,0.044235,0.044233,-0.057418,0.497185,-0.012543,-0.867553,0.074513,0.996818,0.028291,0.864438,-0.07871,0.496538,0.000144,0.000461,0.000448,0.024624,0.246473,-0.070063,-0.517977
983,0.092099,0.007902,0.323013,-0.385204,0.050828,-0.921455,-0.275207,-0.959365,0.062071,-0.880383,0.277432,0.384688,0.013568,-0.003426,-0.002566,-0.438691,0.21545,0.112503,-0.977666,-0.219113,0.004694,0.309532,-0.608211,0.76901,0.196709,-0.42418,-0.52421,0.738383,0.671697,0.364677,0.644746,-3.5e-05,-0.000222,-0.000221,0.0,0.0,0.0,-1.402257,0.019121,0.046895,-0.019678,0.578162,-0.781775,0.23357,0.474937,0.555226,0.682756,-0.663446,-0.283813,0.692306,-2.1e-05,-0.000143,-0.000141,2.4e-05,-2e-06,2.4e-05,-0.979868,0.044276,0.04425,-0.057464,0.510511,-0.026233,-0.85947,0.106579,0.993757,0.032974,0.853239,-0.108435,0.51012,0.000363,0.005062,-0.004535,-1.515046,0.253121,0.515561,-0.788713
984,0.09226,0.008077,0.322906,-0.393687,0.077764,-0.915974,-0.32908,-0.94229,0.061383,-0.857856,0.325492,0.3977,0.00048,0.001557,0.001503,-1.540104,0.303542,0.568648,-1.603091,-0.219116,0.004675,0.309514,-0.608197,0.768893,0.197207,-0.423905,-0.524526,0.738316,0.671883,0.364469,0.644669,-3.6e-05,-0.00023,-0.000229,-0.009968,0.111974,-0.164057,-1.401687,0.01912,0.046885,-0.019688,0.578169,-0.781666,0.233916,0.474752,0.555456,0.682699,-0.663573,-0.283664,0.692245,-1.8e-05,-0.000123,-0.000121,2.6e-05,9e-06,2.5e-05,-0.980358,0.04436,0.044332,-0.057522,0.52233,-0.050692,-0.851234,0.16098,0.986144,0.040054,0.837409,-0.157953,0.523253,0.000781,0.006649,-0.003106,-5.156579,0.486717,2.151594,-1.013564
985,0.092345,0.00822,0.32285,-0.396879,0.0938,-0.91309,-0.360928,-0.930567,0.061225,-0.843461,0.353737,0.404316,0.001841,0.013739,-0.005563,0.049215,0.312306,-0.205056,-1.884779,-0.219119,0.004639,0.309507,-0.608181,0.768807,0.197592,-0.42366,-0.524748,0.738299,0.672052,0.364332,0.644571,-0.000129,-0.000826,-0.000822,0.0,0.0,0.0,-1.401281,0.019119,0.046869,-0.01969,0.578175,-0.781507,0.234436,0.474441,0.555782,0.68265,-0.663791,-0.283465,0.692118,-8.1e-05,-0.000519,-0.000517,3e-06,1e-05,2.6e-05,-0.980358,0.044396,0.044398,-0.057548,0.52729,-0.066594,-0.847071,0.195912,0.979591,0.044941,0.82679,-0.189648,0.529575,0.000836,0.00656,-0.003069,-0.076853,0.258628,0.022749,-0.990703
986,0.092339,0.008591,0.322865,-0.397,0.131815,-0.908329,-0.439465,-0.896104,0.061976,-0.8053,0.423614,0.414814,0.001522,0.004942,0.004762,-0.417425,0.285301,0.169438,-1.917972,-0.219128,0.004534,0.309474,-0.608136,0.768543,0.198752,-0.422939,-0.525428,0.738229,0.672547,0.363908,0.644293,-0.014315,-0.000802,-0.000192,-0.002045,0.015205,-0.029245,-1.400644,0.019119,0.046816,-0.019707,0.57818,-0.781167,0.23555,0.473765,0.556472,0.682557,-0.664269,-0.283046,0.691831,-0.000155,-0.000995,-0.000993,-3e-05,3.6e-05,-1.6e-05,-0.980358,0.044398,0.04458,-0.057544,0.532676,-0.102753,-0.840057,0.276525,0.959253,0.058011,0.799868,-0.263198,0.539386,0.000759,0.002645,0.002483,-4.988399,0.684486,2.33465,-1.01585
987,0.092477,0.009094,0.322872,-0.399007,0.152454,-0.904211,-0.489,-0.869525,0.06912,-0.775206,0.469544,0.422624,0.00196,0.006373,0.006127,-4.998029,0.475447,2.193653,-1.918089,-0.219174,0.004367,0.309424,-0.608101,0.768357,0.199577,-0.422348,-0.525868,0.738254,0.67295,0.363667,0.644009,-0.000431,-0.002759,-0.00275,0.0,0.0,0.0,-1.399583,0.019091,0.046734,-0.01973,0.578186,-0.780912,0.236383,0.473184,0.556957,0.682565,-0.664679,-0.282797,0.691539,-0.000256,-0.001639,-0.001634,-0.001455,0.016218,-0.023785,-0.979541,0.044468,0.044837,-0.057542,0.538006,-0.121047,-0.834203,0.324495,0.94311,0.072428,0.777979,-0.309662,0.546678,0.001494,0.008708,-0.001008,0.037582,0.056332,-0.128567,-1.034302
988,0.092791,0.009583,0.322832,-0.399495,0.161478,-0.902427,-0.512477,-0.855513,0.073726,-0.759643,0.491721,0.425652,0.015004,0.001426,0.002085,0.000886,-0.014706,0.0296,-1.918504,-0.219283,0.004023,0.309385,-0.608032,0.768051,0.200959,-0.421228,-0.526525,0.738425,0.673715,0.363362,0.643381,-0.000594,-0.016066,0.003098,-0.037457,0.031272,-0.039525,-1.074613,0.019037,0.046562,-0.019749,0.578181,-0.780503,0.237739,0.472102,0.55768,0.682724,-0.66545,-0.282501,0.690917,-0.000301,-0.008054,0.00153,-0.037472,0.031279,-0.039539,-0.899855,0.044622,0.04509,-0.057554,0.53917,-0.132054,-0.831779,0.354409,0.931501,0.081847,0.763995,-0.33892,0.549038,0.001235,0.00789,-0.001806,0.039682,0.072983,-0.127537,-1.024667
989,0.093012,0.009801,0.322714,-0.397914,0.165918,-0.90232,-0.521929,-0.84977,0.073851,-0.754023,0.500122,0.425858,0.015357,0.010361,-0.008092,0.023199,-0.032731,0.050497,-1.918852,-0.219324,0.003844,0.309395,-0.607995,0.767947,0.201469,-0.420727,-0.526711,0.738578,0.674061,0.363314,0.643046,-0.000468,-0.002982,-0.002979,0.0,0.0,0.0,-0.68924,0.019016,0.04647,-0.019747,0.578169,-0.78036,0.23824,0.471616,0.557901,0.682879,-0.665806,-0.282462,0.690591,-0.000223,-0.007553,0.00203,-0.035995,0.01505,-0.015728,-0.793553,0.044733,0.045199,-0.057606,0.538336,-0.136649,-0.831576,0.3645,0.927446,0.083563,0.759824,-0.348095,0.549086,0.007685,0.005185,-0.004044,-0.000752,0.077977,-0.103274,-1.017156
990,0.093526,0.010202,0.322335,-0.40282,0.167547,-0.899839,-0.530347,-0.84396,0.080213,-0.745494,0.509326,0.429944,0.000911,0.01075,-0.008427,-0.82546,1.669379,-2.248431,-1.918627,-0.219355,0.003402,0.309442,-0.615177,0.761879,0.202704,-0.412835,-0.530215,0.740522,0.67243,0.370901,0.640416,-0.000663,-0.016492,0.002667,-0.138703,-0.336713,-0.357802,-0.181172,0.019001,0.046258,-0.019721,0.585211,-0.774928,0.238774,0.464258,0.561623,0.684866,-0.664824,-0.289939,0.688435,-0.000339,-0.002202,-0.002201,-0.32876,-1.235684,-1.089998,-0.636794,0.044995,0.045398,-0.057797,0.540861,-0.138837,-0.829574,0.373293,0.92345,0.08883,0.753738,-0.357719,0.551285,0.007827,0.009556,-0.009223,0.07543,-0.055758,0.062485,-1.013237
991,0.094031,0.010595,0.321891,-0.406774,0.172607,-0.897099,-0.53877,-0.838343,0.082935,-0.737262,0.516848,0.435131,0.014798,0.008645,-0.00974,-0.098238,-0.020151,0.110475,-1.918292,-0.219353,0.002752,0.309509,-0.622547,0.752299,0.215574,-0.399869,-0.542448,0.738775,0.673492,0.372766,0.638214,-0.000867,-0.017791,0.001359,-0.077625,0.083508,-0.826483,0.044029,0.019002,0.045934,-0.019688,0.593598,-0.764949,0.249985,0.452111,0.573963,0.68276,-0.665759,-0.292264,0.686546,-0.000459,-0.008914,0.000737,-0.199487,0.531153,-3.186621,-0.534738,0.045241,0.045591,-0.058022,0.547478,-0.141456,-0.824776,0.381248,0.919541,0.09536,0.744927,-0.366652,0.557359,0.0074,0.0043,-0.004899,-0.41929,-0.004957,0.255572,-1.021565
992,0.094259,0.010797,0.321688,-0.409665,0.17624,-0.895075,-0.542885,-0.83559,0.083886,-0.732629,0.520065,0.439107,0.014832,0.008786,-0.009604,0.039057,-0.017689,0.055372,-1.918925,-0.219333,0.002388,0.309487,-0.634978,0.74011,0.221428,-0.387125,-0.552753,0.737924,0.66933,0.381906,0.637188,-0.00116,-0.019659,-0.000526,-0.040409,0.021602,-0.048643,0.117054,0.019013,0.045754,-0.019696,0.607159,-0.75248,0.255207,0.439243,0.585502,0.68136,-0.662134,-0.301596,0.686015,0.006459,-0.01035,-0.001088,-0.036991,-0.133585,0.131248,-0.496528,0.045355,0.045691,-0.058125,0.550692,-0.144668,-0.822075,0.38569,0.917525,0.0969,0.740257,-0.370429,0.561071,0.007428,0.0044,-0.0048,0.030516,-0.046308,0.045705,-1.021402
993,0.094661,0.011145,0.321366,-0.417567,0.185621,-0.889509,-0.550948,-0.830148,0.085341,-0.722071,0.525474,0.45002,0.014836,0.008848,-0.009546,0.056297,0.159818,-0.066257,-1.917937,-0.219197,0.001713,0.309291,-0.664635,0.712945,0.223517,-0.362476,-0.569124,0.737999,0.654189,0.408575,0.636369,0.012499,-0.01132,-0.012016,-0.370022,-1.222751,-1.049749,0.203308,0.019076,0.045423,-0.019788,0.633777,-0.730418,0.254589,0.418659,0.600671,0.681115,-0.650423,-0.325089,0.686488,0.006266,-0.005512,-0.005861,8.7e-05,0.002424,0.004017,-0.311193,0.045556,0.045861,-0.058283,0.559086,-0.152393,-0.814983,0.39423,0.913596,0.099614,0.729385,-0.376984,0.570857,0.00689,-0.001239,-0.000848,0.022576,0.184978,-0.069275,-1.020912
994,0.095018,0.011377,0.321112,-0.422434,0.198308,-0.884459,-0.564006,-0.821351,0.085162,-0.709044,0.534565,0.459917,0.000659,0.009967,-0.009161,0.1028,0.259311,0.163474,-1.917793,-0.219085,0.001168,0.308877,-0.685272,0.693282,0.223055,-0.353533,-0.584294,0.730444,0.637587,0.420815,0.645182,-0.001945,-0.012395,-0.012557,0.370432,-0.375498,-0.318816,0.262469,0.019136,0.045141,-0.019997,0.658478,-0.709254,0.25172,0.407242,0.617062,0.67334,-0.632897,-0.340869,0.69516,-0.001052,-0.006697,-0.006785,0.547287,-0.551325,-0.480492,-0.008616,0.045741,0.045984,-0.05841,0.564828,-0.162952,-0.808959,0.408242,0.907121,0.102315,0.717152,-0.388041,0.578892,0.006861,-0.001324,-0.000932,0.124086,0.487165,0.114861,-1.021075
995,0.095327,0.011548,0.320912,-0.423972,0.204446,-0.882323,-0.572124,-0.815643,0.08586,-0.701586,0.540943,0.463879,-1e-06,-4e-06,-4e-06,-2e-05,0.125705,-0.153751,-1.917734,-0.219055,0.000635,0.308287,-0.714902,0.663153,0.221664,-0.337678,-0.604895,0.721117,0.613186,0.439833,0.656058,-0.002404,-0.015302,-0.01559,0.380951,-0.332171,-0.318401,0.33469,0.019152,0.044877,-0.02029,0.689699,-0.680632,0.247088,0.391883,0.637808,0.663044,-0.608884,-0.360471,0.706624,-0.001205,-0.007683,-0.00783,0.591454,-0.561768,-0.22812,0.189619,0.045894,0.04607,-0.058517,0.567275,-0.169641,-0.805866,0.417266,0.902851,0.103669,0.709991,-0.395069,0.58295,0.007419,0.004444,-0.004759,0.016462,-0.044491,0.047827,-1.025484
996,0.095464,0.01164,0.320837,-0.425694,0.206598,-0.880992,-0.571731,-0.816026,0.084836,-0.700863,0.539544,0.466595,0.001204,0.011809,-0.007391,0.039601,0.11271,-0.136234,-1.917819,-0.21906,0.000353,0.307953,-0.729666,0.64726,0.22053,-0.327748,-0.613945,0.718044,0.601065,0.45083,0.6598,-0.002531,-0.016088,-0.016443,0.096336,-0.203967,0.018468,0.366853,0.019149,0.044735,-0.020457,0.706365,-0.664409,0.244148,0.382259,0.648347,0.658424,-0.595755,-0.37176,0.711947,-0.001279,-0.008144,-0.00833,0.009095,-0.159826,-0.22336,0.24922,0.045962,0.046111,-0.058551,0.569155,-0.171435,-0.804158,0.416941,0.903128,0.102562,0.708676,-0.39366,0.585498,0.006972,-0.000929,-0.000555,-0.006982,-0.022744,0.028234,-1.024014
997,0.095747,0.011785,0.320735,-0.429251,0.217297,-0.876682,-0.585409,-0.806062,0.086782,-0.687276,0.550195,0.474305,0.01512,0.00992,-0.008525,0.046308,0.119169,-0.09273,-1.917463,-0.219012,-0.000277,0.307258,-0.757337,0.615554,0.218003,-0.310871,-0.633279,0.708696,0.575244,0.468168,0.670654,-0.002733,-0.017352,-0.017854,0.428513,-0.372636,-0.348316,0.406503,0.019173,0.04442,-0.020805,0.734129,-0.635702,0.238615,0.365738,0.666289,0.649841,-0.572092,-0.389796,0.721642,0.005723,-0.009289,-0.00986,0.456134,-0.441577,-0.37,0.329396,0.046099,0.046184,-0.058602,0.573826,-0.181183,-0.798683,0.431617,0.895698,0.106911,0.696009,-0.406074,0.592176,0.000199,0.000661,0.000628,0.000154,0.010967,0.018856,-1.023035
998,0.095903,0.01196,0.320602,-0.437608,0.232054,-0.868732,-0.598552,-0.79613,0.088788,-0.670483,0.558543,0.488374,4.5e-05,0.000152,0.000145,0.09475,0.459273,0.064523,-1.917593,-0.218937,-0.001036,0.306465,-0.775196,0.593469,0.216463,-0.299964,-0.64722,0.700758,0.556947,0.477539,0.679434,-0.003114,-0.019744,-0.020476,0.073112,-0.488186,-0.513191,0.423424,0.019211,0.044041,-0.0212,0.753681,-0.613958,0.234563,0.355682,0.681126,0.639966,-0.552679,-0.398901,0.731726,-0.001612,-0.010307,-0.010675,-0.165553,-1.333113,-1.350803,0.370872,0.046183,0.046277,-0.058671,0.582834,-0.192851,-0.789374,0.445496,0.88826,0.111921,0.679586,-0.416894,0.603623,0.000558,0.00575,-0.003845,0.202476,0.604177,0.180696,-1.021075
999,0.095954,0.012044,0.320544,-0.440756,0.240793,-0.864753,-0.607094,-0.789554,0.089515,-0.660673,0.564137,0.495264,5.3e-05,0.000179,0.000171,-0.047168,0.421591,0.104852,-1.91741,-0.21887,-0.00142,0.306032,-0.782879,0.583824,0.215035,-0.296603,-0.65388,0.695989,0.547921,0.480352,0.684767,-0.003133,-0.019865,-0.020687,0.258876,-0.314095,-0.057677,0.427821,0.019243,0.04384,-0.021426,0.761983,-0.60453,0.232215,0.352058,0.687659,0.634965,-0.54354,-0.40208,0.736814,-0.001571,-0.010026,-0.010448,0.266909,-0.31646,-0.059095,0.381649,0.046208,0.046319,-0.0587,0.586919,-0.201074,-0.784279,0.454744,0.883315,0.113845,0.669874,-0.423465,0.609873,3.5e-05,9.5e-05,8.9e-05,-0.309474,0.564639,0.343501,-1.018789
1000,0.095994,0.012152,0.320452,-0.448923,0.253254,-0.856957,-0.614314,-0.783883,0.090093,-0.648386,0.566567,0.50855,-0.000376,-0.001266,-0.001213,0.02739,0.224242,-0.124851,-1.917414,-0.218651,-0.002144,0.305112,-0.799893,0.561455,0.211972,-0.286006,-0.666987,0.687941,0.528631,0.488939,0.693795,0.011314,-0.019907,-0.021498,0.211185,-0.282524,0.006094,0.434722,0.019349,0.04349,-0.021873,0.779799,-0.583404,0.227051,0.341659,0.700513,0.626538,-0.524577,-0.411,0.745585,0.005618,-0.004059,-0.014433,0.367187,-0.385983,-0.038391,0.395039,0.046229,0.046376,-0.058743,0.595998,-0.212759,-0.774285,0.46307,0.878834,0.114957,0.656011,-0.427063,0.622306,0.000524,0.005655,-0.003932,0.047126,0.173695,-0.085729,-1.016666
1001,0.095996,0.012169,0.32044,-0.453109,0.269129,-0.849886,-0.626359,-0.774462,0.088631,-0.633794,0.572155,0.520548,-0.0,-0.0,-0.0,0.022218,0.187604,-0.114447,-1.917049,-0.218331,-0.002736,0.304248,-0.813457,0.543728,0.206491,-0.280069,-0.677181,0.680383,0.510794,0.494939,0.702843,0.011747,-0.0174,-0.019004,0.204358,-0.175601,-0.159367,0.43881,0.019502,0.043185,-0.022307,0.793963,-0.566885,0.219687,0.336005,0.710298,0.618527,-0.506678,-0.417272,0.754427,0.005881,-0.008718,-0.009526,0.338718,-0.388364,-0.045159,0.40304,0.046229,0.046381,-0.058752,0.60175,-0.227348,-0.765642,0.476546,0.871494,0.115759,0.640936,-0.434522,0.632764,3e-06,3e-06,3e-06,-0.00032,0.036266,0.033278,-1.020748
1002,0.096014,0.01214,0.320455,-0.455802,0.285527,-0.843068,-0.63874,-0.764544,0.086338,-0.619351,0.577496,0.531911,0.000313,0.001056,0.001011,0.042999,0.141723,0.093506,-1.917254,-0.217857,-0.003106,0.303488,-0.824899,0.527216,0.203902,-0.272702,-0.686954,0.673544,0.496208,0.49933,0.710148,0.012372,-0.013644,-0.015119,-0.862757,-3.950716,-4.125968,0.439568,0.019748,0.04299,-0.022706,0.805017,-0.552618,0.215776,0.329951,0.719339,0.611295,-0.493029,-0.420908,0.761418,0.006222,-0.006764,-0.007301,-0.811259,-3.981849,-4.121452,0.406959,0.046237,0.046363,-0.058748,0.60595,-0.242321,-0.757695,0.490458,0.863708,0.116007,0.626318,-0.441912,0.642213,4e-06,6e-06,6e-06,0.059101,0.302526,-0.037826,-1.019605
1003,0.096024,0.012129,0.32046,-0.457912,0.294745,-0.838741,-0.647109,-0.757391,0.087069,-0.609029,0.582257,0.538597,5e-06,1.8e-05,1.7e-05,-0.036533,0.457366,-0.208784,-1.916153,-0.217567,-0.00322,0.303158,-0.826145,0.525584,0.203067,-0.273101,-0.688585,0.671715,0.493907,0.498807,0.712117,0.012841,-0.010726,-0.012044,0.044312,-0.039517,-0.024756,0.439397,0.019888,0.042934,-0.022869,0.807872,-0.548961,0.214438,0.329031,0.721978,0.608674,-0.488959,-0.421174,0.763892,0.006354,0.000419,-0.009833,0.037897,-0.039956,-0.008243,0.407612,0.046243,0.046361,-0.058742,0.609,-0.250832,-0.752462,0.499632,0.858118,0.118321,0.616024,-0.448012,0.647918,3e-06,7e-06,8e-06,-0.046637,0.463097,-0.224335,-1.020912
1004,0.095978,0.012094,0.320494,-0.466473,0.32257,-0.823649,-0.667981,-0.738831,0.088894,-0.579289,0.591244,0.561143,0.0,0.0,0.0,-5.456318,2.958335,1.493737,-1.916191,-0.216852,-0.003374,0.302601,-0.830433,0.519169,0.202077,-0.269717,-0.691873,0.669701,0.488541,0.500977,0.714292,0.027707,-0.008603,-0.010438,0.003116,-0.014716,0.034329,0.437819,0.02024,0.042859,-0.023146,0.812328,-0.542928,0.212959,0.325529,0.72509,0.606856,-0.483894,-0.423642,0.765749,0.006617,0.002092,-0.008069,0.028091,-0.006594,0.026357,0.406959,0.04622,0.046343,-0.058725,0.618369,-0.271679,-0.737434,0.517903,0.846641,0.122372,0.591096,-0.457591,0.66424,-0.000529,-0.005679,0.00391,0.080893,0.475144,0.058988,-1.023851
1005,0.09574,0.011842,0.320678,-0.473347,0.375574,-0.796826,-0.70859,-0.699698,0.091071,-0.522752,0.607261,0.598323,-0.015176,-0.010111,0.00834,-0.275061,1.256939,0.287294,-1.916127,-0.216012,-0.003444,0.302278,-0.830347,0.51946,0.201682,-0.270325,-0.691825,0.669505,0.48835,0.50074,0.714588,0.028612,-0.002748,-0.004204,0.004089,-0.030411,0.058491,0.433073,0.02067,0.042817,-0.023315,0.812072,-0.543455,0.212589,0.326266,0.72487,0.606723,-0.483827,-0.423342,0.765957,0.014356,-0.001094,-0.001816,0.004909,-0.027496,0.062082,0.402713,0.046108,0.046228,-0.058637,0.63062,-0.323716,-0.705354,0.566819,0.812923,0.133679,0.530125,-0.48411,0.696135,-0.007181,0.000267,-8.6e-05,-5.266706,3.457114,1.81424,-1.026627
1006,0.095538,0.011726,0.320699,-0.473937,0.409565,-0.779542,-0.727839,-0.680448,0.084933,-0.49507,0.607122,0.62156,-0.014928,-0.001475,-0.002094,-3.932569,1.852998,3.802863,-1.91585,-0.215526,-0.003441,0.302214,-0.830299,0.519678,0.201318,-0.270717,-0.69167,0.669507,0.488214,0.500729,0.714689,0.028881,-0.000936,-0.002277,0.004089,-0.030411,0.058491,0.432326,0.020913,0.04282,-0.023345,0.811955,-0.543764,0.212245,0.32671,0.724668,0.606725,-0.483722,-0.423292,0.766051,0.014485,-0.000215,-0.000881,0.004897,-0.028052,0.061437,0.400264,0.046002,0.046165,-0.058618,0.635653,-0.356723,-0.684611,0.589222,0.797162,0.131716,0.49876,-0.487114,0.716907,-0.007465,-0.000811,-0.001131,-3.85399,1.983307,3.866382,-1.018136
1007,0.095051,0.011378,0.320766,-0.478304,0.474576,-0.738951,-0.760147,-0.645071,0.077669,-0.439228,0.598268,0.67021,-0.002456,-0.015967,0.003398,0.379988,1.753814,-0.072668,-1.916517,-0.214508,-0.003379,0.302204,-0.833229,0.51504,0.20113,-0.266961,-0.69312,0.669515,0.485279,0.50351,0.714734,0.029169,0.001135,-9.1e-05,-0.006229,0.081207,-0.105787,0.430704,0.021401,0.042853,-0.023347,0.815039,-0.539392,0.211584,0.32312,0.726252,0.606754,-0.480942,-0.426161,0.766212,0.007367,0.000777,0.000487,-0.007676,0.098144,-0.132957,0.397978,0.045765,0.045999,-0.05859,0.642957,-0.418256,-0.641612,0.6294,0.765882,0.131453,0.436418,-0.48835,0.75568,-0.001251,-0.008064,0.001626,-0.011558,1.522362,0.29064,-1.023198
1008,0.09477,0.010943,0.320788,-0.478196,0.531168,-0.699453,-0.792411,-0.604326,0.082745,-0.378159,0.59316,0.710764,-0.001484,-0.004937,-0.004752,-3.638159,1.728059,3.328688,-1.916202,-0.213585,-0.003303,0.302228,-0.83265,0.514864,0.203962,-0.265666,-0.694346,0.66876,0.486984,0.502001,0.714636,0.014843,0.002454,0.001957,-0.006819,0.080245,-0.111222,0.425551,0.021869,0.042893,-0.023333,0.814515,-0.539058,0.214428,0.321922,0.727458,0.605945,-0.482627,-0.424523,0.766061,0.014603,0.000752,0.00012,0.003702,-0.032397,0.06262,0.393569,0.045618,0.045776,-0.058577,0.648899,-0.471214,-0.597399,0.663467,0.734782,0.141084,0.372478,-0.487905,0.789435,-0.007657,-0.001321,-0.001616,0.061149,1.517861,0.04173,-1.027117
1009,0.094699,0.010789,0.320792,-0.474859,0.555994,-0.682221,-0.807183,-0.584007,0.085809,-0.350129,0.59073,0.726963,-0.001026,-0.003411,-0.003285,-3.670412,1.581146,3.415821,-1.916649,-0.213168,-0.003255,0.302229,-0.832164,0.514707,0.206325,-0.264643,-0.695434,0.668035,0.488371,0.500657,0.714633,0.014741,0.001786,0.001235,0.005645,0.000408,0.013614,0.420835,0.022088,0.04292,-0.02333,0.814097,-0.538707,0.216885,0.320889,0.72857,0.605157,-0.484019,-0.423061,0.765992,0.014615,0.000869,0.000237,0.016171,0.02199,0.007994,0.389813,0.045581,0.04569,-0.058577,0.647817,-0.496084,-0.578128,0.680789,0.717549,0.147134,0.341845,-0.488899,0.802569,-0.000588,-0.001944,-0.001864,-0.122652,1.090269,-0.167701,-1.034138
1010,0.094733,0.010572,0.320686,-0.474545,0.595378,-0.648365,-0.825456,-0.556757,0.092821,-0.305135,0.578502,0.756476,-0.000947,-0.00315,-0.003038,-0.195744,0.768757,-0.123358,-1.91618,-0.212416,-0.00315,0.30229,-0.830787,0.514315,0.212752,-0.26193,-0.698387,0.666019,0.492168,0.49694,0.714622,0.014814,0.0024,0.001876,0.136408,0.54725,-0.525657,0.411636,0.02247,0.042973,-0.023299,0.812973,-0.537882,0.223063,0.318414,0.731367,0.603086,-0.48753,-0.419267,0.765851,0.007401,0.001151,0.000871,0.15155,0.611416,-0.579846,0.37822,0.045598,0.045582,-0.05863,0.646721,-0.536651,-0.541992,0.705945,0.690197,0.158959,0.288777,-0.48542,0.825211,-0.000538,-0.001791,-0.001726,-1.01763,0.907978,0.711855,-1.046385
1011,0.094946,0.010472,0.320531,-0.470052,0.628302,-0.619946,-0.84393,-0.525632,0.107077,-0.258009,0.572739,0.778093,-0.000688,-0.002291,-0.002212,-3.313346,1.143343,3.955403,-1.916099,-0.211788,-0.003076,0.302324,-0.83334,0.509534,0.214268,-0.257426,-0.700619,0.665431,0.490225,0.498723,0.714715,0.014731,0.001876,0.001304,0.00356,-0.031383,0.053045,0.411988,0.022778,0.04301,-0.023282,0.815771,-0.533081,0.224369,0.313875,0.733874,0.60242,-0.485797,-0.421013,0.765995,0.007293,0.0004,6.5e-05,0.001457,-0.017317,0.03219,0.372994,0.045704,0.045532,-0.058707,0.646797,-0.564868,-0.512422,0.723364,0.66726,0.177502,0.241654,-0.485476,0.840187,0.006488,-0.002606,-0.002161,0.14289,0.698448,-0.427204,-1.051937
1012,0.095118,0.010438,0.320311,-0.490426,0.644761,-0.586354,-0.842681,-0.522376,0.130317,-0.221671,0.557216,0.800249,0.000181,0.008392,-0.010695,-1.288479,2.494244,-1.699514,-1.916526,-0.211383,-0.003033,0.302321,-0.833314,0.509766,0.213818,-0.257859,-0.700424,0.665469,0.490041,0.49876,0.714816,5.5e-05,0.000406,0.000433,0.0,-0.0,-0.0,0.409556,0.022987,0.043034,-0.023281,0.815707,-0.53339,0.223865,0.314367,0.733619,0.602474,-0.485586,-0.421067,0.766099,0.007094,0.005665,-0.004282,0.038291,-0.029319,0.045794,0.371035,0.04579,0.045512,-0.058813,0.660452,-0.578682,-0.478465,0.723667,0.660516,0.200055,0.200266,-0.478376,0.855013,0.006612,-0.00221,-0.001785,0.350578,0.836413,-0.178346,-1.061571
1013,0.095211,0.010383,0.320262,-0.49989,0.649171,-0.573352,-0.84052,-0.523286,0.14025,-0.208366,0.551214,0.807944,-0.000641,-0.002141,-0.00207,0.165897,0.61857,-0.342918,-1.916378,-0.211265,-0.003028,0.302304,-0.833279,0.509697,0.214119,-0.257666,-0.700553,0.665408,0.490203,0.498651,0.714781,0.014398,-0.000541,-0.001284,0.002045,-0.015205,0.029245,0.406275,0.02304,0.043036,-0.023289,0.815682,-0.533295,0.224183,0.314166,0.733759,0.602408,-0.485758,-0.420943,0.766058,-7e-06,-5.6e-05,-6.6e-05,0.000106,0.000281,0.000366,0.368259,0.045836,0.045488,-0.058841,0.670099,-0.580885,-0.462102,0.719387,0.661627,0.211495,0.182885,-0.474153,0.861237,0.006768,-0.00169,-0.001285,0.30784,0.62389,-0.058672,-1.060591
1014,0.095459,0.010256,0.320265,-0.4928,0.678573,-0.544732,-0.8551,-0.493566,0.158647,-0.160602,0.543136,0.824159,0.012744,-0.013811,0.006157,0.159159,0.908347,-0.10202,-1.916105,-0.211183,-0.003044,0.302253,-0.833192,0.509347,0.215285,-0.256829,-0.701056,0.665201,0.49079,0.4983,0.714622,-7.8e-05,-0.000578,-0.000617,-0.010488,0.111668,-0.164232,0.402559,0.023087,0.043027,-0.023316,0.815647,-0.532936,0.225162,0.313481,0.734209,0.602217,-0.486259,-0.420613,0.765921,-5.8e-05,-0.000446,-0.00048,6.9e-05,0.000188,0.000252,0.362217,0.045955,0.045427,-0.058844,0.66394,-0.608768,-0.434261,0.735718,0.635692,0.233694,0.133791,-0.474653,0.869944,0.006919,-0.001175,-0.000783,-1.455862,2.1518,-1.589286,-1.067123
1015,0.095682,0.010145,0.320212,-0.485299,0.71555,-0.502513,-0.867209,-0.467236,0.17208,-0.111063,0.518402,0.84791,-0.000357,-0.001199,-0.00116,-1.200981,2.87273,-1.2564,-1.915556,-0.211256,-0.003093,0.302189,-0.833114,0.508915,0.216604,-0.255838,-0.701623,0.664986,0.49144,0.497945,0.714423,-0.014727,-0.001879,-0.001299,-0.003564,0.031387,-0.053042,0.402863,0.023056,0.043006,-0.023346,0.815629,-0.532378,0.226543,0.312448,0.734846,0.601978,-0.486954,-0.420208,0.765702,-0.000101,-0.000764,-0.000815,-0.010449,0.111803,-0.164051,0.361074,0.046073,0.04537,-0.058865,0.65643,-0.644654,-0.391815,0.750133,0.612858,0.248403,0.079993,-0.456973,0.885875,0.006686,-0.001982,-0.001573,0.21405,0.983241,0.608947,-1.073328
1016,0.095851,0.010149,0.320167,-0.484101,0.730165,-0.482234,-0.869672,-0.462326,0.172908,-0.096102,0.502181,0.859422,0.001046,0.011321,-0.007865,0.34334,1.151958,-0.147566,-1.915821,-0.211316,-0.003116,0.302138,-0.83309,0.508738,0.217114,-0.255469,-0.701867,0.66487,0.491674,0.497783,0.714375,-0.000358,-0.002647,-0.002829,-0.001519,0.016183,-0.023796,0.401635,0.023021,0.042995,-0.023371,0.815631,-0.532155,0.22706,0.312071,0.735108,0.601853,-0.487193,-0.420031,0.765647,-0.007343,-0.000787,-0.000487,-0.002021,0.015311,-0.029105,0.360421,0.046151,0.045366,-0.058886,0.655579,-0.658381,-0.369796,0.752776,0.608414,0.251317,0.059527,-0.443132,0.894477,0.006911,-0.001207,-0.000815,-1.452531,2.506907,-1.391088,-1.072185
1017,0.096516,0.010139,0.320035,-0.47344,0.759126,-0.446796,-0.879116,-0.438924,0.185669,-0.054581,0.479743,0.875725,0.01382,-0.002401,-0.001638,-0.299734,0.670164,-0.082125,-1.91587,-0.21141,-0.003108,0.30206,-0.833072,0.508538,0.217649,-0.255121,-0.70218,0.664674,0.491884,0.497547,0.714395,-0.014496,-0.000135,0.00056,-0.002045,0.015205,-0.029245,0.401389,0.022978,0.042993,-0.023416,0.815638,-0.531923,0.227577,0.311738,0.735419,0.601646,-0.487395,-0.419781,0.765656,-4.8e-05,-0.00037,-0.000393,3.3e-05,6.6e-05,9.5e-05,0.359441,0.046484,0.045367,-0.058954,0.644422,-0.688882,-0.331903,0.764573,0.587359,0.265399,0.012118,-0.424793,0.905209,0.013819,-0.002413,-0.001658,-1.267085,1.270287,0.687473,-1.07741
1018,0.097468,0.010048,0.319794,-0.46947,0.776513,-0.420322,-0.882621,-0.425957,0.198778,-0.024108,0.463338,0.885869,0.027168,-0.006406,-0.004854,0.003437,0.30415,-0.435671,-1.916001,-0.211447,-0.003085,0.301997,-0.83304,0.508316,0.218292,-0.254701,-0.702533,0.664462,0.492158,0.497277,0.714395,-6.7e-05,-0.000493,-0.000527,0.0,0.0,0.0,0.401116,0.022954,0.043005,-0.023446,0.815638,-0.531645,0.228225,0.311311,0.735785,0.601419,-0.487666,-0.419492,0.765642,-4.5e-05,-0.000333,-0.000354,2.5e-05,4.7e-05,6.2e-05,0.359278,0.046955,0.045325,-0.059071,0.639398,-0.705639,-0.305355,0.768557,0.575156,0.280203,-0.022095,-0.413845,0.910078,0.007147,0.003524,-0.005667,0.019733,0.288119,-0.482099,-1.078717
1019,0.098574,0.010046,0.319449,-0.474132,0.77871,-0.41092,-0.880304,-0.428328,0.203894,-0.016651,0.457437,0.889102,0.028369,0.005617,-0.012069,0.022895,0.077223,-0.101061,-1.915823,-0.211435,-0.003039,0.301986,-0.833022,0.508217,0.21859,-0.254525,-0.70271,0.664341,0.492279,0.497127,0.714415,0.000167,0.00123,0.001316,0.001517,-0.016193,0.023789,0.393061,0.02296,0.043026,-0.023454,0.815635,-0.531525,0.228515,0.31114,0.735962,0.601291,-0.48778,-0.419334,0.765655,8.6e-05,0.00063,0.000674,0.001541,-0.016161,0.023847,0.354379,0.047518,0.045319,-0.059248,0.643525,-0.706216,-0.295184,0.764803,0.577729,0.285138,-0.030832,-0.409252,0.9119,0.014189,0.002808,-0.006048,0.027813,0.070487,-0.105601,-1.083615
1020,0.099193,0.010057,0.319276,-0.471357,0.781892,-0.40806,-0.881878,-0.424138,0.205841,-0.011548,0.455909,0.889967,0.028611,0.006514,-0.011217,0.035328,0.061506,-0.091222,-1.91603,-0.211413,-0.003034,0.30199,-0.833004,0.508153,0.218808,-0.254365,-0.702798,0.664309,0.492392,0.497068,0.714378,7.4e-05,0.000549,0.000587,-0.010469,0.11175,-0.164178,0.39045,0.022971,0.04303,-0.02345,0.81563,-0.5315,0.22859,0.311089,0.735992,0.60128,-0.487821,-0.419311,0.765642,0.00725,9.2e-05,-0.000257,0.002064,-0.01517,0.029293,0.349971,0.047816,0.04532,-0.059331,0.640952,-0.709632,-0.292579,0.76673,0.573967,0.287553,-0.036126,-0.408637,0.911981,0.013822,-0.002381,-0.001672,0.008383,-0.034557,0.057065,-1.087208
1021,0.100399,0.010078,0.319109,-0.456839,0.799782,-0.389475,-0.889418,-0.402608,0.216366,0.016802,0.444254,0.895758,0.028251,-0.002513,-0.001172,0.256048,0.336856,0.33106,-1.915576,-0.211343,-0.003,0.302023,-0.832983,0.508116,0.218973,-0.254253,-0.702861,0.664286,0.492486,0.497017,0.714349,0.000124,0.000917,0.00098,0.0,0.0,0.0,0.389825,0.023006,0.043047,-0.023434,0.815614,-0.531397,0.228891,0.310876,0.73612,0.601234,-0.487985,-0.419218,0.765588,7.8e-05,0.000578,0.000616,-5e-06,2.1e-05,3.6e-05,0.344909,0.04843,0.045333,-0.05942,0.628071,-0.727708,-0.27562,0.775309,0.554943,0.30155,-0.066487,-0.403085,0.912743,0.01416,-0.00116,-0.00051,0.42826,0.459905,0.349968,-1.088677
1022,0.101423,0.010039,0.319058,-0.434037,0.818406,-0.376655,-0.900022,-0.375284,0.22157,0.040515,0.434148,0.899945,0.028357,-0.002059,-0.000764,-0.605168,0.377115,1.591678,-1.915663,-0.211241,-0.002959,0.302047,-0.832945,0.508021,0.219338,-0.254008,-0.703017,0.664214,0.492677,0.496893,0.714303,0.014471,-1e-05,-0.000718,0.002045,-0.015205,0.029245,0.389404,0.023052,0.043069,-0.02342,0.815593,-0.531263,0.22927,0.310619,0.736293,0.601155,-0.488182,-0.419083,0.765536,4.2e-05,0.000309,0.000328,-5e-06,2.8e-05,1.6e-05,0.344582,0.048932,0.045315,-0.059444,0.607498,-0.749428,-0.263252,0.789088,0.531415,0.308118,-0.091017,-0.39491,0.914199,0.014054,-0.001415,-0.000929,-2.120152,1.377157,4.859276,-1.089984
1023,0.101873,0.009967,0.319036,-0.423339,0.825484,-0.37337,-0.904771,-0.363819,0.22135,0.047402,0.430493,0.901363,0.014179,-0.001019,-0.000378,0.028796,0.022587,0.054901,-1.915452,-0.211187,-0.002961,0.302042,-0.832925,0.50798,0.219508,-0.25389,-0.703083,0.66419,0.492771,0.496843,0.714273,1e-06,8e-06,8e-06,0.0,0.0,0.0,0.390079,0.023084,0.043069,-0.023422,0.81558,-0.531221,0.229415,0.310522,0.736351,0.601133,-0.488266,-0.419034,0.76551,-3e-06,-2.9e-05,-3.4e-05,5e-06,1.3e-05,1.7e-05,0.344419,0.049163,0.045281,-0.059453,0.596374,-0.759034,-0.261157,0.796544,0.519365,0.309477,-0.099267,-0.392588,0.914341,0.01401,-0.001629,-0.000974,0.011389,-0.029635,0.113552,-1.093413
1024,0.102666,0.009699,0.318994,-0.39007,0.843439,-0.36946,-0.91863,-0.328888,0.218912,0.063608,0.423738,0.903563,0.027396,-0.005526,-0.004148,-2.028187,1.084697,5.227766,-1.915379,-0.211081,-0.002977,0.302019,-0.832882,0.507885,0.219889,-0.253624,-0.70323,0.664135,0.492981,0.496731,0.714207,-0.000117,-0.000874,-0.000934,0.0,0.0,0.0,0.388704,0.023138,0.043062,-0.023432,0.815556,-0.531097,0.229789,0.310262,0.736507,0.601077,-0.488472,-0.418917,0.765442,-8e-05,-0.000595,-0.000641,-2.1e-05,2.2e-05,1e-06,0.343929,0.049565,0.045148,-0.059473,0.567442,-0.7812,-0.260258,0.815238,0.48858,0.310928,-0.11574,-0.388606,0.914105,0.013672,-0.002723,-0.002216,-2.049913,1.07146,5.21906,-1.085738
1025,0.103146,0.00953,0.318894,-0.376795,0.849479,-0.369399,-0.923876,-0.315702,0.216234,0.067528,0.421697,0.904234,0.013572,-0.003239,-0.002541,0.000692,-0.014248,0.03078,-1.914609,-0.210961,-0.002953,0.30201,-0.83287,0.507922,0.21985,-0.253698,-0.703231,0.664106,0.492963,0.496693,0.714246,4.4e-05,0.000332,0.000354,0.0,0.0,0.0,0.385872,0.023197,0.043072,-0.02344,0.815541,-0.531136,0.229753,0.310335,0.736502,0.601045,-0.488451,-0.418877,0.765478,3e-05,0.000214,0.000226,2e-06,7e-06,8e-06,0.341969,0.049799,0.045063,-0.059524,0.554139,-0.790191,-0.261775,0.823611,0.474821,0.310173,-0.1208,-0.38748,0.913928,0.006756,-0.001735,-0.001384,-0.002234,-0.018511,0.028901,-1.080186
1026,0.103486,0.00949,0.318813,-0.364311,0.853988,-0.37152,-0.928553,-0.302481,0.2151,0.071762,0.422276,0.903637,-0.000113,-0.000414,-0.000401,0.0,0.0,0.0,-1.915102,-0.210764,-0.002933,0.302006,-0.832848,0.507985,0.219789,-0.25379,-0.703202,0.664102,0.492953,0.496669,0.714269,8.3e-05,0.000624,0.000666,-0.010501,0.111768,-0.164163,0.37769,0.023296,0.043081,-0.023442,0.815516,-0.531258,0.22956,0.31053,0.736406,0.601062,-0.488369,-0.418891,0.765523,0.007253,0.000132,-0.000221,0.002044,-0.015202,0.029261,0.335438,0.049974,0.045041,-0.059566,0.543027,-0.796734,-0.265205,0.830399,0.462608,0.310531,-0.124725,-0.388853,0.912817,-6.2e-05,-0.00024,-0.000233,0.001358,-0.001003,-0.003429,-1.075287
1027,0.103522,0.009515,0.31881,-0.363212,0.854015,-0.372532,-0.92901,-0.301443,0.21458,0.071403,0.422961,0.903345,0.000393,0.001444,0.001395,0.00017,-0.015886,0.024046,-1.915151,-0.210609,-0.002885,0.302019,-0.832861,0.508167,0.219316,-0.254196,-0.703021,0.664139,0.492721,0.49674,0.71438,0.01472,0.001906,0.001318,0.003567,-0.031402,0.053032,0.363873,0.023367,0.043102,-0.023439,0.815502,-0.531399,0.229282,0.31079,0.73629,0.60107,-0.488227,-0.418916,0.7656,0.00717,0.006293,-0.003611,0.038199,-0.029578,0.045346,0.325967,0.049991,0.045049,-0.059571,0.542161,-0.79695,-0.266326,0.831043,0.46171,0.310145,-0.124204,-0.389478,0.912621,4.3e-05,0.000155,0.000148,0.000909,-0.000949,-0.00284,-1.08035
1028,0.103472,0.009557,0.318877,-0.360806,0.854065,-0.37475,-0.929994,-0.299099,0.213594,0.070778,0.424518,0.902664,0.000318,0.00117,0.00113,0.001175,-0.109625,0.165955,-1.915105,-0.21005,-0.002697,0.302102,-0.832864,0.508618,0.21826,-0.255157,-0.702617,0.664197,0.49222,0.496848,0.71465,0.015075,0.004717,0.004302,0.002045,-0.015205,0.029245,0.33354,0.023652,0.043195,-0.023398,0.815443,-0.531946,0.228221,0.311766,0.735825,0.601134,-0.487702,-0.419039,0.765867,0.007564,0.002561,0.002359,0.002052,-0.015217,0.029265,0.289716,0.049967,0.045074,-0.059535,0.540278,-0.797424,-0.268725,0.832411,0.459691,0.309476,-0.123252,-0.390893,0.912145,0.0002,0.000739,0.000713,0.000594,-0.000648,-0.001928,-1.082472
1029,0.103318,0.009597,0.318895,-0.356122,0.852487,-0.382738,-0.932338,-0.296582,0.206775,0.063197,0.429417,0.900907,-0.000106,-0.000388,-0.000375,1e-05,-1.1e-05,7e-06,-1.915161,-0.209184,-0.002348,0.302401,-0.833583,0.507056,0.219148,-0.254864,-0.704851,0.661939,0.491151,0.495282,0.71647,0.030296,0.011106,0.010314,0.011995,-0.067243,0.102719,0.275894,0.024073,0.043359,-0.023258,0.816321,-0.530251,0.229027,0.311481,0.738051,0.598547,-0.486414,-0.417269,0.76765,0.007957,0.005773,0.00575,-0.012524,-0.031231,0.051871,0.231585,0.049891,0.045097,-0.059523,0.536473,-0.796988,-0.277498,0.836088,0.457256,0.303105,-0.114683,-0.394621,0.911658,-0.007001,0.000828,0.00051,-0.005271,0.019966,-0.034183,-1.077737
1030,0.103206,0.009622,0.318914,-0.357027,0.848744,-0.39014,-0.932207,-0.29709,0.206637,0.059913,0.43641,0.897765,-0.013786,0.002443,0.001772,-0.281929,-0.366234,-0.278736,-1.914886,-0.208565,-0.002023,0.30264,-0.834589,0.50295,0.224708,-0.251926,-0.711075,0.656384,0.490958,0.490562,0.719842,0.030519,0.027219,0.007491,0.756076,1.632212,-1.965594,0.246251,0.024365,0.043507,-0.023147,0.817215,-0.527604,0.23193,0.31016,0.741792,0.594596,-0.485755,-0.413977,0.769846,0.015466,0.008302,0.008028,0.523605,-0.472531,-0.12375,0.193375,0.049839,0.045106,-0.059516,0.536371,-0.794882,-0.283667,0.836805,0.457135,0.301303,-0.109826,-0.398984,0.910356,-0.006881,0.001262,0.000928,-0.005637,0.007963,-0.054339,-1.077084
1031,0.10296,0.009627,0.318923,-0.358657,0.84493,-0.396867,-0.931771,-0.298279,0.206891,0.056871,0.44294,0.89476,-0.000188,-0.000688,-0.000664,-0.252405,-0.341158,-0.223291,-1.914904,-0.206934,-0.001033,0.303333,-0.836656,0.49586,0.232639,-0.248695,-0.722182,0.645398,0.489083,0.48149,0.727206,0.04607,0.024553,0.023436,0.372028,0.283193,-0.53109,0.204293,0.025169,0.043994,-0.022808,0.820308,-0.519513,0.239166,0.307066,0.752862,0.582158,-0.482498,-0.404109,0.777104,0.023026,0.012171,0.011591,0.361938,-0.398366,-0.045228,0.126099,0.049711,0.045111,-0.05951,0.538778,-0.790644,-0.290858,0.835814,0.458428,0.302089,-0.105507,-0.405862,0.907823,-0.007042,0.000678,0.000363,-0.441085,-0.507631,-0.312563,-1.072348
1032,0.102729,0.00966,0.318932,-0.364083,0.833393,-0.415866,-0.930752,-0.309165,0.195165,0.034524,0.457087,0.888767,-1e-06,-2e-06,-2e-06,-0.005395,0.070869,-0.171578,-1.915001,-0.204808,6e-05,0.304212,-0.842052,0.487128,0.231617,-0.249959,-0.732758,0.632867,0.479062,0.474393,0.738454,0.060465,0.028306,0.026149,0.347197,-0.416372,-0.009376,0.125406,0.026273,0.044568,-0.022348,0.825794,-0.510474,0.239748,0.307214,0.763666,0.567831,-0.472951,-0.395258,0.787456,0.030261,0.014441,0.013339,0.379116,-0.442426,-0.010428,0.048536,0.049595,0.045126,-0.059507,0.545845,-0.778024,-0.311015,0.834008,0.468834,0.290902,-0.080514,-0.418177,0.904789,-0.006917,0.001143,0.000814,0.163042,-0.04826,-0.10532,-1.068919
1033,0.102517,0.009565,0.318916,-0.386223,0.815955,-0.430226,-0.922295,-0.333976,0.19443,0.015435,0.470873,0.882081,-0.014759,-0.001069,-0.001633,0.369124,-0.655436,-1.957366,-1.914891,-0.202409,0.001224,0.305308,-0.851519,0.477372,0.216848,-0.257477,-0.740828,0.620334,0.457845,0.471786,0.753432,0.060425,0.032482,0.029929,0.358135,-0.418934,-0.011421,-0.002323,0.02745,0.04514,-0.021809,0.835275,-0.502138,0.223991,0.314613,0.770586,0.55427,-0.450925,-0.392498,0.80163,0.030239,0.016527,0.015222,0.431137,-0.496318,-0.033442,-0.094833,0.049496,0.045084,-0.059509,0.564129,-0.76026,-0.322119,0.823549,0.490037,0.28571,-0.059363,-0.426458,0.902556,-0.000576,-0.001973,-0.002044,2.361027,-1.048412,-4.939143,-1.069246
1034,0.102422,0.009496,0.318847,-0.401985,0.802338,-0.441256,-0.915631,-0.355914,0.18686,-0.006631,0.478144,0.878272,-0.00123,-0.004463,-0.004319,-0.073867,-0.479182,-0.159195,-1.914737,-0.201234,0.00183,0.305888,-0.854358,0.475862,0.208852,-0.26537,-0.744859,0.612125,0.447925,0.466946,0.762356,0.06013,0.032094,0.029254,0.397291,-0.445047,-0.030584,-0.097068,0.028061,0.045459,-0.021503,0.838068,-0.501181,0.215541,0.322515,0.773779,0.545205,-0.440028,-0.387404,0.810118,0.030069,0.016176,0.014714,0.360544,-0.435946,-0.033434,-0.184153,0.049444,0.045051,-0.059543,0.580818,-0.743242,-0.332025,0.81326,0.512038,0.27645,-0.035459,-0.43059,0.90185,-0.000554,-0.002031,-0.001958,0.156789,-1.157542,-0.003753,-1.071368
