frame,MLTx,MLTy,MLTz,MLTR1,MLTR2,MLTR3,MLTR4,MLTR5,MLTR6,MLTR7,MLTR8,MLTR9,MLTTVx,MLTTVy,MLTTVz,MLTRVx,MLTRVy,MLTRVz,MLGA,MRTx,MRTy,MRTz,MRTR1,MRTR2,MRTR3,MRTR4,MRTR5,MRTR6,MRTR7,MRTR8,MRTR9,MRTTVx,MRTTVy,MRTTVz,MRTRVx,MRTRVy,MRTRVz,MRGA,SLTx,SLTy,SLTz,SLTR1,SLTR2,SLTR3,SLTR4,SLTR5,SLTR6,SLTR7,SLTR8,SLTR9,SLTTVx,SLTTVy,SLTTVz,SLTRVx,SLTRVy,SLTRVz,SLGA,SRTx,SRTy,SRTz,SRTR1,SRTR2,SRTR3,SRTR4,SRTR5,SRTR6,SRTR7,SRTR8,SRTR9,SRTTVx,SRTTVy,SRTTVz,SRTRVx,SRTRVy,SRTRVz,SRGA
191,0.117487,-0.024015,0.312799,-0.239695,0.208927,-0.948125,-0.372916,-0.921446,-0.108827,-0.896091,0.327219,0.299959,0.015729,0.001702,0.002573,-0.022234,-0.511252,0.281105,-0.733725,-0.19106,-0.024711,0.315601,0.263131,0.609925,0.747492,-0.79265,-0.304849,0.527926,0.549531,-0.732157,0.402273,-3.3e-05,-0.000442,-0.000474,-0.0,-0.0,-0.0,-1.404151,0.032208,0.030933,-0.012123,-0.324741,-0.574187,0.751565,0.829824,0.208296,0.517691,-0.4538,0.791783,0.408832,-2e-05,-0.000277,-0.000297,0.000104,5.7e-05,6.6e-05,-0.98297,0.057575,0.030209,-0.061641,0.313819,-0.208657,-0.926271,0.347114,0.933237,-0.092624,0.883758,-0.292455,0.365295,0.00822,0.006714,-0.002488,0.06176,-0.524158,0.300081,-0.323824
192,0.118216,-0.023871,0.312943,-0.202088,0.21943,-0.954493,-0.358014,-0.923655,-0.136596,-0.91135,0.313839,0.266407,0.016361,0.004584,0.005801,-0.031934,-0.790188,0.283378,-1.406837,-0.191089,-0.024773,0.315506,0.263006,0.609738,0.747689,-0.792738,-0.304982,0.527718,0.549465,-0.732257,0.402181,-0.000181,-0.002433,-0.00261,0.0,0.0,0.0,-1.403954,0.032194,0.030905,-0.012168,-0.324595,-0.574015,0.75176,0.829925,0.208414,0.517482,-0.45372,0.791877,0.40874,-0.00041,0.004041,-0.005742,0.034714,0.002868,-0.007156,-0.979051,0.057939,0.030277,-0.061573,0.27875,-0.222275,-0.934286,0.334241,0.934479,-0.122598,0.900322,-0.278103,0.33478,0.008178,0.002277,0.002877,0.050636,-0.672309,0.070016,-0.622483
193,0.118927,-0.023762,0.313186,-0.180255,0.233537,-0.955517,-0.355343,-0.921239,-0.158181,-0.916984,0.310728,0.250233,0.015733,-0.006771,0.013731,-0.028034,-0.210351,0.349674,-1.907277,-0.191121,-0.024868,0.31536,0.255708,0.612726,0.747778,-0.789141,-0.31437,0.5276,0.558026,-0.725761,0.402171,-0.000194,-0.002604,-0.002797,-0.003013,-0.002126,-0.00162,-1.402771,0.032178,0.030857,-0.012241,-0.317705,-0.577859,0.751759,0.827461,0.218175,0.517403,-0.463001,0.786433,0.408841,-0.000132,-0.001823,-0.001954,-0.034997,-0.009166,-0.043292,-0.979215,0.058301,0.030337,-0.061446,0.256101,-0.235996,-0.937399,0.333354,0.931814,-0.143516,0.907351,-0.275731,0.317309,0.007886,-0.003292,0.006962,-0.026449,-0.180482,0.36749,-0.91265
194,0.119217,-0.02367,0.313362,-0.17628,0.236995,-0.955407,-0.356916,-0.919898,-0.162389,-0.91715,0.312075,0.247936,0.016736,0.006447,0.007843,0.005291,-0.130945,0.225323,-1.917622,-0.191126,-0.024905,0.31529,0.255701,0.612718,0.747786,-0.789173,-0.31434,0.52757,0.557984,-0.72578,0.402194,-0.000173,-0.002313,-0.002486,-0.0,-0.0,-0.0,-1.390965,0.032175,0.030835,-0.01228,-0.317689,-0.577853,0.751769,0.82749,0.218148,0.517369,-0.462961,0.786445,0.408865,-8.4e-05,-0.001157,-0.001242,0.000264,0.000164,5.4e-05,-0.975133,0.05844,0.030378,-0.061364,0.252589,-0.239636,-0.937428,0.335261,0.930502,-0.14753,0.907633,-0.277019,0.315375,0.008404,0.003394,0.004105,0.010822,-0.228965,0.402624,-0.96327
195,0.119833,-0.023373,0.313715,-0.177612,0.236533,-0.955276,-0.359783,-0.919072,-0.160731,-0.91577,0.314844,0.249528,0.017634,0.019361,0.001574,0.040417,-0.160417,0.265392,-1.919687,-0.191124,-0.024931,0.315155,0.244766,0.617154,0.747797,-0.783574,-0.328188,0.527483,0.570643,-0.715817,0.402287,-0.000102,-0.001363,-0.001467,0.008961,-0.102785,0.169479,-1.235161,0.032176,0.030822,-0.012347,-0.307289,-0.583483,0.751745,0.823602,0.232664,0.517249,-0.47671,0.778084,0.409062,-6.6e-05,-0.000942,-0.001008,-0.033025,-0.023599,-0.018374,-0.930064,0.058747,0.030521,-0.061185,0.254004,-0.239107,-0.937181,0.338052,0.929796,-0.145601,0.906201,-0.279833,0.317002,0.008465,0.003766,0.004496,0.003089,-0.031096,0.05701,-0.935347
196,0.120494,-0.023013,0.314123,-0.177257,0.237052,-0.955213,-0.360598,-0.918683,-0.161126,-0.915519,0.315587,0.249512,0.017381,0.00974,0.011408,-0.004536,-0.032574,0.061129,-1.920321,-0.191122,-0.024837,0.315029,0.233812,0.621511,0.747694,-0.777826,-0.341691,0.527415,0.582974,-0.705651,0.402567,-0.000613,0.01086,-0.008503,0.036305,-0.01182,0.017535,-0.952985,0.032177,0.030864,-0.012409,-0.29698,-0.589207,0.751423,0.819444,0.246733,0.517333,-0.490217,0.769387,0.409547,-0.000299,0.00546,-0.004211,0.036478,-0.011938,0.016948,-0.804494,0.059078,0.030706,-0.060984,0.253508,-0.239768,-0.937146,0.33891,0.929404,-0.146108,0.90602,-0.280569,0.31687,0.008624,0.004596,0.00539,-0.020416,0.008836,-0.005418,-0.935837
197,0.120851,-0.022837,0.314314,-0.176843,0.237445,-0.955192,-0.360648,-0.918575,-0.161628,-0.91558,0.315605,0.249266,0.017044,0.008303,0.009777,-0.002285,0.072012,-0.116711,-1.920166,-0.191128,-0.024741,0.314935,0.225945,0.626606,0.745858,-0.769984,-0.35399,0.5308,0.596338,-0.694996,0.401527,-0.00067,0.010097,-0.009325,-0.418271,-0.15958,-0.107707,-0.755275,0.032174,0.030915,-0.012453,-0.289943,-0.595165,0.749473,0.813316,0.259524,0.520732,-0.504428,0.760542,0.408811,-0.000342,0.004947,-0.004779,-1.33049,-0.742743,-0.555489,-0.719746,0.059257,0.030798,-0.060884,0.252943,-0.240315,-0.937159,0.339028,0.929254,-0.146783,0.906134,-0.280595,0.316522,0.008568,0.004384,0.005135,0.001958,-0.030036,0.05531,-0.937797
198,0.121627,-0.022581,0.314638,-0.180396,0.234952,-0.955144,-0.361602,-0.918868,-0.157789,-0.914506,0.31662,0.251908,0.01654,0.006153,0.007342,-0.020558,0.008992,-0.005661,-1.920319,-0.191134,-0.024469,0.31453,0.219344,0.642587,0.73414,-0.752559,-0.367311,0.546508,0.620552,-0.673143,0.402065,0.013291,0.017459,-0.02264,-0.147152,-1.411384,2.429483,-0.307946,0.032166,0.031054,-0.012645,-0.284277,-0.61001,0.739644,0.798199,0.276772,0.535045,-0.531096,0.742485,0.40823,-0.000454,0.003313,-0.006518,-0.092631,0.181291,0.126324,-0.582745,0.059646,0.030929,-0.060718,0.256513,-0.237596,-0.936882,0.339666,0.929647,-0.142763,0.90489,-0.281607,0.31917,0.015671,0.002138,0.002888,-0.077325,0.093029,-0.13043,-0.934204
199,0.12245,-0.022365,0.314795,-0.187217,0.233523,-0.954181,-0.362817,-0.919066,-0.153797,-0.912644,0.317103,0.257978,0.016106,0.004273,0.005229,0.001877,-0.025239,0.056131,-1.920126,-0.191153,-0.024181,0.313777,0.220175,0.658825,0.71935,-0.730623,-0.377089,0.569146,0.645941,-0.651692,0.397393,-0.001933,0.012303,-0.027174,-0.112105,0.233917,0.134794,-0.035522,0.032162,0.031203,-0.013016,-0.28849,-0.627942,0.722814,0.776936,0.287678,0.56001,-0.559591,0.723138,0.404879,-0.000626,0.000945,-0.009082,-0.18317,0.253539,0.13817,-0.482648,0.060064,0.031039,-0.060637,0.263327,-0.236056,-0.93538,0.34061,0.929904,-0.138786,0.902575,-0.282054,0.325272,0.008026,0.00203,0.002486,0.003643,-0.048212,0.051749,-0.928163
200,0.123221,-0.022212,0.314834,-0.187799,0.23327,-0.954129,-0.363251,-0.918988,-0.153237,-0.912351,0.317515,0.258508,0.015455,0.001281,0.001909,0.00093,-0.014621,0.029408,-1.91996,-0.191233,-0.023928,0.312791,0.215523,0.679848,0.700962,-0.702056,-0.390925,0.595172,0.678367,-0.621222,0.392127,-0.001557,-0.001672,-0.022102,-0.357266,0.228729,0.343029,0.131945,0.032122,0.031333,-0.013513,-0.285705,-0.649685,0.704472,0.751186,0.304634,0.585591,-0.595056,0.696496,0.400999,-0.001047,0.004819,-0.01503,-0.712727,0.16599,0.311244,-0.267921,0.060444,0.031117,-0.060616,0.26378,-0.235632,-0.935359,0.340982,0.929871,-0.138089,0.902302,-0.282516,0.325627,0.015404,0.005433,-0.003769,0.039765,-0.063444,0.105398,-0.925713
201,0.12355,-0.022202,0.314825,-0.187623,0.233469,-0.954115,-0.363239,-0.918951,-0.15349,-0.912393,0.317477,0.258408,0.01519,3.5e-05,0.00053,0.001548,-0.029424,0.05433,-1.919946,-0.191269,-0.023845,0.312272,0.204891,0.691227,0.692977,-0.685142,-0.404199,0.605918,0.698658,-0.599784,0.389871,-0.002184,0.009033,-0.030798,-0.308127,0.196953,0.348149,0.19683,0.032104,0.031368,-0.013772,-0.276567,-0.662211,0.696409,0.736128,0.319859,0.596493,-0.617757,0.677618,0.39901,-0.000765,-0.000971,-0.011187,-0.718971,0.035439,0.476948,-0.118183,0.060608,0.031122,-0.060621,0.263584,-0.235851,-0.935359,0.34098,0.929831,-0.138369,0.90236,-0.282467,0.325509,0.007441,-0.000717,-0.000554,0.001212,-0.015226,0.030264,-0.926366
202,0.124073,-0.022257,0.314766,-0.190186,0.231615,-0.954059,-0.363523,-0.91929,-0.150764,-0.911746,0.317856,0.26022,-2.5e-05,-0.00012,-0.000132,-0.003908,0.101518,-0.170991,-1.920079,-0.191316,-0.023785,0.311267,0.18955,0.710134,0.678065,-0.661035,-0.418212,0.62295,0.725701,-0.567178,0.389269,-0.001613,-0.002324,-0.022924,-0.067571,-0.045468,0.401325,0.328339,0.032081,0.0314,-0.014271,-0.264407,-0.682178,0.681703,0.713693,0.337008,0.614058,-0.648637,0.648889,0.397759,-0.00081,-0.001494,-0.011798,-0.205683,-0.067293,0.38521,0.148143,0.060869,0.031094,-0.060652,0.265963,-0.234001,-0.93515,0.341096,0.930175,-0.135746,0.901618,-0.282873,0.327209,0.007387,-0.000975,-0.000843,0.002353,-0.016866,0.032862,-0.927509
203,0.124405,-0.022288,0.314711,-0.192478,0.229937,-0.954005,-0.363824,-0.919573,-0.14829,-0.911142,0.318256,0.261841,-2e-06,-9e-06,-1e-05,-0.0,0.0,-0.0,-1.919952,-0.191455,-0.024012,0.310396,0.175012,0.721099,0.670357,-0.645241,-0.430143,0.631328,0.743365,-0.54392,0.38913,-0.001795,-0.004591,-0.025508,0.024648,-0.078954,0.142366,0.379968,0.032011,0.031288,-0.014713,-0.251839,-0.69494,0.673524,0.699368,0.350359,0.623002,-0.668924,0.627938,0.397784,-0.000592,-0.007965,-0.008749,0.001662,-0.112042,0.095411,0.280245,0.061041,0.031075,-0.060682,0.268269,-0.232172,-0.934947,0.341183,0.930515,-0.133174,0.900902,-0.283262,0.328841,-2e-06,-1.4e-05,-2.3e-05,0.000784,-0.001288,0.001998,-0.928816
204,0.124529,-0.022287,0.3147,-0.194499,0.228441,-0.953955,-0.364193,-0.919784,-0.146059,-0.910563,0.318726,0.263281,3.4e-05,0.000167,0.000183,-0.0,0.0,-0.0,-1.919792,-0.191528,-0.024233,0.309987,0.175395,0.72263,0.668606,-0.645209,-0.428457,0.632506,0.743302,-0.543219,0.390228,-0.001827,-0.004936,-0.025946,0.044667,-0.084488,0.138375,0.387042,0.031974,0.031177,-0.014918,-0.252181,-0.696496,0.671786,0.699383,0.348606,0.623968,-0.66878,0.627189,0.399206,-0.000611,-0.008142,-0.008983,0.003151,0.02469,-0.052651,0.312087,0.061103,0.031075,-0.060688,0.270234,-0.230599,-0.93477,0.341385,0.93076,-0.130919,0.900238,-0.283738,0.330246,0.007443,-0.000702,-0.000541,0.002071,-0.016466,0.032237,-0.927673
205,0.124668,-0.022262,0.314702,-0.194416,0.228526,-0.953951,-0.364162,-0.919777,-0.146179,-0.910593,0.318684,0.263227,6.5e-05,0.000316,0.000348,0.0,0.0,0.0,-1.920015,-0.191634,-0.024821,0.309262,0.171082,0.723582,0.668694,-0.642772,-0.432281,0.632385,0.746417,-0.538899,0.390272,-0.001221,-0.015716,-0.017486,-0.003449,0.029685,-0.049281,0.381092,0.031921,0.030884,-0.015287,-0.247988,-0.698083,0.671701,0.697449,0.352567,0.623908,-0.672359,0.623199,0.399445,-0.000599,-0.007868,-0.008745,-0.003244,0.029645,-0.04939,0.328743,0.061172,0.031088,-0.060687,0.27013,-0.230706,-0.934774,0.341362,0.930748,-0.131066,0.900278,-0.283692,0.330178,3.2e-05,0.000151,0.000163,-4.3e-05,-3.5e-05,8.3e-05,-0.933715
206,0.1247,-0.022288,0.314705,-0.194641,0.22836,-0.953946,-0.364168,-0.919812,-0.145941,-0.910542,0.318701,0.263382,-0.000131,-0.00064,-0.000705,0.0,0.0,0.0,-1.920225,-0.191677,-0.025342,0.308635,0.15972,0.724583,0.670418,-0.639324,-0.441416,0.629563,0.75189,-0.530061,0.391868,-0.000945,-0.012095,-0.013537,0.23368,-0.283614,-0.221212,0.358947,0.031899,0.030617,-0.015608,-0.238362,-0.699905,0.673287,0.694143,0.362082,0.622142,-0.679226,0.615653,0.399527,-0.00048,-0.006282,-0.007023,0.449901,-0.462034,-0.373965,0.31323,0.061188,0.031076,-0.060684,0.270348,-0.230532,-0.934754,0.341351,0.930785,-0.130829,0.900216,-0.28371,0.330328,-7.6e-05,-0.00037,-0.000408,-5.3e-05,-5e-06,3.2e-05,-0.935021
207,0.124693,-0.022315,0.31466,-0.194959,0.228099,-0.953943,-0.364083,-0.919899,-0.145606,-0.910508,0.318638,0.263576,-0.000301,-0.001468,-0.001617,-0.000569,0.014713,-0.024775,-1.919375,-0.19168,-0.025645,0.308106,0.148894,0.728137,0.669058,-0.635478,-0.447808,0.628943,0.757365,-0.519715,0.395168,-0.000727,-0.009281,-0.010433,-1.06466,-1.086751,-0.718581,0.32303,0.031898,0.030461,-0.015877,-0.226681,-0.705169,0.671827,0.692385,0.368454,0.620357,-0.684994,0.605786,0.404727,-0.000347,-0.004492,-0.005073,-1.09594,-1.084345,-0.715083,0.277143,0.061185,0.031064,-0.060705,0.270638,-0.230275,-0.934733,0.341245,0.930867,-0.13052,0.900169,-0.28365,0.330509,0.000193,0.00535,-0.004346,0.035161,-0.015654,0.016986,-0.935021
208,0.124691,-0.02231,0.314634,-0.195078,0.227994,-0.953943,-0.36401,-0.919947,-0.145486,-0.910511,0.318576,0.263641,-0.000109,-0.000534,-0.000588,0.0,0.0,0.0,-1.919344,-0.191694,-0.025719,0.307899,0.146396,0.728346,0.669381,-0.637102,-0.448104,0.627086,0.75649,-0.519165,0.397559,-0.000545,-0.006944,-0.007818,0.053372,-0.055164,-0.070789,0.304373,0.031891,0.030426,-0.015979,-0.223867,-0.705801,0.672106,0.693814,0.3689,0.618493,-0.684473,0.604778,0.40711,-0.000537,0.002371,-0.007686,0.083122,-0.067434,-0.05368,0.254609,0.061184,0.031064,-0.060721,0.27077,-0.230152,-0.934725,0.34116,0.930917,-0.130388,0.900162,-0.283586,0.330583,-7.8e-05,-0.000384,-0.000422,-3.1e-05,4e-06,7e-06,-0.934205
209,0.124687,-0.022333,0.314609,-0.195261,0.227846,-0.953941,-0.363975,-0.919991,-0.145291,-0.910486,0.318553,0.263756,-0.000111,-0.000544,-0.000599,0.0,0.0,0.0,-1.918824,-0.191737,-0.025718,0.307606,0.139577,0.729435,0.669652,-0.63627,-0.451994,0.625136,0.758486,-0.514233,0.400158,-0.000211,-0.002681,-0.003023,-3.693099,-3.464683,-2.217985,0.26931,0.031869,0.030424,-0.016128,-0.221307,-0.706363,0.672364,0.69561,0.368876,0.616487,-0.683483,0.604137,0.409718,-0.000396,0.004218,-0.005611,0.019406,0.010746,-0.002004,0.206601,0.061181,0.031052,-0.060734,0.270947,-0.229998,-0.934712,0.34111,0.930962,-0.130197,0.900128,-0.283564,0.330696,-6.8e-05,-0.000329,-0.000363,-2.2e-05,0.0,-3e-06,-0.934041
210,0.124708,-0.022344,0.314613,-0.195356,0.227778,-0.953938,-0.363982,-0.920004,-0.145192,-0.910462,0.318563,0.263823,-0.0,-0.0,-0.0,0.0,0.0,0.0,-1.918702,-0.191745,-0.025616,0.307488,0.130368,0.731112,0.66968,-0.636719,-0.455894,0.621838,0.759758,-0.508368,0.405207,2.6e-05,0.000327,0.000369,0.046419,-0.059003,-0.038966,0.259973,0.031865,0.030475,-0.016187,-0.208232,-0.710457,0.672227,0.69428,0.376737,0.613224,-0.688922,0.594407,0.414807,3.3e-05,0.000372,0.000424,0.036889,-0.05565,-0.036903,0.180148,0.061192,0.031046,-0.060732,0.271039,-0.229927,-0.934703,0.34111,0.930977,-0.130097,0.9001,-0.283575,0.330761,3e-06,1.4e-05,1.3e-05,-1.4e-05,-3e-06,1.2e-05,-0.934694
211,0.124731,-0.022338,0.314605,-0.19542,0.227726,-0.953937,-0.363945,-0.920029,-0.145131,-0.910463,0.318531,0.26386,-0.0,-0.0,-0.0,0.0,0.0,0.0,-1.918733,-0.191734,-0.025594,0.307481,0.12792,0.731492,0.669737,-0.638175,-0.456086,0.620204,0.758957,-0.507647,0.407605,5e-06,6.7e-05,7.6e-05,0.200269,-0.254591,-0.16815,0.247817,0.031871,0.030489,-0.016186,-0.20713,-0.710738,0.67227,0.694929,0.376786,0.612457,-0.688599,0.594039,0.415869,1.2e-05,0.000118,0.000135,0.361959,-0.400029,-0.263624,0.170024,0.061204,0.03105,-0.060736,0.271101,-0.229872,-0.934698,0.341068,0.931,-0.130039,0.900097,-0.283542,0.330797,0.0,8e-06,1.1e-05,-1.2e-05,6e-06,2.3e-05,-0.934531
212,0.124811,-0.022332,0.314598,-0.19561,0.227585,-0.953933,-0.363886,-0.920081,-0.144948,-0.910446,0.318481,0.263979,1e-06,5e-06,6e-06,0.0,0.0,0.0,-1.91881,-0.191711,-0.025619,0.307498,0.125418,0.731625,0.670065,-0.639548,-0.45659,0.618416,0.758222,-0.507001,0.409772,-5e-06,-6.2e-05,-7e-05,0.16958,-0.215802,-0.142496,0.224387,0.031883,0.030479,-0.016176,-0.204443,-0.711233,0.672569,0.696473,0.377112,0.6105,-0.687842,0.593239,0.418257,-1e-06,-1.7e-05,-1.7e-05,0.300436,-0.334487,-0.220276,0.137529,0.061243,0.031053,-0.060739,0.271285,-0.229724,-0.934681,0.340993,0.931052,-0.129861,0.90007,-0.28349,0.330914,-2e-06,-0.0,-0.0,-1.8e-05,-5e-06,2.4e-05,-0.934694
213,0.124899,-0.02235,0.314596,-0.195712,0.227525,-0.953926,-0.363892,-0.920094,-0.144853,-0.910422,0.318488,0.264055,0.014849,-0.001594,-0.001288,0.000984,-0.014715,0.029553,-1.918561,-0.191723,-0.025644,0.307485,0.118625,0.732695,0.670133,-0.638218,-0.460636,0.616787,0.760441,-0.501761,0.412103,-0.015088,-0.001396,-0.000519,0.007085,0.003584,-0.036918,0.198323,0.031883,0.030469,-0.016179,-0.196678,-0.713466,0.67252,0.696265,0.381297,0.608133,-0.690312,0.587859,0.421769,-6.4e-05,-0.000826,-0.00093,-0.016793,0.022141,-0.02001,0.109117,0.061288,0.031044,-0.06074,0.271384,-0.22966,-0.934668,0.340992,0.931066,-0.129767,0.900041,-0.283498,0.330989,0.007424,-0.000799,-0.000649,0.000959,-0.014706,0.029556,-0.934858
214,0.12498,-0.022328,0.314577,-0.195871,0.227399,-0.953923,-0.363789,-0.920157,-0.144708,-0.910429,0.318394,0.264144,2e-06,1.1e-05,1.2e-05,0.0,0.0,0.0,-1.918679,-0.191778,-0.025764,0.307338,0.109303,0.733803,0.670505,-0.638309,-0.465154,0.613292,0.761773,-0.495929,0.416677,-0.000391,-0.004949,-0.005591,0.006186,0.004799,-0.031273,0.166229,0.031849,0.030412,-0.016249,-0.187514,-0.715669,0.672796,0.696849,0.385807,0.60461,-0.692271,0.582211,0.426369,-0.000204,-0.002613,-0.002948,-0.020988,0.027166,-0.01684,0.067315,0.061328,0.031055,-0.060749,0.271538,-0.229529,-0.934656,0.340876,0.931127,-0.12963,0.900038,-0.283402,0.331077,1e-06,0.0,-3e-06,-2.6e-05,1.2e-05,2.8e-05,-0.935021
215,0.125013,-0.022323,0.314568,-0.196149,0.227177,-0.953919,-0.363711,-0.920233,-0.144422,-0.9104,0.318334,0.264316,0.0,0.0,0.0,0.0,0.0,0.0,-1.91793,-0.191811,-0.025892,0.307194,0.10435,0.734334,0.670714,-0.641087,-0.4658,0.609896,0.760141,-0.494534,0.421291,-0.000565,-0.007144,-0.008083,0.107922,-0.124977,-0.116947,0.145453,0.031833,0.030349,-0.016319,-0.182905,-0.716716,0.67295,0.699601,0.386028,0.601282,-0.690727,0.580774,0.430809,-0.000295,-0.003772,-0.004262,0.105042,-0.123636,-0.11606,0.043474,0.061345,0.031057,-0.060754,0.271807,-0.229296,-0.934635,0.340775,0.931203,-0.129352,0.899995,-0.283341,0.331246,0.0,-3e-06,-8e-06,-3e-05,-7e-06,2.6e-05,-0.935021
216,0.125048,-0.022302,0.314546,-0.196397,0.22697,-0.953917,-0.36359,-0.92032,-0.144174,-0.910394,0.318231,0.264459,0.0,0.0,0.0,0.0,0.0,0.0,-1.918192,-0.191844,-0.026183,0.306866,0.090874,0.74057,0.6658,-0.643211,-0.466642,0.607009,0.760095,-0.484325,0.433069,-0.000614,-0.007736,-0.008779,0.180368,-0.308709,0.007479,0.110779,0.031816,0.030203,-0.016485,-0.170589,-0.724406,0.667933,0.701644,0.386625,0.598512,-0.691805,0.570751,0.442321,-0.000309,-0.003958,-0.004487,0.228471,-0.275103,-0.195985,-0.007146,0.061362,0.031068,-0.060765,0.272047,-0.229081,-0.934618,0.340633,0.931288,-0.129114,0.899977,-0.283237,0.331387,3e-06,-1e-06,-6e-06,-3.5e-05,1.4e-05,3.6e-05,-0.935347
217,0.125037,-0.022254,0.314491,-0.196457,0.226888,-0.953924,-0.363407,-0.920399,-0.144128,-0.910454,0.318059,0.264459,-0.000134,-0.000657,-0.000724,0.0,0.0,0.0,-1.918319,-0.191831,-0.02645,0.30656,0.079228,0.745442,0.661838,-0.649625,-0.46486,0.60152,0.755948,-0.478524,0.446565,-0.000449,-0.005642,-0.006422,0.30362,-0.473012,-0.074681,0.055694,0.031822,0.030063,-0.016644,-0.160426,-0.730369,0.663945,0.707289,0.384126,0.593455,-0.68848,0.564807,0.454958,-0.000258,-0.003299,-0.003754,0.46226,-0.516707,-0.374917,-0.063808,0.061356,0.031093,-0.060791,0.272105,-0.228997,-0.934622,0.340445,0.931361,-0.129082,0.900031,-0.283063,0.331389,-8.5e-05,-0.000433,-0.000481,-3.8e-05,2e-06,1e-05,-0.935511
218,0.125024,-0.02224,0.31446,-0.196463,0.226868,-0.953928,-0.363332,-0.920429,-0.144128,-0.910483,0.317988,0.264446,-0.014988,0.000906,0.000533,-0.000984,0.014715,-0.029553,-1.918052,-0.191852,-0.026557,0.306423,0.072508,0.746817,0.661058,-0.6482,-0.468333,0.600361,0.757852,-0.472951,0.449267,-0.000503,-0.006312,-0.007194,-0.067635,-0.116166,-0.119045,0.024826,0.031812,0.030012,-0.01671,-0.152441,-0.733047,0.662875,0.707135,0.38767,0.591329,-0.690449,0.558886,0.459266,-0.000234,-0.002996,-0.003412,-0.352173,-0.290431,-0.254506,-0.105447,0.061356,0.031099,-0.060808,0.272093,-0.228995,-0.934626,0.340375,0.931383,-0.129109,0.900061,-0.282994,0.331367,-8.7e-05,-0.00044,-0.000488,-3.2e-05,-3e-06,1.1e-05,-0.935674
219,0.125034,-0.02222,0.314421,-0.196417,0.22689,-0.953932,-0.363243,-0.920454,-0.144191,-0.910528,0.317899,0.264396,-3e-06,-1.3e-05,-1.5e-05,0.0,0.0,0.0,-1.917922,-0.191939,-0.026716,0.306153,0.061159,0.750742,0.657752,-0.649252,-0.470481,0.597539,0.757968,-0.464519,0.457788,-0.000426,-0.005326,-0.006084,0.045869,-0.045388,-0.064233,-0.017979,0.031769,0.029932,-0.016846,-0.141814,-0.738285,0.65941,0.708155,0.389788,0.58871,-0.691667,0.550452,0.467544,-0.0077,-0.002376,-0.002182,0.035882,-0.116575,0.079072,-0.173376,0.061355,0.031108,-0.060828,0.272065,-0.229001,-0.934632,0.340285,0.931409,-0.129157,0.900103,-0.282903,0.33133,4e-06,1.4e-05,1.3e-05,-2e-05,-8e-06,1e-05,-0.935511
220,0.125034,-0.02222,0.314421,-0.196533,0.226797,-0.953931,-0.36322,-0.920482,-0.144068,-0.910512,0.317885,0.26447,-0.0,-0.0,-0.0,0.0,0.0,0.0,-1.91798,-0.191983,-0.026815,0.306011,0.058954,0.752869,0.655519,-0.650358,-0.469095,0.597425,0.757197,-0.462473,0.461124,-0.000127,-0.001577,-0.001803,-0.000149,-0.014109,0.017459,-0.101082,0.031746,0.029877,-0.016923,-0.140027,-0.740568,0.657229,0.708931,0.388401,0.588694,-0.691237,0.548363,0.470625,-7.7e-05,-0.001001,-0.001144,-0.024405,-0.144886,0.225429,-0.239835,0.061355,0.031109,-0.060828,0.272178,-0.228903,-0.934624,0.340253,0.931438,-0.129036,0.900081,-0.282888,0.331401,-1e-06,7e-06,1.1e-05,-1.6e-05,3e-06,2.9e-05,-0.934204
221,0.125031,-0.022238,0.314402,-0.196583,0.226756,-0.95393,-0.36321,-0.920495,-0.144014,-0.910505,0.317879,0.264501,-0.000268,-0.001317,-0.001451,-0.000568,0.014728,-0.024766,-1.918004,-0.19196,-0.026823,0.306015,0.057044,0.756935,0.650989,-0.651148,-0.465955,0.599021,0.756667,-0.458996,0.465447,0.000647,-0.010401,0.009021,-0.039111,-0.032514,0.042403,-0.225538,0.031758,0.029877,-0.016925,-0.13872,-0.744839,0.652663,0.709384,0.385129,0.590296,-0.691035,0.544875,0.474953,4.6e-05,0.000574,0.000656,-0.023848,-0.145975,0.223232,-0.340749,0.061354,0.031102,-0.060835,0.272226,-0.228861,-0.93462,0.34024,0.93145,-0.128983,0.900071,-0.282882,0.331433,-0.000134,-0.000654,-0.000718,-0.000587,0.014734,-0.024768,-0.934858
222,0.125039,-0.02224,0.314369,-0.196585,0.226748,-0.953931,-0.363161,-0.920513,-0.14402,-0.910524,0.317831,0.264492,-0.000191,-0.000935,-0.001031,0.0,0.0,0.0,-1.918156,-0.191957,-0.026794,0.306048,0.052817,0.759139,0.648775,-0.648134,-0.468071,0.600637,0.759561,-0.453156,0.466455,0.000142,0.001771,0.002025,6e-06,-0.000126,0.000134,-0.314258,0.031759,0.029887,-0.016905,-0.134919,-0.747538,0.650371,0.706567,0.387584,0.592065,-0.694665,0.539412,0.475893,9.1e-05,0.001124,0.001287,0.001636,-0.00806,0.019974,-0.41129,0.061358,0.0311,-0.060852,0.272227,-0.228853,-0.934621,0.340191,0.931466,-0.128993,0.900089,-0.282835,0.331425,-0.000121,-0.000598,-0.000657,-1.1e-05,-7e-06,-1.3e-05,-0.934368
223,0.125025,-0.022294,0.314279,-0.196756,0.226601,-0.953931,-0.363079,-0.920573,-0.143845,-0.91052,0.317762,0.26459,-0.000414,-0.002029,-0.002238,0.0,0.0,0.0,-1.918051,-0.191935,-0.02665,0.306213,0.035556,0.766229,0.641577,-0.63627,-0.477583,0.605813,0.770539,-0.430705,0.469709,0.000365,0.004564,0.00521,-0.002013,-0.030264,0.04095,-0.54243,0.03177,0.029958,-0.016825,-0.118732,-0.756626,0.642975,0.695965,0.398444,0.597389,-0.70819,0.518418,0.479278,0.000173,0.002145,0.002459,-0.010855,-0.048302,0.052132,-0.610015,0.061351,0.031074,-0.060896,0.272393,-0.2287,-0.93461,0.340095,0.931525,-0.128824,0.900075,-0.282766,0.33152,-3.6e-05,0.004233,-0.005579,0.035199,-0.015634,0.016989,-0.933714
224,0.125002,-0.022391,0.314125,-0.196947,0.226433,-0.953931,-0.362968,-0.920647,-0.14365,-0.910522,0.317668,0.264694,-0.000759,-0.003721,-0.00411,-0.000567,0.014732,-0.024763,-1.918101,-0.191978,-0.026482,0.306408,0.017719,0.770568,0.637105,-0.624455,-0.489002,0.608988,0.780776,-0.409588,0.471688,0.00032,0.003996,0.004553,0.001491,-0.015105,0.024444,-0.802436,0.031749,0.030046,-0.016722,-0.101591,-0.763039,0.638317,0.685632,0.411209,0.600678,-0.720824,0.498674,0.481389,0.000131,0.001674,0.001918,0.00107,0.003378,-0.004383,-0.849235,0.061339,0.031027,-0.060971,0.272562,-0.22854,-0.934601,0.339972,0.931593,-0.128657,0.900071,-0.282672,0.331614,-9.3e-05,0.003954,-0.005889,0.035189,-0.01564,0.016984,-0.933878
225,0.124989,-0.022448,0.314047,-0.197117,0.226292,-0.95393,-0.362911,-0.920697,-0.143473,-0.910508,0.317623,0.264796,-0.000688,-0.003372,-0.003727,0.0,0.0,0.0,-1.917952,-0.192041,-0.026424,0.306479,0.00872,0.772551,0.634887,-0.618477,-0.494623,0.610548,0.785684,-0.398943,0.472662,0.000213,0.00265,0.003018,-6e-06,-6e-06,-5e-06,-0.954433,0.031718,0.030078,-0.016684,-0.092926,-0.766094,0.635975,0.680382,0.417485,0.602316,-0.726941,0.488677,0.482441,0.000117,0.001472,0.001689,0.003443,-0.010897,0.021066,-0.975132,0.061333,0.030997,-0.061012,0.272742,-0.228379,-0.934588,0.339896,0.931647,-0.128468,0.900045,-0.282624,0.331724,-0.000407,-0.002009,-0.00222,-0.000569,0.014724,-0.02474,-0.934531
226,0.124951,-0.022573,0.313893,-0.19739,0.226065,-0.953927,-0.362833,-0.920773,-0.143184,-0.91048,0.317566,0.264962,-0.000734,-0.003594,-0.003979,-0.000567,0.014734,-0.024762,-1.917933,-0.192229,-0.026364,0.306546,-0.002715,0.776232,0.630435,-0.613626,-0.498971,0.611903,0.789537,-0.386152,0.476846,0.000124,0.00154,0.001753,0.003223,-0.02258,0.019454,-1.245071,0.031629,0.030107,-0.016651,-0.08193,-0.771162,0.631345,0.676259,0.422312,0.603594,-0.732093,0.476405,0.486905,1.3e-05,0.000166,0.0002,-0.04225,-0.015298,-0.021784,-0.963702,0.061314,0.030935,-0.061089,0.272989,-0.228156,-0.93457,0.3398,0.931718,-0.128203,0.900006,-0.282569,0.331877,-0.000291,-0.001432,-0.001585,-2e-06,-5e-06,1.2e-05,-0.935511
227,0.124932,-0.022639,0.313758,-0.195362,0.227569,-0.953987,-0.36235,-0.920606,-0.145458,-0.911111,0.316972,0.263498,-0.000432,-0.002112,-0.002341,0.0,-0.0,0.0,-1.918278,-0.192502,-0.026283,0.306516,-0.01888,0.779581,0.62601,-0.605925,-0.506851,0.613099,0.795264,-0.368706,0.481118,-0.015013,8e-06,0.001055,-0.086328,-0.087833,-0.108675,-1.354476,0.031493,0.030149,-0.016665,-0.066412,-0.776399,0.626732,0.669657,0.430963,0.604838,-0.739694,0.459864,0.4913,-3e-06,-5.4e-05,-4.8e-05,-0.327458,-0.301004,-0.242972,-0.980684,0.061304,0.030898,-0.061161,0.271027,-0.229729,-0.934755,0.33948,0.931516,-0.130502,0.90072,-0.281961,0.330454,-0.000208,-0.001033,-0.001145,-0.000725,0.001047,-0.001606,-0.935511
228,0.124926,-0.022638,0.313682,-0.195403,0.227514,-0.953992,-0.36222,-0.920662,-0.145429,-0.911155,0.316849,0.263498,-0.000412,-0.002013,-0.002232,0.0,-0.0,0.0,-1.917705,-0.192641,-0.026224,0.306483,-0.023463,0.78119,0.623846,-0.602969,-0.508686,0.614492,0.797392,-0.36271,0.482152,0.0,0.0,0.0,0.000133,-0.000169,-0.000112,-1.341076,0.031418,0.030178,-0.016682,-0.062104,-0.778504,0.624558,0.666736,0.433297,0.606396,-0.742701,0.454075,0.492147,-3e-06,-3.2e-05,-2.4e-05,-0.002985,0.006109,-0.0001,-0.977419,0.061301,0.030899,-0.061198,0.271078,-0.229663,-0.934757,0.339347,0.931569,-0.130469,0.900754,-0.28184,0.330464,-0.000226,-0.001112,-0.001232,-0.000677,0.014893,-0.024986,-0.935511
229,0.124934,-0.022605,0.313612,-0.195345,0.227533,-0.953999,-0.36206,-0.920712,-0.145513,-0.911231,0.316691,0.263424,-4.9e-05,-0.000242,-0.000268,0.0,0.0,0.0,-1.91834,-0.192858,-0.026161,0.306288,-0.032819,0.780465,0.62433,-0.597233,-0.516078,0.61393,0.801381,-0.35369,0.48224,-0.000246,-0.002979,-0.003393,0.0,-0.0,-0.0,-1.03761,0.031309,0.030213,-0.016775,-0.052781,-0.778875,0.624954,0.661896,0.441318,0.605913,-0.747734,0.445636,0.492241,-0.000151,-0.00185,-0.002098,-0.000811,0.015947,-0.023941,-0.888752,0.061305,0.030914,-0.061235,0.271024,-0.229682,-0.934768,0.339193,0.931612,-0.130562,0.900829,-0.281682,0.330395,-1.5e-05,-8.1e-05,-8.9e-05,-2e-06,-1.1e-05,-1.9e-05,-0.936164
230,0.124939,-0.022573,0.313631,-0.195378,0.227502,-0.954,-0.362029,-0.920729,-0.14548,-0.911236,0.316663,0.26344,7.8e-05,0.000381,0.000422,0.0,0.0,0.0,-1.917993,-0.192773,-0.02609,0.305891,-0.032912,0.779942,0.624979,-0.597803,-0.516382,0.61312,0.800953,-0.354402,0.482428,0.014008,0.005892,-0.015205,0.038414,-0.027305,0.046629,-0.410856,0.031347,0.030245,-0.016969,-0.052649,-0.778338,0.625633,0.66249,0.441561,0.605087,-0.747217,0.446333,0.492393,-0.000261,-0.003232,-0.003686,-0.001082,0.015543,-0.024077,-0.710275,0.061307,0.030931,-0.061224,0.271056,-0.229649,-0.934766,0.339158,0.931629,-0.130532,0.900832,-0.281652,0.330411,5.2e-05,0.000259,0.000286,-5e-06,1.3e-05,2.9e-05,-0.937633
231,0.124954,-0.022565,0.313656,-0.195325,0.227551,-0.953999,-0.362064,-0.920707,-0.145536,-0.911233,0.316693,0.263412,2.5e-05,0.000122,0.000136,0.0,0.0,0.0,-1.917698,-0.192458,-0.026089,0.305366,-0.025484,0.779848,0.625443,-0.594686,-0.514618,0.617617,0.803529,-0.35717,0.476061,0.013822,0.003531,-0.01793,-0.090748,0.149342,0.129447,-0.022866,0.031504,0.030247,-0.01723,-0.059706,-0.777408,0.626156,0.659253,0.440303,0.609522,-0.749546,0.449188,0.48622,0.007201,-0.00392,-0.005012,-0.17969,0.215006,0.146774,-0.598421,0.061315,0.030937,-0.06121,0.271005,-0.2297,-0.934768,0.339197,0.931607,-0.130584,0.900833,-0.281682,0.330384,1.2e-05,6.3e-05,7e-05,-9e-06,3e-06,3.9e-05,-0.938123
232,0.124953,-0.022571,0.313649,-0.195342,0.227538,-0.953999,-0.36206,-0.920711,-0.145518,-0.911231,0.316691,0.263423,-9e-05,-0.000439,-0.000486,0.0,0.0,0.0,-1.917748,-0.192262,-0.026181,0.305104,-0.022979,0.7799,0.625476,-0.593613,-0.513944,0.619208,0.804394,-0.358029,0.47395,-0.000763,-0.009407,-0.010788,-0.033702,0.068285,-0.023642,0.075136,0.031607,0.030204,-0.017366,-0.062916,-0.777081,0.626246,0.657847,0.439587,0.611555,-0.750518,0.450451,0.483544,-0.00038,-0.004801,-0.005509,0.008872,0.039304,-0.04158,-0.555476,0.061314,0.030935,-0.061212,0.271021,-0.229686,-0.934767,0.339192,0.931611,-0.130567,0.90083,-0.28168,0.330394,-6e-05,-0.000304,-0.000338,-1.5e-05,8e-06,1.9e-05,-0.93845
233,0.124984,-0.02257,0.313621,-0.195291,0.227577,-0.954,-0.362022,-0.920716,-0.145585,-0.911258,0.316649,0.263382,0.014852,-0.001682,-0.001388,0.000984,-0.014715,0.029553,-1.917689,-0.191819,-0.026579,0.304613,-0.020465,0.779673,0.625845,-0.592317,-0.513638,0.620702,0.805413,-0.358963,0.471507,0.014227,-0.010272,-0.012896,-0.000256,0.000483,0.005161,0.163028,0.031818,0.03001,-0.017605,-0.065196,-0.7766,0.62661,0.656823,0.439335,0.612836,-0.75122,0.451527,0.481446,-0.000397,-0.005054,-0.005827,0.008761,0.007484,-0.029271,-0.373407,0.061325,0.030934,-0.061227,0.270989,-0.229711,-0.934771,0.339154,0.931618,-0.130616,0.900854,-0.281636,0.330365,-9e-06,-4.7e-05,-5.3e-05,-1.2e-05,-1.7e-05,-9e-06,-0.938777
234,0.125019,-0.022567,0.313625,-0.19522,0.227642,-0.953999,-0.362036,-0.920697,-0.145666,-0.911267,0.316656,0.26334,4.7e-05,0.00023,0.000255,0.0,0.0,0.0,-1.917736,-0.191393,-0.026996,0.304193,-0.027485,0.779529,0.625756,-0.590413,-0.517685,0.619151,0.806611,-0.353403,0.473654,0.014377,-0.008729,-0.01117,-3.454502,-3.426367,-2.615885,0.188918,0.03203,0.029796,-0.01782,-0.062536,-0.776917,0.626488,0.658224,0.439744,0.611036,-0.750219,0.450582,0.483886,0.007185,-0.004496,-0.005742,-0.016748,0.02217,-0.015587,-0.071809,0.061347,0.030935,-0.061227,0.270903,-0.229795,-0.934775,0.33918,0.931595,-0.130717,0.90087,-0.281645,0.330313,3.5e-05,0.000182,0.000202,-1e-05,3e-06,1.2e-05,-0.938613
235,0.125043,-0.022564,0.313629,-0.195167,0.227689,-0.953998,-0.362046,-0.920683,-0.145727,-0.911274,0.316662,0.263308,0.000147,0.000721,0.0008,0.0,0.0,0.0,-1.9176,-0.19119,-0.02714,0.304011,-0.037017,0.77931,0.625537,-0.589864,-0.522213,0.615864,0.806644,-0.34715,0.478199,-0.000602,-0.007674,-0.008891,0.111528,-0.128963,-0.120206,0.206887,0.032143,0.02972,-0.017917,-0.048752,-0.778231,0.626082,0.655531,0.448005,0.607922,-0.753592,0.440054,0.488314,0.007248,-0.003756,-0.004891,0.142815,-0.179036,-0.114555,0.019634,0.061359,0.030935,-0.061225,0.270852,-0.229844,-0.934778,0.339195,0.931581,-0.130776,0.90088,-0.281651,0.330282,9.8e-05,0.000484,0.000535,-1.1e-05,6e-06,9e-06,-0.938123
236,0.125097,-0.022576,0.313618,-0.195093,0.22776,-0.953996,-0.362061,-0.920663,-0.145816,-0.911284,0.316669,0.263265,-6.5e-05,-0.000318,-0.000353,0.0,0.0,0.0,-1.917649,-0.190847,-0.027537,0.303681,-0.053928,0.778903,0.624814,-0.592764,-0.528407,0.607742,0.803582,-0.338559,0.489384,-8.3e-05,-0.020008,-0.00214,0.292048,-0.392339,-0.320462,0.243097,0.032314,0.029529,-0.018081,-0.03335,-0.779693,0.625272,0.658277,0.453615,0.600753,-0.752036,0.431638,0.498126,0.007201,-0.004506,-0.005783,0.332048,-0.440314,-0.324149,0.106014,0.061387,0.030932,-0.061228,0.270781,-0.229917,-0.93478,0.339216,0.931561,-0.130864,0.900893,-0.281658,0.330241,-5.1e-05,-0.000252,-0.000282,-1.5e-05,-1.2e-05,1.5e-05,-0.937307
237,0.125164,-0.022572,0.313593,-0.195086,0.22777,-0.953995,-0.362015,-0.920678,-0.145841,-0.911304,0.31662,0.263255,0.000448,0.011042,-0.008314,0.035201,-0.01563,0.016978,-1.917465,-0.19061,-0.028111,0.303455,-0.077482,0.778099,0.623337,-0.587626,-0.54061,0.601972,0.805459,-0.320613,0.498303,0.015093,-0.019222,-0.002352,-3.103764,-3.79344,-3.083895,0.262024,0.032427,0.02924,-0.018196,-0.014844,-0.78157,0.623639,0.657049,0.462517,0.595284,-0.753701,0.418599,0.506664,-0.000314,-0.004113,-0.004797,0.02217,-0.130176,0.114817,0.143081,0.06142,0.030928,-0.061239,0.270789,-0.229919,-0.934777,0.339191,0.931569,-0.130872,0.9009,-0.28163,0.330246,1e-06,6e-06,5e-06,-1.5e-05,1.7e-05,1.7e-05,-0.937307
238,0.125232,-0.022557,0.313581,-0.194931,0.227901,-0.953996,-0.361997,-0.920656,-0.146025,-0.911345,0.316589,0.263151,0.0,2e-06,3e-06,0.0,0.0,0.0,-1.91762,-0.190609,-0.028782,0.303274,-0.094029,0.776899,0.622558,-0.583971,-0.549385,0.597569,0.806379,-0.308331,0.504529,-5.9e-05,-0.019759,-0.001926,0.094895,-0.141866,-0.153721,0.284906,0.032434,0.028908,-0.018283,0.008066,-0.782654,0.622404,0.652495,0.475777,0.589818,-0.757749,0.401359,0.514516,-4.6e-05,-0.010116,-0.001234,0.181715,-0.233216,-0.212608,0.177699,0.061454,0.030941,-0.061248,0.270624,-0.230064,-0.93479,0.339167,0.931549,-0.131077,0.900959,-0.281577,0.33013,-1e-06,-1e-06,-4e-06,-1.5e-05,1e-06,2.8e-05,-0.93698
239,0.125265,-0.02255,0.313559,-0.194863,0.227955,-0.953997,-0.361961,-0.920656,-0.14611,-0.911374,0.31655,0.263099,-0.000238,-0.001168,-0.001295,-0.000566,0.014749,-0.024753,-1.917524,-0.19066,-0.029073,0.303175,-0.096476,0.776833,0.622266,-0.584844,-0.550009,0.596139,0.805459,-0.307379,0.506574,-7.2e-05,-0.019886,-0.002092,-0.01166,-0.006747,-0.064279,0.288023,0.032408,0.02876,-0.018336,0.011284,-0.782916,0.622024,0.653727,0.476488,0.587876,-0.756645,0.400001,0.51719,-0.000348,-0.004517,-0.005295,-0.017497,0.010725,-0.029599,0.18815,0.061471,0.030947,-0.061256,0.270558,-0.230119,-0.934795,0.339137,0.931548,-0.131164,0.90099,-0.281536,0.33008,-0.00012,-0.000585,-0.00065,-0.000589,0.014764,-0.024736,-0.936654
240,0.125299,-0.022545,0.31355,-0.194793,0.228013,-0.953997,-0.361951,-0.920647,-0.146193,-0.911393,0.316533,0.263053,0.000166,0.000816,0.000905,0.0,0.0,0.0,-1.917717,-0.190778,-0.029522,0.302925,-0.113028,0.775269,0.621429,-0.581442,-0.558666,0.591398,0.805792,-0.295442,0.513105,-0.00054,-0.006896,-0.008122,0.054759,-0.056767,-0.071949,0.289584,0.032349,0.02853,-0.018459,0.027657,-0.783321,0.621,0.651201,0.485446,0.583334,-0.7584,0.388263,0.523525,-0.000249,-0.003208,-0.003772,0.05471,-0.06767,-0.08041,0.197131,0.061487,0.030944,-0.061266,0.270491,-0.230181,-0.9348,0.339133,0.931537,-0.131247,0.901012,-0.28152,0.330035,0.000116,0.000572,0.000634,0.000545,-0.014754,0.024757,-0.936817
241,0.125299,-0.022545,0.31355,-0.194793,0.228013,-0.953997,-0.361951,-0.920647,-0.146193,-0.911393,0.316533,0.263053,-0.000142,-0.000697,-0.000773,0.0,0.0,0.0,-1.917534,-0.190923,-0.029753,0.302646,-0.127219,0.775171,0.618802,-0.577124,-0.565135,0.589478,0.806799,-0.283095,0.518455,-0.015637,-0.005924,-0.005905,-0.11147,-0.517044,-0.479485,0.288316,0.032282,0.028412,-0.018601,0.039937,-0.784885,0.618352,0.64715,0.491831,0.582492,-0.761315,0.376904,0.527581,-0.000204,-0.002673,-0.003181,-0.670335,-1.367613,-1.147389,0.1986,0.061488,0.030948,-0.061261,0.270491,-0.230181,-0.9348,0.339132,0.931538,-0.131247,0.901012,-0.28152,0.330034,-9.6e-05,-0.000479,-0.000531,-2e-05,1.5e-05,3.5e-05,-0.936817
242,0.125298,-0.022551,0.313543,-0.19481,0.228,-0.953997,-0.361948,-0.920651,-0.146175,-0.91139,0.316531,0.263063,-0.000107,-0.000528,-0.000586,0.0,0.0,0.0,-1.917792,-0.190964,-0.02983,0.302542,-0.127242,0.775024,0.618982,-0.577108,-0.565289,0.589346,0.806807,-0.283192,0.51839,-0.000284,-0.003598,-0.004253,0.002924,-0.003713,-0.002453,0.284947,0.032256,0.02837,-0.018658,0.041775,-0.784734,0.618422,0.64752,0.492646,0.581392,-0.760901,0.376153,0.528711,-0.000158,-0.002053,-0.002419,-0.014082,0.010959,0.005867,0.19811,0.061487,0.030944,-0.061265,0.270507,-0.230167,-0.934798,0.339128,0.931542,-0.13123,0.901009,-0.281518,0.330045,-7e-05,-0.000352,-0.00039,-2.4e-05,7e-06,1e-05,-0.93698
243,0.125283,-0.022548,0.3135,-0.194849,0.227953,-0.954,-0.361866,-0.920689,-0.14614,-0.911414,0.316456,0.263071,-0.000213,-0.001046,-0.00116,0.0,0.0,0.0,-1.917555,-0.19099,-0.029895,0.302482,-0.129854,0.7784,0.614185,-0.578343,-0.562498,0.590804,0.805508,-0.279458,0.52242,5.9e-05,0.000749,0.000886,0.000185,-0.000235,-0.000155,0.264824,0.032242,0.028333,-0.018693,0.043772,-0.788406,0.613595,0.648362,0.48969,0.582948,-0.760071,0.372315,0.532607,5.7e-05,0.000702,0.000832,-0.004218,0.007397,0.000739,0.183414,0.06148,0.030946,-0.061286,0.270545,-0.230119,-0.934799,0.339045,0.931576,-0.131201,0.901029,-0.281443,0.330054,-0.000138,-0.000681,-0.000755,-1.1e-05,-1.1e-05,0.0,-0.936164
244,0.125277,-0.02255,0.313436,-0.194889,0.227903,-0.954004,-0.36176,-0.920735,-0.146109,-0.911448,0.316357,0.263075,0.000238,0.010017,-0.009451,0.035201,-0.015628,0.016978,-1.917988,-0.190981,-0.029776,0.302623,-0.141679,0.780392,0.609022,-0.572998,-0.566228,0.592446,0.807349,-0.266001,0.526587,0.000332,0.004204,0.004966,0.001794,-0.002277,-0.001504,0.260804,0.032247,0.028394,-0.01862,0.055256,-0.791802,0.608272,0.643583,0.494008,0.584599,-0.763378,0.359171,0.536888,0.000183,0.002346,0.002773,-0.010801,0.01138,0.001753,0.169045,0.061477,0.030941,-0.061316,0.270597,-0.23006,-0.934798,0.338958,0.931614,-0.131158,0.901046,-0.281366,0.330073,-0.000131,-0.000648,-0.000717,0.0,-1.2e-05,-2.9e-05,-0.936164
245,0.125286,-0.022606,0.313344,-0.194908,0.227884,-0.954005,-0.361708,-0.920757,-0.146099,-0.911464,0.316306,0.263078,-0.000391,-0.001924,-0.002137,0.0,0.0,0.0,-1.91781,-0.190923,-0.029506,0.302988,-0.153747,0.783105,0.602579,-0.573308,-0.567279,0.591141,0.804934,-0.255551,0.535387,0.000709,0.009016,0.010615,-3.222018,-3.416583,-3.023212,0.249964,0.032276,0.028529,-0.018439,0.065348,-0.79607,0.601665,0.645104,0.493712,0.58317,-0.761294,0.350028,0.545811,0.00043,0.004889,0.005455,-3.24952,-3.396482,-3.012606,0.158921,0.061481,0.030918,-0.061364,0.270601,-0.230048,-0.9348,0.338883,0.931639,-0.131172,0.901073,-0.281293,0.330061,-0.000245,-0.001209,-0.001344,5e-06,-3e-06,-3e-06,-0.936817
246,0.125279,-0.02263,0.313286,-0.194995,0.227805,-0.954006,-0.361642,-0.920797,-0.146013,-0.911472,0.316248,0.263122,-0.000348,-0.001711,-0.001901,0.0,0.0,0.0,-1.917943,-0.190892,-0.02932,0.303286,-0.158765,0.786646,0.596635,-0.575749,-0.564573,0.591358,0.802219,-0.250603,0.541761,0.000987,0.012579,0.014773,0.083408,-0.317339,0.154633,0.244289,0.032291,0.028614,-0.018299,0.071308,-0.799922,0.595851,0.64637,0.49203,0.583191,-0.759684,0.343554,0.552131,0.000485,0.006296,0.007402,0.003803,-0.731312,0.669048,0.151736,0.061477,0.030904,-0.061395,0.270685,-0.229966,-0.934796,0.338809,0.931677,-0.131091,0.901075,-0.281233,0.330105,-0.000211,-0.001044,-0.001161,9e-06,8e-06,4e-05,-0.936327
