frame,MLTx,MLTy,MLTz,MLTR1,MLTR2,MLTR3,MLTR4,MLTR5,MLTR6,MLTR7,MLTR8,MLTR9,MLTTVx,MLTTVy,MLTTVz,MLTRVx,MLTRVy,MLTRVz,MLGA,MRTx,MRTy,MRTz,MRTR1,MRTR2,MRTR3,MRTR4,MRTR5,MRTR6,MRTR7,MRTR8,MRTR9,MRTTVx,MRTTVy,MRTTVz,MRTRVx,MRTRVy,MRTRVz,MRGA,SLTx,SLTy,SLTz,SLTR1,SLTR2,SLTR3,SLTR4,SLTR5,SLTR6,SLTR7,SLTR8,SLTR9,SLTTVx,SLTTVy,SLTTVz,SLTRVx,SLTRVy,SLTRVz,SLGA,SRTx,SRTy,SRTz,SRTR1,SRTR2,SRTR3,SRTR4,SRTR5,SRTR6,SRTR7,SRTR8,SRTR9,SRTTVx,SRTTVy,SRTTVz,SRTRVx,SRTRVy,SRTRVz,SRGA
124,0.142858,-0.06685,0.282621,-0.626206,0.186384,-0.757081,-0.433464,-0.890328,0.139274,-0.647319,0.415145,0.639265,-0.000478,0.007306,-0.014221,0.028215,-0.033631,0.0074,0.324568,-0.191437,-0.059414,0.294827,-0.131708,-0.963736,0.232071,0.857717,0.006439,0.514016,-0.496703,0.267963,0.825436,0.012378,0.064972,-0.052526,-1.5777,-1.638526,-4.041288,-0.358305,0.031225,0.024607,-0.008001,0.173986,0.955728,0.2373,-0.831966,0.013739,0.554655,0.52684,-0.293928,0.797524,-0.001846,0.032613,-0.025463,-0.610441,0.264315,0.436465,-0.493098,0.074631,0.01623,-0.06247,0.632241,-0.193508,-0.750216,0.408887,0.905815,0.110945,0.658089,-0.376898,0.651816,-0.000246,0.003543,-0.007286,0.046313,0.015319,-0.003863,0.240181
125,0.14286,-0.066656,0.282271,-0.626124,0.186371,-0.757152,-0.432906,-0.890692,0.138678,-0.64777,0.414369,0.639311,0.016082,0.016001,-0.025636,0.071194,-0.027885,0.040434,0.327752,-0.191279,-0.058147,0.293808,-0.106318,-0.964009,0.24367,0.855585,0.036036,0.516342,-0.506404,0.264589,0.820616,0.012346,0.065062,-0.052441,-0.65688,-0.274471,-0.842132,-0.396346,0.031304,0.025242,-0.008509,0.15053,0.955787,0.252607,-0.830459,-0.016376,0.556838,0.536356,-0.293601,0.791277,-0.001863,0.032587,-0.02554,0.533259,2.432013,-0.733045,-0.535391,0.074632,0.016331,-0.062647,0.632414,-0.193661,-0.750032,0.408196,0.906219,0.110194,0.658353,-0.375848,0.652157,-0.000287,0.003293,-0.007697,0.038784,0.008998,-0.003259,0.240345
126,0.142833,-0.066248,0.281446,-0.624828,0.190043,-0.75731,-0.436926,-0.888933,0.137348,-0.646325,0.416467,0.639411,-0.000908,0.004751,-0.018378,0.034783,0.000473,-0.00712,0.339486,-0.190865,-0.055767,0.291812,-0.04671,-0.963872,0.262224,0.843837,0.102278,0.526701,-0.53443,0.247087,0.808205,0.012134,0.063683,-0.054472,-1.82675,-2.510737,-3.838309,-0.465006,0.031516,0.026459,-0.009522,0.092687,0.957065,0.274655,-0.820503,-0.082854,0.565605,0.564077,-0.27778,0.777595,0.006404,0.026272,-0.023143,-0.624813,0.45511,0.724688,-0.608219,0.074624,0.016541,-0.063061,0.631222,-0.197477,-0.75004,0.412293,0.904528,0.108827,0.656942,-0.37793,0.652377,-0.000404,0.007678,-0.013654,0.070272,-0.01268,0.011286,0.249326
127,0.14279,-0.065762,0.280315,-0.623463,0.187862,-0.758977,-0.435139,-0.889844,0.137122,-0.648842,0.415513,0.637479,-0.001355,0.012286,-0.032349,0.047891,-0.059114,-0.04653,0.345975,-0.190281,-0.053414,0.289869,0.031586,-0.957484,0.286736,0.828428,0.185459,0.528437,-0.559185,0.222051,0.798667,0.028256,0.065488,-0.053193,-0.850287,-0.516786,-0.675718,-0.575666,0.031802,0.027632,-0.010499,0.011239,0.952959,0.302889,-0.807796,-0.169879,0.564452,0.589354,-0.251016,0.767887,0.006513,0.027406,-0.021879,-1.568096,-2.950787,-4.13902,-0.699498,0.074604,0.016784,-0.063617,0.629683,-0.195254,-0.751913,0.41056,0.905327,0.108727,0.659498,-0.377169,0.650233,-0.000643,0.006247,-0.016003,0.054569,-0.065109,-0.019336,0.262226
128,0.142801,-0.065472,0.279609,-0.623192,0.187945,-0.75918,-0.434248,-0.890459,0.135949,-0.649698,0.414156,0.63749,-0.001565,0.011058,-0.0344,0.069253,0.000114,-0.014689,0.343586,-0.189926,-0.052259,0.288943,0.074973,-0.950442,0.301714,0.819913,0.230841,0.523822,-0.567601,0.2093,0.79617,0.012164,0.065616,-0.05184,-1.670905,-2.905331,-4.131371,-0.630073,0.031989,0.028234,-0.010981,-0.02947,0.946861,0.320288,-0.8,-0.21445,0.560365,0.599274,-0.239717,0.763809,0.006176,0.032942,-0.026007,-1.612653,-2.966256,-4.108433,-0.759916,0.074609,0.016929,-0.063969,0.629486,-0.195412,-0.752037,0.409597,0.905915,0.107453,0.660285,-0.375673,0.650302,-0.000704,0.010947,-0.021478,0.109941,-0.00287,0.008061,0.263859
129,0.142912,-0.064759,0.277904,-0.619731,0.181211,-0.763637,-0.431077,-0.891656,0.138181,-0.655096,0.414591,0.631657,0.014792,0.018579,-0.047945,0.013284,-0.284214,-0.106603,0.332286,-0.189112,-0.050187,0.287247,0.172011,-0.927243,0.332602,0.795702,0.329711,0.508019,-0.580933,0.17843,0.794068,0.013346,0.04348,-0.035385,0.831558,1.64687,-1.802181,-0.648656,0.032392,0.029255,-0.011815,-0.126786,0.926978,0.353038,-0.779199,-0.313315,0.542845,0.613818,-0.206262,0.762025,0.014367,0.027225,-0.022521,-0.330901,-0.940822,-1.251232,-0.821313,0.074658,0.017282,-0.064817,0.626032,-0.189329,-0.756463,0.406547,0.907052,0.109431,0.665433,-0.376046,0.644815,-0.000935,0.00957,-0.023816,-0.031065,-0.370829,-0.186406,0.25651
130,0.143202,-0.063815,0.275826,-0.614055,0.169947,-0.770779,-0.426755,-0.892971,0.143025,-0.663218,0.416543,0.621822,0.014752,0.028636,-0.058065,-0.003327,-0.441648,-0.169539,0.313475,-0.187912,-0.048486,0.285745,0.260301,-0.901389,0.346024,0.765698,0.410917,0.49476,-0.588483,0.137293,0.796682,0.029146,0.042608,-0.037941,-1.686403,-2.439974,-5.165488,-0.649037,0.032986,0.030106,-0.012563,-0.210125,0.904307,0.371585,-0.755036,-0.39155,0.525935,0.621102,-0.170049,0.765059,0.014551,0.020982,-0.019337,0.409792,1.036131,-2.684945,-0.835356,0.074802,0.017748,-0.065856,0.620141,-0.178614,-0.763885,0.402252,0.908383,0.114157,0.673512,-0.378068,0.635174,-0.000955,0.014552,-0.028948,-0.071308,-0.58274,-0.277465,0.238385
131,0.143602,-0.062598,0.273435,-0.607067,0.1501,-0.780375,-0.419547,-0.894516,0.154251,-0.674155,0.420853,0.60698,0.014747,0.039009,-0.067754,-0.01604,-0.454025,-0.414721,0.302582,-0.186424,-0.047279,0.284398,0.331785,-0.876542,0.348688,0.733501,0.472027,0.48898,-0.593616,0.094626,0.799081,0.045485,0.029182,-0.034436,-1.8395,-2.702863,-4.481853,-0.649279,0.033741,0.030728,-0.013248,-0.286482,0.880299,0.378155,-0.723359,-0.457546,0.51711,0.628235,-0.125399,0.767851,0.022847,0.014458,-0.017538,-1.849992,-2.71202,-4.465693,-0.838132,0.075002,0.018352,-0.067049,0.61245,-0.159261,-0.774299,0.395113,0.91004,0.125343,0.684682,-0.382702,0.620281,-0.000913,0.01483,-0.028634,-0.122314,-0.607281,-0.524569,0.214218
132,0.143842,-0.061849,0.27215,-0.603277,0.137105,-0.785688,-0.414823,-0.895311,0.162213,-0.680449,0.423605,0.597976,0.014836,0.03965,-0.066851,-0.0626,-0.477999,-0.625618,0.302637,-0.185556,-0.046824,0.28378,0.367291,-0.860444,0.353165,0.714482,0.504004,0.485211,-0.595952,0.075194,0.799406,0.045398,0.028538,-0.035436,-1.90304,-2.717311,-4.591774,-0.64976,0.034158,0.030944,-0.013544,-0.31853,0.866668,0.383958,-0.707534,-0.486936,0.512141,0.630819,-0.108531,0.768301,0.02306,0.008799,-0.013513,-0.102273,-0.302811,-0.29673,-0.837805,0.075122,0.018724,-0.067694,0.608366,-0.146882,-0.779945,0.390448,0.910967,0.132997,0.69097,-0.38544,0.611551,0.007436,0.019649,-0.033714,-0.157035,-0.788655,-0.595671,0.210136
133,0.14434,-0.060053,0.269369,-0.595463,0.101473,-0.796977,-0.39799,-0.89897,0.182833,-0.697171,0.425928,0.576685,-0.001664,0.052003,-0.073905,-0.142157,-0.740445,-0.827704,0.304103,-0.183534,-0.046169,0.28262,0.435437,-0.821994,0.367031,0.671611,0.568014,0.475639,-0.599995,0.040421,0.798896,0.045915,0.015423,-0.030297,0.712555,1.789196,-1.929076,-0.648324,0.035146,0.031272,-0.014112,-0.391181,0.829683,0.398249,-0.665155,-0.553949,0.500706,0.636038,-0.069031,0.768563,0.031391,0.002026,-0.012023,-2.03368,-2.746542,-4.444432,-0.837479,0.075377,0.019618,-0.069083,0.600017,-0.112629,-0.792018,0.373573,0.914911,0.152906,0.707405,-0.387623,0.591037,0.007596,0.025871,-0.036865,-0.179349,-1.000497,-0.680007,0.208176
134,0.14483,-0.057839,0.266306,-0.587453,0.061808,-0.806923,-0.383203,-0.899455,0.210017,-0.712085,0.432509,0.553081,0.015172,0.063043,-0.082021,-0.025722,-0.542499,-0.624913,0.319817,-0.181284,-0.045854,0.281541,0.494785,-0.783256,0.376417,0.627644,0.621569,0.468667,-0.601674,0.005346,0.798638,0.062498,0.002536,-0.026347,-0.151198,-0.281628,-0.322577,-0.647362,0.036288,0.03144,-0.014663,-0.451983,0.790881,0.412575,-0.622371,-0.610932,0.489301,0.639034,-0.035619,0.768352,0.031275,0.001426,-0.01299,-0.603842,-0.867661,-1.256612,-0.836336,0.075616,0.020696,-0.070582,0.590022,-0.072419,-0.804132,0.358994,0.915631,0.180947,0.723184,-0.395441,0.566241,0.007536,0.025664,-0.037402,-0.194823,-0.830234,-0.84844,0.215525
135,0.145015,-0.056732,0.264818,-0.581221,0.039874,-0.812796,-0.37567,-0.899144,0.224461,-0.721153,0.435751,0.538596,0.015168,0.063216,-0.081923,-0.089988,-0.57548,-0.87183,0.337379,-0.179994,-0.045789,0.281003,0.521042,-0.764418,0.379699,0.606091,0.644483,0.466079,-0.60164,-0.011758,0.798596,0.062564,0.003,-0.025866,0.025436,-0.078364,0.073432,-0.647578,0.036933,0.03147,-0.014936,-0.479001,0.772516,0.416863,-0.601327,-0.634733,0.485302,0.639501,-0.018211,0.768573,0.031271,0.001173,-0.013447,-0.01983,-0.119031,-0.027902,-0.836989,0.075708,0.021273,-0.071356,0.583229,-0.050602,-0.810729,0.351207,0.915659,0.195503,0.732459,-0.398757,0.551811,-0.000684,0.031877,-0.040789,-0.169075,-0.753553,-1.001841,0.230547
136,0.14537,-0.054256,0.261583,-0.558937,-0.014575,-0.82911,-0.351359,-0.901492,0.252649,-0.750428,0.432543,0.499792,-0.00137,0.064793,-0.080231,0.002607,-1.421253,-0.282535,0.375436,-0.177389,-0.045708,0.280063,0.580331,-0.72157,0.377549,0.558297,0.689916,0.46071,-0.593638,-0.055677,0.802719,0.062684,0.003845,-0.025008,0.214424,-0.581906,-0.495256,-0.648104,0.038235,0.031508,-0.015409,-0.537841,0.732425,0.417467,-0.555012,-0.680361,0.478611,0.634576,0.025717,0.772431,0.039337,0.001946,-0.013298,-0.183338,-1.164233,-1.469294,-0.837152,0.075886,0.022486,-0.072945,0.562391,0.002228,-0.826868,0.326422,0.918179,0.224488,0.759713,-0.396158,0.515649,0.007607,0.031587,-0.041199,-0.158572,-0.770272,-0.822574,0.278555
137,0.145747,-0.051775,0.258527,-0.520098,-0.064765,-0.851675,-0.325251,-0.906979,0.267531,-0.789136,0.416226,0.451717,0.01529,0.06484,-0.079933,0.252703,-2.051136,-0.339023,0.404699,-0.174519,-0.045708,0.279236,0.632728,-0.674816,0.379828,0.510508,0.732212,0.450756,-0.583084,-0.090457,0.807275,0.079661,-0.005,-0.015564,0.275465,-0.369315,-0.191842,-0.648164,0.039664,0.031509,-0.015829,-0.592194,0.686778,0.421474,-0.50905,-0.724317,0.465007,0.624638,0.060823,0.778541,0.039419,0.002996,-0.012022,0.397075,-0.53274,-0.726482,-0.837315,0.076074,0.023751,-0.074502,0.521653,0.049277,-0.851733,0.300454,0.923763,0.237461,0.798502,-0.379779,0.467078,-0.00051,0.033289,-0.038735,1.811344,-3.231237,0.773554,0.324439
138,0.145997,-0.049409,0.255749,-0.454757,-0.092295,-0.885846,-0.306111,-0.917826,0.252712,-0.835816,0.3862,0.390241,-0.000938,0.046864,-0.056803,-0.219585,-1.344376,-0.258585,0.439757,-0.171678,-0.04569,0.2787,0.672183,-0.63456,0.381438,0.469145,0.763507,0.443728,-0.573643,-0.118523,0.8104,0.063877,-0.001693,-0.009431,-0.133045,-0.310013,-0.343112,-0.649061,0.041114,0.031514,-0.016107,-0.633758,0.647096,0.423811,-0.469424,-0.757208,0.454175,0.614809,0.08889,0.78365,0.031953,-0.000665,-0.004517,-0.171209,-0.294699,-0.331511,-0.838458,0.076204,0.024936,-0.075908,0.454371,0.075098,-0.887641,0.280541,0.933673,0.222597,0.845484,-0.350161,0.403166,-0.000304,0.029372,-0.031885,0.181948,-1.274125,0.572626,0.37163
139,0.146009,-0.048425,0.254848,-0.427129,-0.114447,-0.896943,-0.2822,-0.925537,0.252421,-0.858517,0.361072,0.364147,0.000221,0.04343,-0.03507,0.61586,-3.001376,1.802986,0.466164,-0.170323,-0.045697,0.278539,0.691263,-0.613835,0.381253,0.447717,0.777862,0.440924,-0.568081,-0.133333,0.812015,0.063945,-9.4e-05,-0.007252,-0.021046,-0.408545,-0.377096,-0.64878,0.041744,0.031511,-0.016182,-0.651841,0.628317,0.424641,-0.449512,-0.7711,0.450935,0.610771,0.103057,0.785071,0.032001,-8e-06,-0.003451,-1.811357,-2.731227,-4.503373,-0.837315,0.076208,0.025403,-0.076372,0.429189,0.096775,-0.898015,0.257276,0.939956,0.224255,0.865797,-0.327285,0.378521,9.1e-05,0.021647,-0.017594,4.818557,-2.418983,-2.034332,0.403309
140,0.145775,-0.047207,0.254597,-0.373968,-0.140846,-0.916709,-0.242812,-0.939058,0.243276,-0.894648,0.313735,0.318123,0.001525,0.019766,0.006806,4.877721,-2.302521,-1.593971,0.499798,-0.167859,-0.04566,0.278402,0.723519,-0.573743,0.383837,0.407241,0.80363,0.433896,-0.558314,-0.156901,0.814574,0.064027,0.00306,-0.002909,-0.388021,-0.973228,-1.371126,-0.648442,0.042975,0.031531,-0.016257,-0.682426,0.592347,0.428274,-0.413509,-0.795994,0.442043,0.602747,0.124567,0.788148,0.02402,0.001298,-0.000929,0.448782,-0.407294,-0.160448,-0.837642,0.076091,0.026037,-0.076528,0.372863,0.119368,-0.920176,0.221946,0.951429,0.213356,0.90095,-0.283782,0.328259,-0.007264,0.016754,0.001237,-0.214707,-1.240544,0.247578,0.468952
141,0.145355,-0.04631,0.254834,-0.343514,-0.15306,-0.926615,-0.216479,-0.947156,0.236649,-0.913449,0.28207,0.293383,-0.014931,0.020492,0.007376,-0.010003,-0.406197,0.412684,0.504836,-0.165684,-0.045507,0.278404,0.75028,-0.536619,0.38615,0.370465,0.824917,0.42685,-0.548537,-0.176531,0.817195,0.064036,0.005486,0.000403,-0.166057,-0.287176,-0.299417,-0.649167,0.044087,0.031604,-0.016254,-0.714221,0.551573,0.430876,-0.373756,-0.821045,0.431497,0.591772,0.147141,0.792562,0.024028,0.002617,0.000928,-0.658632,-0.766292,-1.254682,-0.838132,0.07589,0.026497,-0.076389,0.340632,0.133467,-0.930674,0.189793,0.959733,0.2071,0.92084,-0.247181,0.301584,-0.007406,0.010575,0.00427,-0.056908,0.020117,-0.057617,0.491322
142,0.145,-0.04599,0.255024,-0.342851,-0.154951,-0.926547,-0.211748,-0.948172,0.236863,-0.914806,0.27759,0.293428,-0.015193,0.008326,0.013825,-0.016925,-0.187664,0.28951,0.511472,-0.164746,-0.045415,0.278462,0.761547,-0.521014,0.385463,0.356943,0.833488,0.42169,-0.541939,-0.182898,0.820191,0.048029,0.006087,0.003111,-0.087123,-0.345666,-0.348716,-0.649359,0.044562,0.031649,-0.016227,-0.725883,0.536428,0.430508,-0.360857,-0.829855,0.425584,0.585554,0.153573,0.795952,0.024017,0.002905,0.001316,-0.555115,-0.821811,-1.339473,-0.837642,0.075713,0.026665,-0.07629,0.340395,0.134738,-0.930578,0.184953,0.96075,0.20676,0.921912,-0.242494,0.302114,-0.007496,0.009994,0.003237,-0.049622,0.174399,-0.182926,0.499487
143,0.144231,-0.045729,0.255384,-0.360318,-0.1734,-0.916596,-0.202451,-0.944618,0.258228,-0.910167,0.27882,0.306402,-0.032187,0.005695,0.008565,-0.323563,1.614063,-2.356103,0.516731,-0.163097,-0.045193,0.278711,0.786682,-0.484899,0.382094,0.324434,0.851176,0.412523,-0.526247,-0.199954,0.826405,0.032971,-0.003691,0.015065,-1.591552,-2.741746,-4.803214,-0.648273,0.045393,0.031764,-0.016106,-0.747992,0.506707,0.428666,-0.333519,-0.845358,0.417293,0.573822,0.169164,0.801318,0.023998,0.004189,0.003107,0.134088,-0.065525,-0.130938,-0.836989,0.075342,0.026799,-0.076103,0.355279,0.151535,-0.922395,0.176463,0.958157,0.225378,0.917952,-0.24284,0.313673,-0.007893,0.002354,0.003764,-0.101714,0.395238,-0.567469,0.510427
144,0.143445,-0.045684,0.255659,-0.380829,-0.192451,-0.904421,-0.195908,-0.939106,0.282264,-0.9032,0.284911,0.321065,-0.016034,0.003157,0.004784,-0.00463,0.108758,-0.173617,0.517846,-0.161696,-0.044985,0.279096,0.806686,-0.451514,0.381293,0.29522,0.866692,0.402024,-0.512994,-0.211179,0.831928,0.031946,0.008901,0.008947,-0.089722,-1.124683,-1.587459,-0.64872,0.046094,0.031864,-0.015911,-0.771303,0.470706,0.4284,-0.301921,-0.86313,0.404781,0.560299,0.182866,0.807851,0.015922,0.004494,0.00471,-2.016352,-2.372375,-4.555956,-0.837315,0.074937,0.026823,-0.075963,0.377233,0.173428,-0.909734,0.169564,0.95277,0.251944,0.910462,-0.2493,0.330009,-0.016302,0.001638,0.00217,-0.010344,0.239622,-0.380936,0.514346
145,0.143091,-0.045687,0.255742,-0.390464,-0.204958,-0.897538,-0.186259,-0.93716,0.294976,-0.901114,0.282602,0.328873,-0.016483,-0.009775,0.009949,-0.356358,1.807228,-2.638612,0.519188,-0.161163,-0.044871,0.279341,0.815742,-0.436693,0.379282,0.280904,0.872199,0.400369,-0.50667,-0.219512,0.833645,0.015947,0.009065,0.011157,-1.966857,-2.339224,-4.621537,-0.647824,0.04659,0.031979,-0.015653,-0.789771,0.443268,0.423996,-0.277373,-0.874591,0.397684,0.547105,0.196475,0.813678,0.008463,-0.000734,0.010036,-0.077633,-0.023567,0.002495,-0.837315,0.074619,0.026829,-0.075904,0.391116,0.191326,-0.900234,0.157734,0.949744,0.270378,0.906723,-0.247747,0.341282,-0.008219,0.000421,0.000395,-0.010334,0.230918,-0.359902,0.514673
146,0.142658,-0.045674,0.255747,-0.400171,-0.214227,-0.891075,-0.176115,-0.936202,0.304108,-0.898882,0.278888,0.338024,-0.016609,-0.000164,-0.00098,0.003705,0.26738,-0.339902,0.519315,-0.1603,-0.044665,0.279894,0.83167,-0.409114,0.375422,0.25615,0.882439,0.39449,-0.49372,-0.231411,0.838184,0.016918,-0.002194,0.019044,-0.471969,-0.814377,-1.453106,-0.646687,0.046797,0.032031,-0.015512,-0.798938,0.428187,0.422317,-0.264116,-0.880674,0.39326,0.540314,0.20265,0.816696,0.015851,0.005013,0.005417,-1.834052,-2.414204,-4.666017,-0.836825,0.074543,0.02683,-0.075915,0.395942,0.195689,-0.897181,0.1499,0.950149,0.273396,0.905957,-0.242737,0.34687,-0.000136,-0.000768,-0.001318,-0.00506,0.141448,-0.178256,0.515326
147,0.142565,-0.045631,0.255611,-0.402518,-0.220282,-0.888538,-0.168495,-0.93621,0.308371,-0.899291,0.274108,0.340834,-9.8e-05,-0.000563,-0.000973,-0.003952,0.108675,-0.166532,0.519108,-0.159482,-0.044523,0.28045,0.844322,-0.385258,0.372409,0.235338,0.8909,0.38839,-0.482468,-0.239804,0.842367,0.0169,-0.002954,0.017884,0.184569,-0.286914,-0.23732,-0.64502,0.047206,0.032105,-0.01523,-0.812771,0.403847,0.419892,-0.242351,-0.889797,0.386685,0.529781,0.212525,0.821074,0.015905,0.0046,0.00456,0.250521,-0.453999,-0.713891,-0.834703,0.07449,0.026848,-0.07599,0.398032,0.202182,-0.894814,0.142351,0.949983,0.277969,0.906259,-0.238018,0.349343,-6.7e-05,-0.000401,-0.000691,-0.0018,-0.000685,-0.000207,0.515489
148,0.142586,-0.045358,0.255485,-0.403856,-0.217737,-0.888559,-0.167892,-0.937132,0.305888,-0.898802,0.272983,0.343019,0.00042,0.012703,-0.005576,0.035889,-0.013538,0.01811,0.517714,-0.158785,-0.044446,0.280925,0.855265,-0.362547,0.370232,0.214266,0.897854,0.384555,-0.472906,-0.249117,0.845082,0.015874,0.006382,0.007114,0.062831,0.014884,-0.158861,-0.641925,0.047555,0.032141,-0.014987,-0.825074,0.380846,0.417381,-0.221772,-0.8977,0.380724,0.519681,0.221562,0.82513,0.008451,-0.002594,0.007288,0.027246,-0.07738,-0.01438,-0.831927,0.0745,0.026978,-0.076055,0.399639,0.199679,-0.894659,0.141726,0.950791,0.275515,0.90565,-0.236903,0.351674,0.00025,0.006571,-0.002408,0.028674,-0.025159,0.011182,0.514673
149,0.142563,-0.045063,0.255414,-0.40339,-0.217371,-0.88886,-0.167428,-0.937447,0.305177,-0.899098,0.272191,0.342873,0.000934,0.025938,-0.010242,0.071355,-0.045613,0.058551,0.514802,-0.158452,-0.04447,0.28112,0.860498,-0.350965,0.369268,0.203483,0.901173,0.382644,-0.468147,-0.253688,0.846371,0.015886,0.004797,0.004822,0.01975,-0.028992,0.019349,-0.639468,0.047722,0.032131,-0.014886,-0.830754,0.369243,0.416541,-0.211077,-0.901394,0.378066,0.515066,0.226158,0.826776,0.008453,-0.002925,0.006805,-0.054506,-0.010201,0.037048,-0.830947,0.074487,0.027113,-0.076091,0.399145,0.199398,-0.894942,0.141324,0.951022,0.274923,0.90593,-0.236211,0.351416,-0.007808,0.007868,-0.000523,0.033467,-0.017561,0.010952,0.512877
150,0.142385,-0.04424,0.25532,-0.40245,-0.216735,-0.889441,-0.166063,-0.938172,0.303689,-0.899773,0.270188,0.342686,-0.014959,0.029638,-0.0046,0.070346,-0.031064,0.028895,0.512948,-0.157614,-0.044628,0.281401,0.872391,-0.324463,0.365581,0.181474,0.909334,0.374316,-0.45498,-0.259803,0.85168,0.016967,-0.009661,0.008159,0.217962,-0.10638,-0.301936,-0.634901,0.048128,0.032062,-0.014748,-0.843042,0.344057,0.413405,-0.189932,-0.90955,0.369652,0.503195,0.233113,0.832137,0.007964,0.000622,-0.000176,0.484591,-0.36375,-0.197314,-0.825232,0.074405,0.027528,-0.076142,0.39819,0.198696,-0.895524,0.139954,0.951668,0.273383,0.906563,-0.234191,0.351136,0.000731,0.01444,-0.002597,0.070964,-0.045681,0.058607,0.509611
151,0.142018,-0.042973,0.255298,-0.401178,-0.215952,-0.890206,-0.164014,-0.939178,0.301687,-0.900717,0.2673,0.34247,-0.014106,0.034192,0.003116,0.070867,-0.04719,0.052787,0.512669,-0.156744,-0.044956,0.281578,0.880959,-0.298035,0.367529,0.157851,0.917204,0.365723,-0.447201,-0.263803,0.854566,0.017014,-0.011383,0.00566,0.111204,-0.213095,-0.224608,-0.62562,0.048575,0.031894,-0.014658,-0.852435,0.317575,0.41533,-0.167014,-0.918165,0.359275,0.495439,0.236893,0.835716,0.01648,-0.005419,0.002143,0.067469,-0.419039,-0.52528,-0.8187,0.07422,0.028157,-0.07616,0.396958,0.197866,-0.896255,0.137886,0.952548,0.271365,0.90742,-0.231302,0.350838,-0.006939,0.02287,-0.00223,0.1022,0.047484,-0.095776,0.508631
152,0.141484,-0.041265,0.255279,-0.402562,-0.217907,-0.889104,-0.160018,-0.939553,0.302664,-0.900817,0.26438,0.34447,-0.013345,0.048261,-0.000352,0.102214,0.048707,-0.097487,0.504832,-0.155958,-0.045296,0.281712,0.882151,-0.284594,0.375243,0.144765,0.92193,0.359195,-0.449278,-0.26219,0.853973,0.017035,-0.011393,0.00562,-0.033608,-0.00631,0.010067,-0.608923,0.048974,0.031717,-0.014594,-0.853894,0.303587,0.422727,-0.154158,-0.923329,0.351706,0.49709,0.235153,0.835226,0.00852,-0.005742,0.002725,-0.048648,-0.003522,0.020599,-0.80531,0.073954,0.029007,-0.076166,0.398252,0.199845,-0.89524,0.133938,0.952847,0.272288,0.907444,-0.228347,0.352707,-0.006632,0.024348,0.000205,0.106681,-0.078967,0.093838,0.504059
153,0.141158,-0.040227,0.255289,-0.402784,-0.218552,-0.888845,-0.15774,-0.939977,0.302545,-0.901119,0.262334,0.345243,-0.013012,0.049822,0.002168,0.102463,0.047606,-0.095806,0.501218,-0.155622,-0.045452,0.281734,0.884664,-0.273873,0.377298,0.133363,0.923992,0.35831,-0.44786,-0.266328,0.853436,0.017072,-0.01269,0.003742,-0.036312,0.008973,-0.014291,-0.599867,0.049136,0.031646,-0.014581,-0.856589,0.29299,0.424748,-0.142904,-0.925662,0.350324,0.495815,0.239385,0.834781,0.008532,-0.006058,0.002265,-0.037936,-0.007273,0.01625,-0.797309,0.07379,0.029526,-0.076162,0.398418,0.200466,-0.895028,0.131665,0.953215,0.272109,0.907704,-0.226257,0.353383,-0.006439,0.025285,0.00173,0.102979,0.03103,-0.070999,0.497201
154,0.140502,-0.037925,0.255337,-0.407963,-0.228077,-0.884077,-0.145033,-0.939817,0.309323,-0.900918,0.254691,0.351436,-0.011973,0.06508,0.000492,0.138264,0.016555,-0.055375,0.497674,-0.155026,-0.045732,0.281669,0.888659,-0.261674,0.376568,0.121835,0.926296,0.356462,-0.443204,-0.270571,0.854532,0.016034,-0.002183,-0.005313,0.370615,-0.296507,-0.166966,-0.584851,0.049434,0.0315,-0.014613,-0.860137,0.282236,0.424859,-0.131519,-0.927513,0.349888,0.492814,0.245075,0.834908,0.008025,-0.001426,-0.003156,0.433955,-0.330296,-0.224221,-0.781307,0.073462,0.030671,-0.076138,0.403399,0.210364,-0.890514,0.118935,0.952903,0.278979,0.907261,-0.218453,0.35938,-0.005953,0.032716,0.000555,0.139054,0.011968,-0.048952,0.490996
155,0.139867,-0.035209,0.255536,-0.417765,-0.242406,-0.875646,-0.129725,-0.93797,0.32149,-0.898746,0.248197,0.361499,-0.027057,0.07096,0.009055,0.134386,0.127262,-0.225254,0.486626,-0.154546,-0.045955,0.281482,0.891531,-0.250434,0.377421,0.109865,0.927808,0.356422,-0.440551,-0.275987,0.854172,0.016085,-0.003695,-0.007523,0.000248,-0.000544,0.00448,-0.574127,0.049674,0.03139,-0.014704,-0.864125,0.269847,0.424817,-0.11973,-0.930094,0.347259,0.488827,0.249212,0.836027,0.008042,-0.001714,-0.003582,-0.016134,0.10451,-0.163113,-0.768243,0.07315,0.032026,-0.076043,0.412723,0.225152,-0.88259,0.103689,0.951055,0.291106,0.904935,-0.211661,0.369176,-0.005476,0.034962,0.004052,0.139871,-0.006783,-0.022095,0.478749
156,0.139517,-0.033754,0.255715,-0.422667,-0.247775,-0.871783,-0.12489,-0.936808,0.326747,-0.897132,0.247285,0.366102,-0.026555,0.073006,0.012107,0.137814,0.014378,-0.060801,0.485509,-0.154339,-0.046044,0.281344,0.892907,-0.244773,0.377881,0.103889,0.928547,0.356288,-0.439209,-0.278572,0.854024,0.016089,-0.003569,-0.007356,0.001589,-0.015637,0.028212,-0.569327,0.049778,0.031344,-0.014775,-0.865626,0.26424,0.425286,-0.113789,-0.930995,0.346842,0.487589,0.251843,0.835961,7.6e-05,-0.002854,-0.004142,-0.003859,0.014757,-0.026257,-0.763345,0.072975,0.032752,-0.075955,0.417539,0.230853,-0.878843,0.098842,0.94991,0.29648,0.903266,-0.210659,0.373807,-0.005214,0.036174,0.005895,0.136348,0.106656,-0.187026,0.474177
157,0.13868,-0.030829,0.256269,-0.429204,-0.255465,-0.866352,-0.116507,-0.935503,0.333515,-0.895147,0.244395,0.37284,-0.025828,0.075408,0.015289,0.137779,0.014049,-0.060954,0.484324,-0.153963,-0.046218,0.281021,0.894074,-0.238362,0.379217,0.097018,0.929476,0.355801,-0.438403,-0.281028,0.853633,0.000132,-0.005169,-0.0075,-0.014739,0.116411,-0.195125,-0.560775,0.049966,0.031259,-0.014934,-0.866931,0.258019,0.426445,-0.107169,-0.932065,0.346076,0.486769,0.254322,0.835688,0.008057,-0.001743,-0.003642,0.002541,-0.014643,0.030471,-0.754037,0.072557,0.034217,-0.075673,0.42381,0.23884,-0.873693,0.090513,0.94861,0.303225,0.901216,-0.207591,0.380412,-0.012859,0.03805,0.008222,0.134499,0.126904,-0.222669,0.469605
158,0.137693,-0.02804,0.25706,-0.431957,-0.25551,-0.86497,-0.111084,-0.936664,0.332102,-0.894509,0.239851,0.377296,-0.025527,0.065442,0.024641,0.116811,-0.055681,0.10521,0.474265,-0.153622,-0.046368,0.280757,0.895206,-0.231981,0.380503,0.090174,0.930338,0.35535,-0.437552,-0.283514,0.853247,0.000104,-0.00391,-0.005687,-0.012881,0.101677,-0.17043,-0.553695,0.050142,0.031178,-0.015075,-0.868151,0.251574,0.427811,-0.100286,-0.933145,0.345226,0.48606,0.256805,0.835341,5.5e-05,-0.001944,-0.002837,-0.012451,0.102061,-0.169516,-0.746036,0.072064,0.035617,-0.075279,0.42684,0.238879,-0.872206,0.084922,0.949631,0.301643,0.90033,-0.202823,0.385055,-0.020642,0.033668,0.013473,0.099123,0.037393,-0.075735,0.461767
159,0.136294,-0.025447,0.25811,-0.435866,-0.252847,-0.863791,-0.106686,-0.938453,0.328474,-0.893143,0.235633,0.383143,-0.040779,0.067564,0.026373,0.184665,0.23877,0.064757,0.461039,-0.153282,-0.046492,0.280528,0.898535,-0.221021,0.379178,0.078743,0.930985,0.356372,-0.4329,-0.290083,0.853413,8.7e-05,-0.003158,-0.004604,-0.000226,-0.000493,0.000268,-0.543443,0.050306,0.031118,-0.015186,-0.871891,0.240762,0.426426,-0.088867,-0.934124,0.345707,0.481569,0.263524,0.83585,4.9e-05,-0.001579,-0.002308,-0.000221,0.000788,0.000419,-0.737708,0.071386,0.036893,-0.074766,0.429925,0.236966,-0.871212,0.08065,0.951005,0.298469,0.899255,-0.198583,0.38975,-0.020395,0.033863,0.013344,0.267674,0.405933,0.17912,0.445601
160,0.135468,-0.024309,0.258686,-0.440016,-0.249787,-0.862576,-0.104605,-0.939746,0.325434,-0.891348,0.233731,0.388452,-0.040935,0.05583,0.033252,0.200328,0.278451,0.273602,0.45622,-0.153111,-0.046553,0.280435,0.898443,-0.220679,0.379595,0.078304,0.931068,0.356251,-0.433171,-0.290076,0.853277,9.3e-05,-0.003317,-0.004839,-0.014761,0.116404,-0.195127,-0.539036,0.050398,0.031088,-0.015233,-0.871791,0.240529,0.42676,-0.088571,-0.934195,0.345592,0.481802,0.263486,0.835727,0.008042,-0.000728,-0.002191,0.002676,-0.014062,0.029439,-0.732973,0.070942,0.037509,-0.074454,0.434399,0.234033,-0.869784,0.078294,0.952188,0.295307,0.897311,-0.19638,0.395306,-0.020472,0.027964,0.016726,0.239558,0.345462,0.318519,0.43711
161,0.133533,-0.022098,0.260247,-0.448846,-0.24869,-0.858333,-0.088944,-0.943301,0.319758,-0.888632,0.220169,0.40235,-0.039918,0.049051,0.047143,0.199238,0.477737,0.179853,0.430507,-0.152736,-0.046629,0.28027,0.900905,-0.209776,0.379941,0.066945,0.931994,0.356145,-0.429941,-0.295159,0.853167,0.016079,-0.001273,-0.004119,0.001585,-0.015636,0.028214,-0.528327,0.050579,0.031049,-0.015316,-0.874525,0.229564,0.427207,-0.077109,-0.935487,0.344845,0.47881,0.268634,0.835808,0.00805,-0.000801,-0.002311,-0.014605,0.10053,-0.168493,-0.723502,0.069989,0.038591,-0.073699,0.442858,0.233598,-0.865625,0.062593,0.955051,0.289754,0.894403,-0.182502,0.408331,-0.027547,0.031289,0.020918,0.334832,0.652201,0.32202,0.414576
162,0.131532,-0.020236,0.262432,-0.467216,-0.237206,-0.851756,-0.085179,-0.94679,0.310333,-0.879469,0.217833,0.423214,-0.054412,0.043941,0.062314,0.301196,0.818339,0.389834,0.362597,-0.152371,-0.046739,0.280076,0.901894,-0.20361,0.380948,0.06037,0.932568,0.355818,-0.428837,-0.297662,0.852853,9.3e-05,-0.003079,-0.004507,-4e-06,-3e-06,-8e-06,-0.517647,0.050768,0.030995,-0.015412,-0.875648,0.223442,0.428152,-0.070605,-0.936238,0.344198,0.47776,0.271167,0.835591,0.008065,-0.001192,-0.00289,-5.7e-05,0.000128,0.00526,-0.712235,0.068994,0.039522,-0.072615,0.460733,0.223645,-0.858898,0.058703,0.957933,0.280921,0.885595,-0.179849,0.428223,-0.027208,0.022147,0.031475,0.108889,0.495122,-0.081541,0.350076
163,0.130508,-0.019423,0.263708,-0.478853,-0.230122,-0.847224,-0.083333,-0.948768,0.304741,-0.873355,0.216808,0.436202,-0.054313,0.033743,0.071151,0.292336,1.008584,0.252814,0.314506,-0.1522,-0.046801,0.279962,0.90174,-0.20306,0.381606,0.05968,0.932701,0.355586,-0.429259,-0.297622,0.852655,0.00011,-0.003587,-0.005258,-0.0,-0.0,-0.0,-0.512886,0.050853,0.030964,-0.01547,-0.875473,0.22289,0.428795,-0.069943,-0.936384,0.343934,0.478177,0.271114,0.835369,6.2e-05,-0.001844,-0.002708,0.000177,0.000264,0.000514,-0.707009,0.068462,0.039947,-0.071951,0.473142,0.216586,-0.853947,0.056729,0.959806,0.274867,0.879157,-0.178495,0.441838,-0.027155,0.017052,0.03589,0.250912,0.948075,0.213921,0.292924
164,0.128246,-0.017821,0.26646,-0.506179,-0.209236,-0.836689,-0.0795,-0.954679,0.286774,-0.858147,0.21193,0.46765,-0.053383,0.035804,0.072561,0.382472,1.165722,0.398637,0.243006,-0.151843,-0.04696,0.27975,0.902574,-0.196481,0.383074,0.05256,0.933294,0.355153,-0.428431,-0.300176,0.852176,0.016168,-0.00328,-0.007112,0.000172,-0.000477,0.004548,-0.503228,0.051026,0.030887,-0.015571,-0.876432,0.216315,0.430202,-0.062874,-0.937177,0.343141,0.477403,0.273691,0.834972,7.1e-05,-0.002074,-0.003054,-0.001943,0.015138,-0.024162,-0.697865,0.067352,0.040737,-0.070599,0.500429,0.197059,-0.843052,0.052773,0.964998,0.256888,0.864167,-0.173045,0.472514,-0.034281,0.024114,0.032751,0.238344,0.797402,0.085758,0.168007
165,0.125831,-0.016162,0.268951,-0.529056,-0.18232,-0.828796,-0.074791,-0.962832,0.259483,-0.844647,0.199488,0.496792,-0.068253,0.046312,0.061142,0.53162,1.197084,0.424288,0.255703,-0.1515,-0.047241,0.279585,0.901128,-0.193978,0.387729,0.049223,0.934192,0.353266,-0.431867,-0.299014,0.85085,0.001257,-0.015434,0.001786,-0.038315,0.023943,-0.043638,-0.499037,0.051204,0.030744,-0.015658,-0.87481,0.213702,0.434786,-0.059667,-0.938147,0.341055,0.480778,0.272416,0.833451,0.000631,-0.007702,0.000908,-0.040244,0.019575,-0.04042,-0.69117,0.066126,0.041586,-0.069316,0.524557,0.170683,-0.83409,0.047897,0.972229,0.229073,0.850026,-0.160112,0.501815,-0.034198,0.023023,0.030422,0.501508,1.151548,0.399714,0.130777
166,0.124707,-0.01541,0.270118,-0.537645,-0.170522,-0.825776,-0.071995,-0.96648,0.246387,-0.839445,0.192127,0.508377,-0.053384,0.041542,0.05468,0.480028,1.044285,0.318319,0.285219,-0.151407,-0.047372,0.279509,0.900917,-0.193214,0.388598,0.0482,0.934309,0.353097,-0.432422,-0.299143,0.850522,0.000132,-0.004001,-0.005898,-0.001873,0.014714,-0.024706,-0.497708,0.05125,0.030679,-0.015695,-0.874598,0.212951,0.435578,-0.058694,-0.938277,0.340865,0.481281,0.272555,0.833115,6.2e-05,-0.00177,-0.002614,-0.000191,-0.000527,0.000659,-0.689374,0.065584,0.041952,-0.068746,0.533115,0.159218,-0.830925,0.045274,0.975356,0.21594,0.84483,-0.15274,0.512768,-0.027041,0.014828,0.030942,0.392039,0.335527,0.314001,0.146779
167,0.122892,-0.014242,0.272031,-0.547829,-0.150463,-0.822976,-0.068897,-0.97224,0.22355,-0.833088,0.179348,0.523283,-0.039999,0.030068,0.038802,0.335617,0.78061,0.296926,0.320676,-0.151329,-0.047649,0.279367,0.900062,-0.187903,0.393157,0.040636,0.934388,0.353838,-0.434975,-0.302269,0.848112,0.000147,-0.004451,-0.006575,-0.002266,0.015016,-0.024496,-0.49533,0.051289,0.030544,-0.015762,-0.873655,0.207603,0.44003,-0.051118,-0.938559,0.341311,0.483852,0.275695,0.830589,0.000622,-0.007356,0.001411,-0.029199,0.003292,-0.019999,-0.686925,0.064674,0.042548,-0.067772,0.543938,0.139506,-0.827447,0.042151,0.980295,0.192984,0.838065,-0.139849,0.527339,-0.020347,0.00913,0.023046,0.045921,0.191179,0.120372,0.205401
168,0.121585,-0.013469,0.273306,-0.551217,-0.136134,-0.823209,-0.070104,-0.975556,0.208205,-0.830747,0.172639,0.529228,-0.026798,0.018919,0.024029,0.243811,0.363828,0.49141,0.349268,-0.151356,-0.047852,0.279145,0.900939,-0.181807,0.394013,0.034116,0.934741,0.353594,-0.433714,-0.304902,0.847815,0.000142,-0.004339,-0.006424,-0.007164,0.009953,-0.036099,-0.493684,0.051275,0.030441,-0.015874,-0.874695,0.201524,0.440789,-0.044689,-0.939118,0.340674,0.482607,0.278288,0.830448,6.1e-05,-0.001733,-0.00257,-0.05929,-0.052971,-0.127796,-0.684639,0.064031,0.042932,-0.067138,0.547806,0.125617,-0.827119,0.043277,0.983084,0.177966,0.835484,-0.133286,0.533103,-0.01347,0.009275,0.011792,-0.022152,-0.041769,-0.005395,0.243774
169,0.120546,-0.012857,0.273933,-0.548466,-0.133755,-0.825433,-0.070889,-0.976132,0.205213,-0.832502,0.171227,0.526924,-0.028456,0.011423,0.013656,-0.001695,0.012806,-0.035565,0.383929,-0.15146,-0.047974,0.278981,0.900605,-0.180657,0.395304,0.032697,0.934982,0.353092,-0.434518,-0.304849,0.847422,8e-05,-0.00247,-0.003663,-0.0,0.0,0.0,-0.491745,0.051223,0.030377,-0.015961,-0.874334,0.200297,0.442063,-0.043249,-0.939395,0.340095,0.483392,0.278238,0.830009,-0.007994,-0.001708,-0.001365,-0.00201,0.015278,-0.029093,-0.683006,0.0635,0.043242,-0.066819,0.546312,0.12169,-0.828693,0.044106,0.983837,0.173548,0.836419,-0.131361,0.532115,-0.014288,0.00552,0.006587,-0.004721,0.00821,-0.042324,0.288679
170,0.120116,-0.012673,0.274085,-0.546561,-0.13209,-0.826963,-0.07124,-0.976568,0.203007,-0.833725,0.170027,0.525377,-0.014217,0.005714,0.006813,-0.0004,0.013415,-0.028129,0.398146,-0.151483,-0.048014,0.278944,0.900425,-0.180046,0.395994,0.031931,0.935102,0.352846,-0.43495,-0.304845,0.847202,2.9e-05,-0.000897,-0.001331,-0.0,0.0,0.0,-0.49027,0.051212,0.030353,-0.015985,-0.874133,0.199658,0.442749,-0.042486,-0.939536,0.339803,0.483823,0.278223,0.829763,1.3e-05,-0.000338,-0.000501,3.9e-05,5e-05,0.000119,-0.681536,0.063275,0.04334,-0.066735,0.544384,0.119963,-0.830213,0.044425,0.984209,0.171344,0.837658,-0.130159,0.530458,-0.014722,0.00361,0.003968,0.000242,-0.103403,0.124673,0.312356
171,0.119397,-0.012546,0.274195,-0.542448,-0.128238,-0.830271,-0.072382,-0.977471,0.198199,-0.836312,0.167763,0.521982,-0.015302,0.001093,0.000511,-0.000984,0.014714,-0.029552,0.421221,-0.151479,-0.048047,0.278968,0.900095,-0.178941,0.397243,0.030519,0.935299,0.352448,-0.435734,-0.304894,0.846782,-1.9e-05,0.000585,0.000867,-0.0,0.0,0.0,-0.485927,0.051214,0.030337,-0.015973,-0.873775,0.198527,0.443963,-0.041105,-0.939767,0.339334,0.484589,0.278253,0.829306,-1.7e-05,0.000525,0.000778,-0.012875,0.101467,-0.170493,-0.678434,0.062914,0.0434,-0.066685,0.540381,0.115941,-0.833393,0.045498,0.984985,0.166531,0.840188,-0.127908,0.526993,-0.015325,0.001019,0.000424,-0.002856,0.033029,-0.063645,0.351872
172,0.118705,-0.012512,0.274077,-0.537116,-0.126969,-0.833925,-0.067934,-0.978882,0.192731,-0.840121,0.160323,0.518189,-0.015403,0.009611,-0.011188,0.035077,-0.101539,0.124723,0.441285,-0.151364,-0.048071,0.279121,0.899863,-0.178174,0.39811,0.029445,0.935368,0.352355,-0.436286,-0.305131,0.846412,0.016016,0.002799,0.00182,0.002045,-0.015205,0.029245,-0.480037,0.051266,0.030325,-0.015895,-0.873519,0.197725,0.444823,-0.040022,-0.939869,0.339179,0.48514,0.278477,0.828908,0.000516,-0.004337,0.00588,-0.036443,0.009186,-0.018878,-0.674351,0.062568,0.043411,-0.066743,0.535163,0.114545,-0.836946,0.04093,0.986084,0.161128,0.843756,-0.120486,0.523028,-0.008021,-0.000988,-0.001831,-0.002327,0.018692,-0.033923,0.383224
173,0.118385,-0.012479,0.273962,-0.531813,-0.129175,-0.83698,-0.063158,-0.979496,0.191237,-0.843863,0.154718,0.513795,-0.015398,0.009645,-0.011154,0.014867,-0.184571,0.096129,0.451225,-0.151298,-0.048098,0.27922,0.899747,-0.177785,0.398546,0.028874,0.935383,0.352362,-0.436564,-0.305311,0.846204,-4.8e-05,0.001465,0.00217,-0.0,0.0,0.0,-0.476148,0.051305,0.030314,-0.015843,-0.873398,0.197344,0.44523,-0.039473,-0.939897,0.339166,0.485403,0.278653,0.828695,0.000524,-0.004606,0.005477,-0.036459,0.00918,-0.01889,-0.670922,0.062401,0.043428,-0.066809,0.529581,0.116595,-0.840207,0.036194,0.9865,0.159709,0.847486,-0.114989,0.518212,-0.007736,0.004656,-0.00579,0.024308,-0.164733,0.104134,0.398247
174,0.117799,-0.012428,0.273714,-0.523786,-0.128279,-0.842163,-0.054158,-0.98158,0.183136,-0.849495,0.141687,0.508242,-0.016173,-0.002423,-0.004334,0.006564,-0.098533,0.124719,0.463735,-0.151128,-0.048196,0.279364,0.899431,-0.176741,0.399722,0.02739,0.935459,0.352278,-0.437311,-0.305685,0.845683,0.001105,-0.010679,0.008787,-0.036459,0.009127,-0.018939,-0.467024,0.051389,0.030271,-0.015771,-0.873059,0.196286,0.446362,-0.038026,-0.94002,0.338993,0.486129,0.278987,0.828157,-8e-06,0.000177,0.000258,-9e-06,2.4e-05,2.3e-05,-0.663247,0.062114,0.043452,-0.066934,0.521783,0.115276,-0.845253,0.027007,0.988099,0.151429,0.85265,-0.10184,0.51246,-0.000463,-0.001928,-0.002622,0.02329,-0.161346,0.215565,0.422577
175,0.117197,-0.012443,0.273499,-0.518641,-0.12995,-0.845086,-0.044989,-0.982863,0.178684,-0.853182,0.130847,0.504962,-0.015626,0.00876,-0.012414,0.034941,-0.101757,0.124584,0.473822,-0.150904,-0.04826,0.279385,0.899209,-0.176047,0.400527,0.026433,0.935536,0.352147,-0.437827,-0.30585,0.845355,0.016123,-0.000358,-0.002871,0.000173,-0.000536,0.004513,-0.459126,0.051495,0.030238,-0.015752,-0.872815,0.195559,0.447157,-0.037051,-0.940118,0.338828,0.486641,0.279167,0.827795,1.4e-05,-0.00044,-0.000656,-1.2e-05,9e-06,1.6e-05,-0.654756,0.061812,0.043441,-0.067039,0.516656,0.116766,-0.848192,0.017798,0.988977,0.146988,0.856007,-0.091039,0.508883,-0.008107,-0.001277,-0.002258,-0.000322,-0.083771,0.109055,0.439723
176,0.116659,-0.012573,0.273253,-0.510906,-0.132435,-0.849401,-0.03059,-0.984633,0.171857,-0.858476,0.113944,0.500064,-0.016671,-0.004289,-0.006952,0.001103,-0.084347,0.108236,0.482008,-0.150743,-0.048321,0.279347,0.898953,-0.175242,0.401455,0.025387,0.935667,0.351876,-0.438417,-0.305913,0.845028,2.9e-05,-0.000841,-0.001247,-0.0,0.0,0.0,-0.453952,0.051582,0.030205,-0.015776,-0.872537,0.194736,0.448057,-0.036027,-0.940274,0.338505,0.487216,0.279216,0.82744,2.1e-05,-0.000628,-0.000934,-1.6e-05,7e-06,1e-05,-0.648715,0.061544,0.043382,-0.067163,0.508843,0.118917,-0.852605,0.003315,0.990134,0.140077,0.860852,-0.074104,0.503429,-0.008332,-0.002147,-0.003465,0.00281,-0.083728,0.107068,0.455562
177,0.116461,-0.012648,0.273103,-0.505112,-0.137244,-0.852098,-0.014681,-0.985763,0.167413,-0.862319,0.097236,0.49697,-0.016697,-0.004353,-0.007057,4.709239,-1.009372,-2.637687,0.482677,-0.150694,-0.048327,0.279331,0.898842,-0.174896,0.401854,0.024956,0.935737,0.35172,-0.438669,-0.305898,0.844902,1.1e-05,-0.000327,-0.000485,-0.0,0.0,0.0,-0.451962,0.051606,0.0302,-0.015787,-0.872417,0.19438,0.448445,-0.035607,-0.940353,0.338328,0.487461,0.279196,0.827303,6e-06,-0.000178,-0.000266,-2e-05,3e-06,1.2e-05,-0.646429,0.061445,0.043343,-0.067239,0.503783,0.120493,-0.855385,-0.006794,0.990745,0.135559,0.863803,-0.06248,0.499939,-0.000753,-0.003064,-0.004199,-0.001476,-0.094533,0.134921,0.460297
178,0.116158,-0.012787,0.272771,-0.498548,-0.144525,-0.854756,0.006351,-0.986584,0.163049,-0.866236,0.076032,0.493844,-0.000666,0.006186,-0.014945,0.16339,-0.140901,0.080391,0.479816,-0.150658,-0.048319,0.279337,0.898649,-0.174285,0.402551,0.024199,0.93586,0.351446,-0.439107,-0.305871,0.844684,-3.3e-05,0.000937,0.001389,0.0,0.0,0.0,-0.447996,0.051625,0.030202,-0.015787,-0.872209,0.193753,0.449122,-0.034869,-0.940494,0.338015,0.487888,0.27916,0.827064,-2e-05,0.000572,0.000846,0.001861,-0.014657,0.024736,-0.642673,0.061286,0.043267,-0.067406,0.496202,0.130503,-0.858342,-0.033562,0.990782,0.131237,0.867557,-0.036312,0.496008,-0.000654,-0.002661,-0.003659,0.42953,-0.197923,-0.085499,0.46095
