frame,MLTx,MLTy,MLTz,MLTR1,MLTR2,MLTR3,MLTR4,MLTR5,MLTR6,MLTR7,MLTR8,MLTR9,MLTTVx,MLTTVy,MLTTVz,MLTRVx,MLTRVy,MLTRVz,MLGA,MRTx,MRTy,MRTz,MRTR1,MRTR2,MRTR3,MRTR4,MRTR5,MRTR6,MRTR7,MRTR8,MRTR9,MRTTVx,MRTTVy,MRTTVz,MRTRVx,MRTRVy,MRTRVz,MRGA,SLTx,SLTy,SLTz,SLTR1,SLTR2,SLTR3,SLTR4,SLTR5,SLTR6,SLTR7,SLTR8,SLTR9,SLTTVx,SLTTVy,SLTTVz,SLTRVx,SLTRVy,SLTRVz,SLGA,SRTx,SRTy,SRTz,SRTR1,SRTR2,SRTR3,SRTR4,SRTR5,SRTR6,SRTR7,SRTR8,SRTR9,SRTTVx,SRTTVy,SRTTVz,SRTRVx,SRTRVy,SRTRVz,SRGA
369,0.149474,-0.066311,0.309955,-0.876825,-0.385292,-0.287706,0.385741,-0.920808,0.057346,-0.285924,-0.060225,0.956372,0.017669,-0.000614,0.022589,0.308037,0.613373,0.104433,-0.55092,-0.12767,-0.037958,0.302812,-0.238842,-0.763322,0.600238,0.970713,-0.202771,0.128586,0.023842,0.614321,0.788609,0.018345,-0.019639,0.039063,1.704992,1.485889,-1.902787,0.077579,0.062729,0.035062,-0.005048,0.322652,0.74561,0.58306,-0.946433,0.262328,0.188273,-0.012575,-0.612574,0.790312,0.0014,-0.010407,0.020017,0.332832,-0.50123,-0.560577,-0.105284,0.077094,0.016615,-0.04936,0.856289,0.426031,-0.292,-0.429648,0.901314,0.055085,0.286652,0.078289,0.954829,0.000676,-0.000136,0.011423,0.021648,0.018,-0.101289,-0.670327
370,0.149501,-0.066279,0.31038,-0.876911,-0.389627,-0.281536,0.38999,-0.919039,0.056984,-0.279852,-0.059348,0.958221,0.001394,-0.000155,0.022973,0.526907,0.048723,-1.481844,-0.540462,-0.127398,-0.03832,0.303595,-0.233207,-0.767809,0.59672,0.972049,-0.199884,0.12289,0.025196,0.609656,0.792179,0.018144,-0.017898,0.041194,0.164026,-0.287912,-0.379843,0.089475,0.062865,0.034878,-0.004661,0.315136,0.750251,0.581216,-0.948913,0.259349,0.179726,-0.015898,-0.608162,0.793653,0.009061,-0.00907,0.020436,0.27464,-0.503402,-0.270824,-0.090424,0.077114,0.016628,-0.049151,0.859674,0.42467,-0.283926,-0.428068,0.902174,0.053279,0.278776,0.075737,0.957364,0.000664,-0.000225,0.011286,0.079278,0.171217,0.132236,-0.660856
371,0.149571,-0.066247,0.311118,-0.880153,-0.391394,-0.268675,0.392386,-0.918306,0.052134,-0.266034,-0.059058,0.962167,0.001083,0.007999,0.010776,0.234495,0.37545,0.207557,-0.515774,-0.12701,-0.039015,0.30522,-0.221185,-0.77414,0.593108,0.974755,-0.193407,0.111264,0.028839,0.603709,0.796597,0.002698,-0.019491,0.041576,-0.047265,-0.071581,-0.083564,0.108721,0.063064,0.03454,-0.003861,0.302802,0.758035,0.577662,-0.952856,0.253095,0.167351,-0.019345,-0.601103,0.798937,0.008969,-0.008315,0.021333,-0.083497,-0.064816,-0.012985,-0.059889,0.077149,0.016648,-0.048776,0.859477,0.432347,-0.272715,-0.436189,0.898479,0.049723,0.266527,0.076219,0.960808,0.000551,-0.001037,0.010161,0.247682,0.469985,0.235873,-0.641914
372,0.14962,-0.066297,0.311779,-0.882314,-0.39356,-0.258218,0.394853,-0.917427,0.048893,-0.255039,-0.058337,0.965183,0.000811,-0.004416,0.017141,0.202087,0.336768,-0.006905,-0.50401,-0.126838,-0.039667,0.306878,-0.210564,-0.778915,0.590716,0.977024,-0.187081,0.101776,0.031485,0.599545,0.799636,0.002466,-0.017506,0.043922,-0.089703,0.051275,-0.206719,0.121001,0.063151,0.034206,-0.003018,0.292412,0.763368,0.575989,-0.956053,0.246828,0.158233,-0.02138,-0.596945,0.801996,0.001197,-0.008699,0.022026,-0.123537,0.005983,-0.008071,-0.039641,0.077175,0.016628,-0.048439,0.861979,0.434263,-0.261544,-0.438304,0.897652,0.045911,0.254714,0.075062,0.964097,0.000456,-0.001752,0.009183,0.391634,0.452993,-0.27844,-0.628851
373,0.149624,-0.06642,0.312357,-0.88419,-0.395057,-0.249365,0.397284,-0.916657,0.043329,-0.244597,-0.060273,0.967764,0.000649,-0.00561,0.01552,0.067534,0.170113,0.086966,-0.487368,-0.126745,-0.040341,0.3086,-0.20113,-0.784574,0.5865,0.978992,-0.180539,0.094412,0.032049,0.594146,0.803633,0.002465,-0.017501,0.04381,-0.056684,0.005497,-0.23405,0.133358,0.063196,0.033877,-0.002172,0.283264,0.769478,0.57242,-0.958802,0.240556,0.151097,-0.021433,-0.591638,0.805918,0.000512,-0.003419,0.017557,-0.0298,0.00496,-0.214986,-0.022985,0.077176,0.016566,-0.048151,0.864092,0.435763,-0.251903,-0.440662,0.896791,0.039759,0.24323,0.076649,0.966935,0.000277,-0.003075,0.007394,0.073327,0.196712,0.073017,-0.617911
374,0.149634,-0.06652,0.312621,-0.88387,-0.398594,-0.24483,0.401323,-0.915019,0.040643,-0.239122,-0.061844,0.969032,0.000545,-0.006376,0.014488,1.419409,-0.056435,-5.269419,-0.479738,-0.126712,-0.040662,0.309399,-0.196576,-0.787395,0.584258,0.979903,-0.177451,0.090742,0.032458,0.591336,0.805687,0.002487,-0.017692,0.043524,0.189802,-0.330568,-0.43546,0.135241,0.063213,0.03371,-0.001756,0.279792,0.7712,0.571809,-0.959838,0.237505,0.149335,-0.02064,-0.590627,0.80668,0.001219,-0.008896,0.021701,0.227904,-0.465275,-0.289084,-0.016127,0.077181,0.016519,-0.048024,0.866119,0.434215,-0.247573,-0.439342,0.897549,0.037187,0.238356,0.076561,0.968154,0.000252,-0.003267,0.007137,0.111242,0.241958,0.118241,-0.611216
375,0.149664,-0.066746,0.313113,-0.887909,-0.395035,-0.235819,0.398353,-0.91654,0.035243,-0.228953,-0.062162,0.971465,0.000521,-0.006556,0.014236,0.086631,0.202187,0.10155,-0.474946,-0.126655,-0.041338,0.310938,-0.187719,-0.79063,0.582801,0.981582,-0.171601,0.083568,0.034157,0.58874,0.807516,0.001362,-0.009254,0.032034,0.022831,-0.140122,-0.06487,0.143608,0.063243,0.033368,-0.000967,0.27001,0.776251,0.569673,-0.962587,0.231632,0.140613,-0.022803,-0.586328,0.809752,0.000668,-0.004733,0.015888,0.002488,-0.116881,-0.053535,-0.007146,0.077196,0.016398,-0.047771,0.867801,0.435985,-0.238405,-0.441729,0.896586,0.031735,0.227587,0.077771,0.970646,0.000245,-0.003328,0.007049,0.07902,0.191106,0.100319,-0.603214
376,0.149732,-0.067019,0.313679,-0.890423,-0.396021,-0.224412,0.400152,-0.915991,0.028491,-0.215732,-0.063944,0.97437,0.000605,-0.016345,0.024138,0.149146,0.378373,0.158551,-0.473444,-0.126555,-0.041902,0.312229,-0.181268,-0.79488,0.57905,0.982784,-0.16701,0.078593,0.034446,0.584319,0.810708,0.002929,-0.021506,0.038749,-0.086255,-0.033457,-0.025601,0.147116,0.063292,0.033094,-0.000337,0.263524,0.781018,0.566185,-0.964384,0.227147,0.135527,-0.022759,-0.581734,0.81306,0.000808,-0.005927,0.014416,-0.088713,0.016876,-0.011359,0.002978,0.07723,0.016266,-0.047499,0.869911,0.437447,-0.2278,-0.443776,0.895774,0.0255,0.215213,0.07891,0.973373,0.00026,-0.00321,0.007199,0.286677,0.538815,0.198257,-0.600765
377,0.149779,-0.067159,0.313975,-0.892311,-0.394356,-0.219795,0.39868,-0.916707,0.025978,-0.210619,-0.063964,0.975487,0.00056,-0.006251,0.014623,0.062749,0.162442,0.082587,-0.472091,-0.126522,-0.042139,0.312799,-0.177555,-0.797727,0.576279,0.983429,-0.164849,0.075004,0.035372,0.581042,0.81302,0.00169,-0.012076,0.028538,0.085847,-0.14258,-0.328691,0.147023,0.063308,0.032977,-5.8e-05,0.26065,0.783214,0.564479,-0.965163,0.225225,0.133168,-0.022836,-0.579524,0.814634,0.000874,-0.006493,0.01372,0.253452,-0.433099,-0.253679,0.004284,0.077253,0.016196,-0.047351,0.872271,0.435584,-0.222278,-0.442087,0.896693,0.022337,0.209046,0.078782,0.974726,0.000276,-0.00309,0.007358,0.085469,0.20334,0.109123,-0.599785
378,0.149939,-0.067373,0.314586,-0.89617,-0.391482,-0.208967,0.395584,-0.918119,0.023272,-0.19985,-0.061328,0.977919,0.000814,-0.004339,0.017147,0.031123,0.109678,0.057956,-0.471026,-0.126445,-0.042439,0.313708,-0.1753,-0.799181,0.574953,0.983866,-0.162628,0.074123,0.034469,0.579667,0.81404,0.000349,-0.001782,0.019357,-0.02389,-0.032667,0.02332,0.146917,0.063347,0.032816,0.000409,0.257678,0.785544,0.562602,-0.965976,0.222789,0.131354,-0.022157,-0.577307,0.816225,0.000232,-0.001524,0.008922,-0.046872,0.006355,0.009528,0.004938,0.077332,0.016085,-0.047051,0.876341,0.432859,-0.211324,-0.438982,0.898283,0.019553,0.198292,0.075632,0.97722,0.000378,-0.002327,0.008361,0.030344,0.112282,0.071666,-0.598316
379,0.150237,-0.06752,0.315217,-0.90019,-0.38857,-0.196763,0.391941,-0.919692,0.022821,-0.188707,-0.056099,0.980443,0.000934,-0.003405,0.018358,0.193834,0.386525,0.184249,-0.471392,-0.126297,-0.042568,0.314419,-0.173999,-0.800725,0.573198,0.984107,-0.16157,0.07323,0.034176,0.577828,0.815359,0.0005,-0.003093,0.017755,-0.03166,-0.010826,0.002804,0.147519,0.063421,0.032753,0.000766,0.256448,0.787102,0.560985,-0.966315,0.221773,0.130576,-0.021635,-0.575574,0.817462,0.000242,-0.001587,0.008831,-0.046042,0.006849,0.011055,0.005754,0.077482,0.01601,-0.046729,0.879943,0.430669,-0.200558,-0.435792,0.89982,0.020207,0.189168,0.069621,0.979473,0.008554,-0.002065,0.008776,0.336737,0.587392,0.267533,-0.598316
380,0.150666,-0.067572,0.315905,-0.900831,-0.39029,-0.190323,0.39405,-0.918878,0.018933,-0.18115,-0.057462,0.981789,0.017231,-0.003198,0.018741,0.062985,0.147079,0.109906,-0.470992,-0.126081,-0.042585,0.315058,-0.173336,-0.799973,0.574446,0.984194,-0.161432,0.072364,0.035045,0.578907,0.814556,0.000577,-0.003772,0.016915,-0.033298,-0.005556,0.004143,0.147423,0.063523,0.032746,0.00108,0.255845,0.786245,0.562459,-0.966453,0.221637,0.129788,-0.022617,-0.576796,0.816574,-0.000385,0.003182,0.003789,0.01148,-0.001674,0.018733,0.005917,0.077684,0.015985,-0.046391,0.880869,0.432166,-0.193136,-0.437654,0.899008,0.015559,0.180355,0.070822,0.981048,0.00054,0.00421,0.005547,0.150801,0.23111,0.118919,-0.597989
381,0.15093,-0.067582,0.316253,-0.902814,-0.387732,-0.186106,0.391706,-0.919935,0.016109,-0.176326,-0.05788,0.982643,0.017232,0.007399,0.009881,0.160852,0.240891,0.178278,-0.471091,-0.125974,-0.042589,0.315311,-0.173544,-0.800033,0.5743,0.984173,-0.161349,0.072833,0.034595,0.578847,0.814618,0.0161,-0.00328,0.015128,-0.03421,-0.008698,0.008889,0.146517,0.063577,0.032743,0.001212,0.256094,0.786306,0.562261,-0.966399,0.221558,0.130325,-0.022098,-0.576744,0.816625,0.000329,-0.002313,0.007939,-0.034734,-0.007526,0.006176,0.006081,0.077822,0.015976,-0.046214,0.882731,0.429936,-0.189574,-0.435547,0.900068,0.013194,0.176303,0.070922,0.981777,0.008661,-0.001134,0.009964,0.254558,0.459426,0.221785,-0.597826
382,0.151481,-0.067602,0.316947,-0.906726,-0.383345,-0.175902,0.387175,-0.921899,0.013023,-0.166025,-0.055827,0.984554,0.001093,0.008524,0.011178,0.313732,0.517446,0.267944,-0.471083,-0.125765,-0.042557,0.315749,-0.169472,-0.797288,0.579313,0.984682,-0.160765,0.067002,0.039909,0.582788,0.81156,-0.000591,0.004987,0.005923,0.0,0.0,-0.0,0.146456,0.063687,0.032758,0.001431,0.25217,0.783787,0.567526,-0.967281,0.221051,0.12451,-0.027863,-0.580356,0.813885,0.007344,0.003692,0.003199,-0.011915,0.0597,-0.117343,0.005917,0.078105,0.015969,-0.045855,0.886625,0.425981,-0.1801,-0.431285,0.902153,0.01062,0.167002,0.068258,0.98359,0.00054,0.004292,0.005619,0.278529,0.45778,0.259923,-0.597173
383,0.152112,-0.067667,0.31758,-0.909627,-0.379286,-0.169603,0.383336,-0.923549,0.009099,-0.158954,-0.056273,0.985695,0.016953,-0.004995,0.016256,0.062093,0.147807,0.110888,-0.470891,-0.1256,-0.042468,0.315989,-0.161372,-0.796303,0.582969,0.986032,-0.154135,0.062601,0.040192,0.58592,0.809288,-0.00037,0.003108,0.003686,0.001801,-0.013407,0.025444,0.143614,0.063764,0.032801,0.001557,0.244226,0.783297,0.571663,-0.9693,0.214481,0.120221,-0.028442,-0.583475,0.811632,-0.000158,0.001279,0.001516,-0.014823,0.089195,-0.172863,0.005427,0.078408,0.015945,-0.045545,0.890205,0.421689,-0.172373,-0.427193,0.904142,0.005666,0.158239,0.068593,0.985014,0.008432,-0.002768,0.007761,0.109916,0.241042,0.116176,-0.597173
384,0.152439,-0.067709,0.317798,-0.910637,-0.377757,-0.167585,0.381873,-0.924167,0.007815,-0.156693,-0.056416,0.986049,0.016832,-0.00591,0.015044,-0.003511,0.036277,0.060078,-0.470672,-0.125583,-0.042415,0.316016,-0.156182,-0.797165,0.583204,0.987,-0.147931,0.062312,0.03678,0.586347,0.80914,-0.000153,0.00128,0.001518,-0.012432,0.092535,-0.175594,0.143007,0.063778,0.032832,0.001574,0.239308,0.784506,0.572084,-0.97062,0.208489,0.120117,-0.025041,-0.584022,0.81135,-7.9e-05,0.000636,0.000753,-3.4e-05,-0.0006,0.000743,0.003631,0.078578,0.015921,-0.04543,0.891491,0.419971,-0.1699,-0.425525,0.904937,0.004088,0.155466,0.068652,0.985452,0.008343,0.001846,0.002444,0.008301,-0.012138,0.076291,-0.597662
385,0.153023,-0.067811,0.318092,-0.912629,-0.374711,-0.16354,0.378976,-0.925377,0.005084,-0.152103,-0.056879,0.98674,0.016509,-0.008473,0.011679,-0.004881,0.034108,0.059054,-0.470983,-0.125626,-0.042353,0.31595,-0.155969,-0.797115,0.58333,0.987024,-0.147892,0.062011,0.037018,0.586426,0.809073,-0.015195,-0.003138,-0.001363,-0.002045,0.015205,-0.029245,0.144411,0.063762,0.032864,0.001542,0.239009,0.784456,0.572278,-0.970687,0.208378,0.119765,-0.025299,-0.584128,0.811266,0.000107,-0.000889,-0.001053,0.000193,3.4e-05,0.000284,0.002978,0.07887,0.015872,-0.045281,0.893587,0.417079,-0.165967,-0.422726,0.906255,0.001429,0.151005,0.068882,0.986129,0.008154,0.000338,0.00047,0.014384,0.010936,0.050895,-0.597499
386,0.153468,-0.067878,0.318262,-0.913912,-0.373003,-0.160243,0.376892,-0.926221,0.006141,-0.149572,-0.054325,0.987271,0.0002,0.001637,0.002132,0.104569,0.179663,0.081518,-0.470873,-0.125741,-0.042287,0.315645,-0.156015,-0.797076,0.58337,0.986992,-0.148315,0.061508,0.037674,0.586371,0.809082,-0.000887,0.006417,-0.01374,0.036253,-0.006489,0.020366,0.141755,0.063699,0.032894,0.001395,0.239025,0.784411,0.572333,-0.970666,0.208763,0.119262,-0.025931,-0.584052,0.811301,0.000316,-0.002626,-0.003115,-0.001659,0.013464,-0.025242,0.003958,0.079098,0.015833,-0.045195,0.894695,0.415708,-0.163419,-0.420921,0.907092,0.002996,0.149482,0.066106,0.986551,0.008212,-0.004554,0.00541,0.128069,0.269445,0.11458,-0.597499
387,0.15379,-0.067946,0.318411,-0.915099,-0.370818,-0.158538,0.3748,-0.927079,0.0047,-0.147579,-0.054665,0.987552,0.016247,0.000134,0.000235,0.206922,0.244657,0.365378,-0.471323,-0.125763,-0.042139,0.314986,-0.156039,-0.796983,0.58349,0.986935,-0.149135,0.060425,0.03904,0.586289,0.809076,-0.000405,0.002355,-0.018591,0.034448,0.006948,-0.005062,0.141441,0.063688,0.032971,0.001069,0.239075,0.784317,0.572442,-0.970617,0.209603,0.118186,-0.02729,-0.583877,0.811382,-0.00016,0.000891,-0.009636,0.034538,0.006964,-0.004916,0.001835,0.079259,0.0158,-0.045119,0.895739,0.413831,-0.162459,-0.419098,0.907938,0.002031,0.148344,0.066267,0.986712,0.008115,1.8e-05,4.9e-05,0.304822,0.399312,0.38587,-0.597662
388,0.153877,-0.06799,0.31849,-0.9153,-0.370191,-0.158837,0.37417,-0.927333,0.004781,-0.147923,-0.054603,0.987504,9.6e-05,0.000799,0.00104,0.002916,0.005039,0.002283,-0.471065,-0.125761,-0.042079,0.314527,-0.155875,-0.796896,0.583654,0.986927,-0.149506,0.059644,0.039908,0.586314,0.809016,-0.000118,-5.9e-05,-0.021494,0.034447,0.006953,-0.00506,0.13981,0.063688,0.033003,0.000841,0.238916,0.784238,0.572615,-0.970631,0.209976,0.117405,-0.028162,-0.583849,0.811373,1.1e-05,-0.000528,-0.011339,0.032703,0.020433,-0.030321,0.001019,0.079303,0.015777,-0.045081,0.896439,0.412723,-0.161415,-0.418024,0.908434,0.001231,0.147143,0.066372,0.986885,4.1e-05,0.000365,0.00047,-0.009537,-0.014948,-0.001193,-0.597662
389,0.153927,-0.068095,0.318592,-0.913607,-0.374026,-0.159597,0.378092,-0.92574,0.004823,-0.14841,-0.055477,0.987382,0.0,1e-06,1e-06,1e-06,1e-06,0.0,-0.471661,-0.125778,-0.041985,0.313335,-0.155628,-0.796705,0.58398,0.986878,-0.150547,0.057808,0.042038,0.586306,0.808914,-0.000973,0.006075,-0.035709,0.068892,0.013927,-0.010108,0.135516,0.06368,0.033045,0.000264,0.238691,0.784069,0.572941,-0.970625,0.210983,0.115638,-0.030213,-0.583713,0.811397,0.000256,-0.002551,-0.01381,0.045223,-0.072946,0.144765,-0.0029,0.079333,0.015724,-0.045031,0.894467,0.416629,-0.162317,-0.422015,0.906587,0.001429,0.147751,0.067222,0.986737,2.5e-05,-0.005153,0.004603,-0.035832,0.011082,-0.019989,-0.597826
390,0.15389,-0.068183,0.318664,-0.914795,-0.371849,-0.157867,0.376014,-0.926592,0.003316,-0.146371,-0.055871,0.987664,-0.016273,-0.000328,-0.000485,-0.001769,0.027226,-0.055505,-0.471892,-0.12578,-0.041923,0.312002,-0.155471,-0.796518,0.584277,0.986803,-0.151756,0.055895,0.044324,0.586249,0.808833,-0.000825,0.004827,-0.03735,0.068889,0.013951,-0.010095,0.130815,0.063679,0.033076,-0.000434,0.238526,0.783882,0.573266,-0.970588,0.212241,0.113628,-0.032599,-0.583509,0.811451,-0.000381,0.002299,-0.018812,0.06891,0.013958,-0.010012,-0.009269,0.079315,0.015682,-0.044992,0.895821,0.414377,-0.160608,-0.419849,0.907593,-0.000145,0.145707,0.067561,0.987018,-2e-06,-1.1e-05,-1.6e-05,-0.003111,-0.005166,-0.001309,-0.597826
391,0.153854,-0.068232,0.318701,-0.915034,-0.371115,-0.158217,0.375289,-0.926887,0.003324,-0.146742,-0.055882,0.987608,-3.7e-05,-0.000305,-0.000396,1e-06,2e-06,1e-06,-0.473152,-0.125774,-0.041906,0.311275,-0.155251,-0.796397,0.5845,0.986783,-0.152282,0.054812,0.045534,0.586277,0.808746,-0.000753,0.004219,-0.038168,0.068887,0.013964,-0.010088,0.129938,0.063682,0.033085,-0.000773,0.238343,0.783782,0.573478,-0.970594,0.212746,0.112624,-0.033733,-0.583458,0.811442,-0.000296,0.001602,-0.019695,0.067068,0.02759,-0.035334,-0.010902,0.079291,0.015659,-0.04498,0.896069,0.413693,-0.160987,-0.41918,0.907902,-0.000133,0.146105,0.067602,0.986956,-2.9e-05,-0.000238,-0.000306,0.005871,-0.085697,0.178942,-0.598316
392,0.153782,-0.068277,0.318761,-0.916057,-0.369421,-0.156248,0.373684,-0.927539,0.001819,-0.144456,-0.056269,0.987924,2.2e-05,0.000179,0.000233,0.000411,0.000719,0.000325,-0.473568,-0.125778,-0.041924,0.309886,-0.155452,-0.794615,0.586868,0.986703,-0.152889,0.054547,0.04656,0.588534,0.807046,0.000657,-0.006603,-0.029832,0.032321,0.021078,-0.030094,0.12643,0.06368,0.033074,-0.00147,0.23863,0.781936,0.575873,-0.97048,0.213369,0.112428,-0.034962,-0.585703,0.80977,0.00033,-0.00314,-0.014713,0.038364,0.013757,-0.033441,-0.014167,0.079255,0.015632,-0.044948,0.897186,0.412069,-0.15892,-0.417616,0.908621,-0.001669,0.143711,0.067865,0.987289,1.3e-05,0.000117,0.000154,-0.005461,-0.008853,-0.001349,-0.598969
393,0.153758,-0.068322,0.318804,-0.916429,-0.36826,-0.156806,0.372551,-0.927995,0.001742,-0.145014,-0.056371,0.987836,-3.4e-05,-0.000284,-0.00037,0.0,0.0,0.0,-0.473748,-0.125767,-0.041965,0.308608,-0.155695,-0.792848,0.589189,0.986628,-0.153397,0.054494,0.047352,0.590783,0.805355,0.000578,-0.005942,-0.029174,0.000834,0.065329,-0.003707,0.126962,0.063685,0.033057,-0.002113,0.238937,0.780072,0.578269,-0.97037,0.213846,0.112477,-0.035921,-0.58801,0.808055,0.000273,-0.002663,-0.014205,0.002441,0.066207,-0.000664,-0.017107,0.079243,0.015611,-0.044925,0.89754,0.411073,-0.159498,-0.416648,0.909065,-0.001667,0.144309,0.067951,0.987196,-2.9e-05,-0.00023,-0.000297,-2.9e-05,-0.000185,-0.00053,-0.599459
394,0.153746,-0.068329,0.318812,-0.916582,-0.36778,-0.157039,0.372089,-0.92818,0.001672,-0.145232,-0.056449,0.9878,-1e-06,-4e-06,-5e-06,0.0,0.0,0.0,-0.474986,-0.125746,-0.042059,0.30803,-0.155031,-0.792685,0.589583,0.986697,-0.153284,0.053559,0.048095,0.59103,0.80513,0.000683,-0.006828,-0.030348,0.030207,0.035279,-0.055084,0.127647,0.063696,0.033009,-0.00241,0.238257,0.78001,0.578633,-0.970504,0.213795,0.111411,-0.036807,-0.588111,0.807942,0.000317,-0.00304,-0.014709,0.039525,0.012405,-0.034108,-0.016453,0.079237,0.015606,-0.044922,0.897758,0.410481,-0.159794,-0.416083,0.909324,-0.001764,0.14458,0.068071,0.987148,-1e-06,-2e-06,-1e-06,0.0063,-0.084915,0.17933,-0.599622
395,0.153738,-0.068304,0.318861,-0.916933,-0.366672,-0.157579,0.371028,-0.928605,0.001476,-0.145727,-0.056664,0.987715,7.9e-05,0.000651,0.000847,0.0,0.0,0.0,-0.47614,-0.125717,-0.042424,0.306937,-0.154419,-0.790831,0.592227,0.986799,-0.152532,0.053811,0.047955,0.593704,0.803168,0.001991,-0.016796,-0.020956,-0.07495,0.128134,0.009714,0.129201,0.063711,0.032822,-0.002972,0.237582,0.778219,0.581316,-0.970664,0.212968,0.111602,-0.036951,-0.590778,0.805987,0.001013,-0.008399,-0.01048,-0.075773,0.129695,0.010935,-0.014984,0.079233,0.015618,-0.044898,0.898155,0.409402,-0.16033,-0.415057,0.909793,-0.001964,0.145063,0.06831,0.98706,4.8e-05,0.000406,0.00053,7.5e-05,5e-06,-0.000282,-0.600438
396,0.153716,-0.068297,0.318904,-0.9173,-0.365508,-0.158144,0.369909,-0.929052,0.001294,-0.146253,-0.056864,0.987625,6.5e-05,0.000538,0.000699,0.0,0.0,0.0,-0.476624,-0.125671,-0.042913,0.306078,-0.151305,-0.789536,0.594754,0.987164,-0.151315,0.050455,0.050332,0.595737,0.801516,0.001704,-0.014382,-0.018073,-0.003709,0.027594,-0.050462,0.128323,0.063733,0.032586,-0.00339,0.234654,0.77713,0.583956,-0.971271,0.21192,0.108266,-0.039615,-0.592585,0.804532,0.00085,-0.007051,-0.00886,-0.00304,0.024969,-0.050836,-0.014494,0.079222,0.015622,-0.044876,0.898574,0.408262,-0.16089,-0.413969,0.910287,-0.00215,0.145579,0.068535,0.986969,3.9e-05,0.000328,0.000428,4.1e-05,-7e-06,-0.000196,-0.601092
397,0.153647,-0.068275,0.31895,-0.917569,-0.364653,-0.158557,0.36909,-0.929378,0.001148,-0.146634,-0.057022,0.98756,0.000117,0.000962,0.001251,0.0,0.0,0.0,-0.478143,-0.125593,-0.043459,0.305505,-0.149491,-0.789236,0.595609,0.987449,-0.149717,0.049643,0.050163,0.596538,0.800931,0.001493,-0.012604,-0.015931,-0.003695,0.027567,-0.050478,0.122544,0.063773,0.032303,-0.00369,0.232799,0.776949,0.584939,-0.97172,0.210279,0.107428,-0.039535,-0.593407,0.80393,0.000745,-0.006203,-0.007841,-0.003783,0.027503,-0.050581,-0.018413,0.079187,0.015632,-0.044854,0.89888,0.407425,-0.1613,-0.413172,0.910649,-0.002299,0.145951,0.068711,0.986902,7.2e-05,0.000613,0.000797,2.8e-05,-5e-06,-0.000137,-0.601582
398,0.153612,-0.068265,0.31898,-0.917684,-0.364288,-0.158732,0.368737,-0.929518,0.0011,-0.146801,-0.057075,0.987532,0.000169,0.00139,0.001806,0.000899,-0.012299,0.026048,-0.47814,-0.125549,-0.043723,0.305268,-0.147479,-0.790591,0.594312,0.987699,-0.148816,0.047326,0.051195,0.594966,0.802034,0.002661,-0.021373,-0.004876,-0.029587,0.008348,-0.05275,0.120794,0.063794,0.032177,-0.003809,0.230733,0.778594,0.583568,-0.972171,0.209467,0.10491,-0.040555,-0.591535,0.805257,0.000661,-0.005501,-0.006973,-0.013475,0.037329,-0.047964,-0.020862,0.07917,0.015636,-0.04484,0.899005,0.407086,-0.161464,-0.412847,0.910797,-0.002344,0.146107,0.068768,0.986875,2.1e-05,0.000173,0.000227,2.4e-05,2e-06,-0.000107,-0.602071
399,0.153506,-0.068246,0.319021,-0.917846,-0.363773,-0.158976,0.368242,-0.929714,0.001022,-0.14703,-0.057158,0.987493,1.6e-05,0.000134,0.000174,0.0,0.0,0.0,-0.477797,-0.125492,-0.044185,0.304999,-0.146225,-0.79041,0.594864,0.98791,-0.147489,0.047061,0.050704,0.595538,0.80164,0.002108,-0.016705,0.001012,-0.038129,0.020521,-0.045469,0.115079,0.063823,0.031941,-0.00395,0.229592,0.778334,0.584365,-0.972464,0.208119,0.104873,-0.039991,-0.592352,0.804685,0.000317,-0.002633,-0.003351,-0.002386,0.014429,-0.024925,-0.027557,0.079117,0.015649,-0.044816,0.899196,0.406563,-0.161716,-0.412347,0.911023,-0.002428,0.14634,0.068867,0.986834,3e-06,3.5e-05,4.6e-05,2.9e-05,2e-06,-6.8e-05,-0.601745
400,0.153411,-0.068241,0.319062,-0.918044,-0.36314,-0.159277,0.36763,-0.929956,0.000946,-0.14732,-0.057242,0.987445,0.000113,0.000924,0.0012,0.0,0.0,0.0,-0.477462,-0.125437,-0.044529,0.305076,-0.143216,-0.793321,0.591712,0.98827,-0.146205,0.043371,0.052266,0.591971,0.804178,0.001492,-0.0115,0.00763,-0.022176,-0.01351,-0.032295,0.105052,0.063852,0.031766,-0.003915,0.226437,0.781643,0.58117,-0.973147,0.206879,0.100918,-0.04135,-0.588416,0.807499,2.7e-05,-0.000234,-0.000299,-0.009373,0.008117,0.000576,-0.038171,0.079069,0.015649,-0.044799,0.899423,0.405941,-0.162014,-0.411749,0.911293,-0.002506,0.146625,0.068964,0.986784,6.3e-05,0.000521,0.000677,0.000924,-0.012293,0.025994,-0.601745
401,0.153318,-0.068225,0.319116,-0.918134,-0.362857,-0.159407,0.367352,-0.930066,0.00094,-0.147456,-0.057251,0.987424,8.4e-05,0.000688,0.000893,0.0,0.0,0.0,-0.476805,-0.12527,-0.044803,0.305491,-0.139285,-0.797751,0.586672,0.988705,-0.144707,0.038158,0.054612,0.586355,0.808127,0.016574,-0.005423,0.012799,0.236519,-0.397819,-0.222276,0.10423,0.063936,0.031626,-0.003702,0.223243,0.785321,0.577436,-0.973837,0.205481,0.097039,-0.042445,-0.583992,0.810647,0.008251,-0.002461,0.006713,0.354374,-0.545601,-0.292046,-0.044866,0.079022,0.015658,-0.04477,0.899525,0.405664,-0.162143,-0.411479,0.911415,-0.002513,0.146761,0.068979,0.986763,4.2e-05,0.000353,0.000461,7e-06,0.0,-3.4e-05,-0.601255
402,0.153272,-0.068208,0.319153,-0.918207,-0.362623,-0.159517,0.367124,-0.930156,0.000918,-0.147564,-0.057275,0.987406,0.000181,0.001478,0.001919,0.000899,-0.012295,0.02605,-0.477005,-0.125182,-0.044924,0.305777,-0.13686,-0.800706,0.583207,0.988949,-0.143908,0.034695,0.056302,0.582508,0.810788,0.000831,-0.00593,0.014711,0.299951,-0.488138,-0.280289,0.105088,0.063979,0.031569,-0.003564,0.221122,0.788016,0.574573,-0.974275,0.20477,0.094107,-0.043497,-0.580601,0.813024,0.000421,-0.003056,0.00724,-0.038198,-0.009558,-0.00301,-0.045193,0.078999,0.015664,-0.044754,0.899602,0.405452,-0.162243,-0.411274,0.911507,-0.002532,0.14686,0.069005,0.986746,2.6e-05,0.000226,0.000294,-8e-06,-7e-06,-2.4e-05,-0.600928
403,0.153215,-0.06822,0.319241,-0.918426,-0.361925,-0.159843,0.366435,-0.930428,0.000933,-0.147915,-0.057272,0.987354,0.000146,0.001188,0.001542,0.0,0.0,0.0,-0.476261,-0.124946,-0.045175,0.306408,-0.132633,-0.805036,0.578201,0.989405,-0.141897,0.029593,0.05837,0.577004,0.814569,0.000764,-0.005375,0.015401,0.112933,-0.208628,-0.147444,0.114594,0.064097,0.031446,-0.003244,0.216101,0.793673,0.568667,-0.975301,0.202725,0.087688,-0.045688,-0.573572,0.817879,0.000301,-0.002092,0.008451,0.171803,-0.299509,-0.1633,-0.040784,0.078971,0.01566,-0.044709,0.89986,0.404747,-0.162576,-0.410582,0.91182,-0.002524,0.147219,0.069022,0.986692,-0.007987,0.001051,0.001331,0.006124,-0.082382,0.176285,-0.600765
404,0.153184,-0.068226,0.319333,-0.918543,-0.361553,-0.160012,0.366056,-0.930577,0.001013,-0.148124,-0.0572,0.987327,0.000226,-0.008858,0.011084,-0.035701,0.01159,-0.019041,-0.475925,-0.124572,-0.045301,0.30709,-0.131579,-0.808934,0.572979,0.989605,-0.14065,0.028883,0.057372,0.571832,0.818279,0.000624,-0.004234,0.016822,-0.028624,-0.004448,-0.026808,0.11676,0.064284,0.031384,-0.002902,0.214654,0.79803,0.56309,-0.975683,0.201365,0.086555,-0.044314,-0.567978,0.821849,0.008011,-0.000534,0.009128,-0.047106,-0.010664,0.066472,-0.033109,0.078956,0.015657,-0.044662,0.899994,0.404381,-0.162743,-0.410212,0.911986,-0.002445,0.147431,0.06896,0.986665,0.000117,-0.004385,0.005599,-0.035692,0.011593,-0.01904,-0.600439
405,0.153186,-0.068226,0.319368,-0.918632,-0.361266,-0.160148,0.365774,-0.930688,0.001006,-0.148266,-0.057211,0.987305,7.3e-05,0.000595,0.000772,0.0,0.0,0.0,-0.475707,-0.124349,-0.045362,0.307444,-0.1306,-0.812768,0.567754,0.989753,-0.139848,0.027675,0.057052,0.566564,0.821958,0.017535,-0.012527,0.025934,0.155893,-0.340216,-0.176768,0.119081,0.064389,0.031357,-0.002728,0.214393,0.80089,0.559115,-0.975809,0.200699,0.086689,-0.042785,-0.564176,0.824544,0.000282,-0.001965,0.00859,0.356391,-0.541531,-0.292085,-0.03066,0.078957,0.015659,-0.044643,0.900097,0.404099,-0.162878,-0.409936,0.91211,-0.002453,0.147572,0.068977,0.986642,4.2e-05,0.00034,0.000441,4e-06,3e-06,4e-06,-0.600112
406,0.153202,-0.068232,0.319444,-0.918812,-0.360685,-0.160422,0.3652,-0.930914,0.001018,-0.148561,-0.057209,0.987261,3.8e-05,0.000313,0.000406,0.0,0.0,0.0,-0.474619,-0.123978,-0.045465,0.308085,-0.132516,-0.816906,0.561334,0.989833,-0.138155,0.032822,0.050887,0.560996,0.826171,0.016091,-0.001603,0.017537,-0.521404,-0.591846,0.387093,0.121379,0.064575,0.031301,-0.002404,0.21498,0.805655,0.551998,-0.975903,0.198829,0.089878,-0.037343,-0.55802,0.828986,0.000252,-0.001786,0.008792,-1.708395,-1.843304,1.20905,-0.025761,0.078965,0.015656,-0.044604,0.900304,0.403525,-0.16315,-0.409373,0.912363,-0.002443,0.147866,0.068989,0.986597,1.9e-05,0.000155,0.000201,7e-06,9e-06,5e-06,-0.599785
407,0.153205,-0.068236,0.319507,-0.918945,-0.360259,-0.160622,0.364777,-0.931079,0.001035,-0.148779,-0.057199,0.987229,0.000108,0.000884,0.001145,0.0,0.0,0.0,-0.47402,-0.123576,-0.045443,0.30871,-0.127935,-0.82149,0.555678,0.991044,-0.126896,0.04078,0.037155,0.556943,0.829637,0.016023,-0.001166,0.018048,-1.694777,-1.87294,1.239462,0.119027,0.064776,0.031313,-0.002092,0.209563,0.809748,0.548079,-0.977486,0.187567,0.096632,-0.024554,-0.55599,0.830825,0.007996,-0.000545,0.009068,-0.030285,-0.019578,0.03372,-0.025924,0.078966,0.015652,-0.044575,0.900457,0.403105,-0.163348,-0.408958,0.912549,-0.002427,0.148085,0.068988,0.986565,6.7e-05,0.000555,0.00072,2.5e-05,-0.0,1e-06,-0.599132
408,0.153207,-0.068241,0.319535,-0.919028,-0.359991,-0.160748,0.364513,-0.931182,0.001032,-0.148912,-0.057205,0.987208,8e-05,0.000652,0.000845,0.0,0.0,0.0,-0.473353,-0.123412,-0.045423,0.309006,-0.125607,-0.823416,0.553354,0.991541,-0.121857,0.04395,0.03138,0.555221,0.831028,0.014626,0.009307,0.009101,-0.135314,-0.289004,0.334835,0.118802,0.064859,0.031319,-0.00194,0.208306,0.812595,0.544332,-0.977922,0.18248,0.101821,-0.016591,-0.553524,0.832667,0.000237,-0.001651,0.008948,-0.590562,-0.62162,0.395665,-0.027067,0.078967,0.01565,-0.044561,0.900552,0.40284,-0.163474,-0.4087,0.912665,-0.002431,0.148217,0.069001,0.986544,7.7e-05,-0.004708,0.005177,-0.03568,0.011582,-0.019043,-0.598642
409,0.153198,-0.068229,0.319584,-0.9192,-0.359429,-0.161017,0.36397,-0.931395,0.00097,-0.149173,-0.057274,0.987165,0.000101,0.000825,0.001069,0.006217,-0.084721,0.179838,-0.472163,-0.123139,-0.045325,0.309511,-0.124827,-0.827905,0.546794,0.991829,-0.117836,0.048218,0.024651,0.549378,0.835129,0.01472,0.008432,0.007976,-0.027871,-0.17301,0.261606,0.115512,0.064995,0.03137,-0.001685,0.20747,0.817257,0.537629,-0.978197,0.178486,0.106166,-0.009194,-0.547934,0.83647,0.000312,-0.002238,0.008203,-0.201836,-0.177695,0.125324,-0.028864,0.078963,0.015656,-0.044536,0.900752,0.402286,-0.16374,-0.408167,0.912903,-0.002495,0.148476,0.069081,0.986499,5.1e-05,0.000432,0.000559,0.006233,-0.084722,0.179833,-0.597826
410,0.153199,-0.068241,0.319619,-0.919437,-0.358657,-0.161387,0.363222,-0.931687,0.00089,-0.149535,-0.057361,0.987105,2e-06,1.7e-05,2.2e-05,0.0,0.0,0.0,-0.470719,-0.122854,-0.045235,0.309922,-0.117792,-0.832138,0.541906,0.99285,-0.107992,0.050194,0.016884,0.544982,0.838196,0.014873,0.00711,0.006304,0.010075,-0.037558,0.049481,0.109836,0.065137,0.031416,-0.001478,0.200512,0.822023,0.532984,-0.97969,0.168838,0.108167,-0.001072,-0.543848,0.839182,0.000418,-0.003074,0.007153,-0.044105,0.006496,0.007855,-0.036865,0.078963,0.015651,-0.044517,0.901025,0.401524,-0.164107,-0.407433,0.913231,-0.002578,0.148833,0.069185,0.986438,-4e-06,-1.7e-05,-2.3e-05,3.2e-05,3e-06,-1e-05,-0.597009
411,0.153211,-0.068249,0.319625,-0.919636,-0.358003,-0.161703,0.362594,-0.931932,0.000783,-0.14983,-0.057474,0.987054,0.0,0.0,0.0,0.0,0.0,0.0,-0.469319,-0.122663,-0.045153,0.310238,-0.112516,-0.838106,0.533769,0.993491,-0.103099,0.047756,0.01513,0.536715,0.843547,-0.000629,0.004957,0.006163,0.064889,-0.103114,-0.026653,0.110163,0.065239,0.031458,-0.00132,0.195205,0.828384,0.525045,-0.980761,0.16409,0.105741,0.00144,-0.535585,0.844478,-0.000316,0.002449,0.003042,0.046689,-0.072879,-0.018579,-0.039151,0.078969,0.015646,-0.044515,0.901255,0.400879,-0.164421,-0.406818,0.913505,-0.002687,0.149122,0.069311,0.986386,-0.0,-9e-06,-1.3e-05,2.9e-05,4e-06,-9e-06,-0.59554
412,0.153211,-0.068255,0.319618,-0.919749,-0.357633,-0.161882,0.362242,-0.932069,0.000707,-0.149992,-0.057552,0.987025,-1.3e-05,-0.00011,-0.000143,0.006219,-0.084702,0.179847,-0.46838,-0.122561,-0.045111,0.31042,-0.106276,-0.841572,0.529579,0.99419,-0.097649,0.044554,0.014333,0.532288,0.846361,0.000809,-0.005823,0.014702,0.223495,-0.435856,-0.048421,0.112149,0.065289,0.031482,-0.001234,0.18959,0.831359,0.522395,-0.981857,0.158742,0.103711,0.003295,-0.53258,0.846372,0.007386,0.003841,0.003489,0.414412,-0.582487,-0.244324,-0.038498,0.078969,0.015644,-0.044518,0.901339,0.400642,-0.164536,-0.406594,0.913604,-0.002738,0.149224,0.069367,0.986367,-9e-06,-7.2e-05,-9.4e-05,-1e-06,3e-06,-1e-05,-0.59505
413,0.153198,-0.068259,0.319612,-0.919894,-0.357156,-0.162114,0.361786,-0.932246,0.00061,-0.150201,-0.057652,0.986987,-0.0,-1e-06,-1e-06,0.0,0.0,0.0,-0.46657,-0.122381,-0.045039,0.310824,-0.099254,-0.849983,0.517368,0.995003,-0.087711,0.047007,0.005531,0.520509,0.853758,0.000733,-0.005235,0.015415,0.251419,-0.483527,-0.042637,0.116358,0.065379,0.031517,-0.001033,0.182608,0.84,0.510933,-0.983091,0.14883,0.106674,0.013564,-0.521774,0.852975,0.007416,0.003557,0.00313,0.297628,-0.424267,-0.220634,-0.034252,0.078963,0.015641,-0.044522,0.901552,0.400044,-0.164828,-0.406027,0.913856,-0.002864,0.149484,0.069506,0.986317,1e-06,5e-06,9e-06,1.8e-05,1e-06,-4e-06,-0.59407
414,0.153199,-0.068262,0.319626,-0.920091,-0.356503,-0.162428,0.361161,-0.932488,0.000502,-0.150494,-0.057764,0.986936,4.2e-05,0.000344,0.000445,0.0,0.0,0.0,-0.46336,-0.122226,-0.045045,0.311301,-0.08938,-0.857768,0.506198,0.995924,-0.07312,0.052174,-0.007645,0.509869,0.860139,0.00071,-0.005063,0.015611,-0.445398,-0.781865,0.445119,0.116629,0.065457,0.031514,-0.000794,0.171364,0.849061,0.499728,-0.984858,0.134128,0.109832,0.026227,-0.510983,0.85919,0.000354,-0.00266,0.007629,-1.629483,-2.012002,1.007533,-0.031313,0.078963,0.015639,-0.044516,0.90178,0.3994,-0.16514,-0.405413,0.914128,-0.002974,0.149771,0.069631,0.986265,2.2e-05,0.000194,0.000253,2.1e-05,-8e-06,-1e-05,-0.5926
415,0.153199,-0.068269,0.319633,-0.920204,-0.356129,-0.162607,0.3608,-0.932628,0.000451,-0.150666,-0.057817,0.986906,1e-06,5e-06,7e-06,0.0,0.0,0.0,-0.461445,-0.122138,-0.045083,0.311569,-0.085202,-0.859945,0.503217,0.996272,-0.068641,0.051611,-0.009751,0.506812,0.861922,-0.000734,0.005703,0.007039,0.155123,-0.300462,0.088061,0.116402,0.065502,0.031491,-0.000657,0.167753,0.851481,0.496828,-0.985385,0.12972,0.110394,0.029549,-0.508086,0.860798,0.000358,-0.002617,0.007693,0.187083,-0.298,-0.152819,-0.031476,0.078963,0.015636,-0.044511,0.901911,0.39903,-0.165318,-0.405059,0.914285,-0.003026,0.14994,0.069692,0.986235,-2e-06,-1e-06,0.0,2.5e-05,-8e-06,-1.7e-05,-0.591294
416,0.153199,-0.068269,0.319633,-0.9204,-0.355481,-0.162921,0.360182,-0.932867,0.000318,-0.15095,-0.057953,0.986855,0.0,0.0,0.0,0.0,0.0,0.0,-0.45752,-0.122029,-0.045275,0.312137,-0.076231,-0.8648,0.496288,0.996916,-0.05811,0.052101,-0.016139,0.499809,0.865906,0.000816,-0.005895,0.014563,0.125401,-0.335514,-0.309982,0.114466,0.065555,0.0314,-0.000375,0.159435,0.856464,0.490966,-0.986518,0.11963,0.111671,0.036908,-0.502152,0.863991,0.00043,-0.003199,0.006962,0.124244,-0.54968,-0.734109,-0.033272,0.078963,0.015636,-0.044511,0.902137,0.39839,-0.165629,-0.404454,0.914552,-0.003161,0.150218,0.069841,0.986182,-0.0,-1e-06,-3e-06,2.8e-05,4e-06,-2.1e-05,-0.588845
417,0.153199,-0.068264,0.31964,-0.92056,-0.354944,-0.163181,0.359671,-0.933064,0.000208,-0.151185,-0.058065,0.986812,0.0,2e-06,3e-06,0.0,0.0,0.0,-0.454092,-0.121923,-0.045534,0.312772,-0.071579,-0.869653,0.488438,0.997155,-0.051793,0.054149,-0.02172,0.492011,0.870239,0.00075,-0.005383,0.015178,0.051669,-0.135266,-0.063739,0.117035,0.065608,0.031271,-6.5e-05,0.153874,0.862321,0.482414,-0.987171,0.113118,0.112676,0.042594,-0.493563,0.868665,0.001128,-0.008391,0.011483,0.019167,-0.221997,-0.116338,-0.032456,0.078963,0.015639,-0.044507,0.902323,0.39786,-0.165887,-0.403952,0.914774,-0.003273,0.150447,0.069963,0.986138,-1e-06,-4e-06,-7e-06,2.8e-05,-2e-06,-2.5e-05,-0.586559
418,0.153202,-0.06825,0.319675,-0.920696,-0.354494,-0.163397,0.359238,-0.933231,0.000142,-0.15139,-0.058134,0.986777,5e-05,0.000409,0.000529,0.0,0.0,0.0,-0.452388,-0.121834,-0.045757,0.313354,-0.060084,-0.873749,0.482642,0.997759,-0.039086,0.05369,-0.027988,0.485878,0.873499,0.000772,-0.005562,0.014945,-0.821542,-0.114065,-1.453567,0.117903,0.065653,0.031158,0.000232,0.143585,0.867143,0.476911,-0.988455,0.102114,0.111927,0.048358,-0.487477,0.871795,0.000444,-0.002967,0.007195,-2.704692,-0.367454,-4.671326,-0.03017,0.078965,0.015645,-0.044491,0.902479,0.397417,-0.166101,-0.403527,0.914961,-0.003341,0.150648,0.070042,0.986102,3e-05,0.000252,0.000325,2.1e-05,-3e-06,-2.4e-05,-0.584926
419,0.153203,-0.06824,0.319688,-0.920785,-0.354197,-0.16354,0.358955,-0.93334,8.1e-05,-0.151519,-0.058196,0.986754,3e-05,0.000247,0.00032,0.0,0.0,0.0,-0.452203,-0.121821,-0.045847,0.313635,-0.05853,-0.876894,0.477098,0.99786,-0.038211,0.052427,-0.027685,0.480241,0.876621,0.000768,-0.005526,0.014982,0.050803,-0.50627,-0.089699,0.11837,0.065659,0.031111,0.000379,0.141094,0.869956,0.472513,-0.988727,0.099672,0.111729,0.050103,-0.48295,0.874213,0.000376,-0.002794,0.00745,0.132817,-0.627242,-0.121264,-0.02919,0.078965,0.015651,-0.044483,0.902582,0.397124,-0.166243,-0.403251,0.915083,-0.003403,0.150775,0.070109,0.986078,1.6e-05,0.000136,0.000175,4e-06,3e-06,-1.9e-05,-0.584436
420,0.153195,-0.06822,0.319731,-0.92088,-0.353879,-0.163692,0.358648,-0.933458,4.1e-05,-0.151666,-0.058237,0.986728,0.000152,0.001244,0.001609,0.000901,-0.012271,0.026061,-0.450078,-0.121816,-0.046063,0.314158,-0.047793,-0.881618,0.469528,0.998183,-0.025493,0.053983,-0.035579,0.472357,0.880612,0.000969,-0.007085,0.013064,-0.000488,-0.05337,-0.049792,0.118126,0.065661,0.031008,0.000638,0.129567,0.875993,0.464593,-0.98987,0.086843,0.112313,0.058039,-0.474439,0.878372,-0.007292,-0.004335,0.006825,-0.016935,-0.124572,0.132205,-0.028374,0.078961,0.015659,-0.044464,0.902692,0.396811,-0.166393,-0.40295,0.915215,-0.003444,0.15092,0.070157,0.986053,7.3e-05,0.000602,0.000778,0.00092,-0.012271,0.026045,-0.58313
421,0.153198,-0.068195,0.31978,-0.920987,-0.353521,-0.163863,0.358303,-0.93359,-7e-06,-0.15183,-0.058286,0.9867,0.000138,0.001131,0.001463,0.0,0.0,0.0,-0.449696,-0.121794,-0.046222,0.314566,-0.046476,-0.884746,0.463741,0.998247,-0.024701,0.053165,-0.035541,0.466505,0.883727,0.001007,-0.007374,0.012705,0.005427,-0.061681,-0.026201,0.112382,0.065672,0.030928,0.000841,0.128107,0.879174,0.458956,-0.990032,0.086064,0.111482,0.058512,-0.468663,0.881436,0.000554,-0.004126,0.005818,-0.014677,-0.02462,-0.046935,-0.032946,0.078963,0.015672,-0.044439,0.902816,0.396458,-0.166563,-0.402612,0.915363,-0.003493,0.151081,0.070214,0.986024,8.7e-05,0.000718,0.000929,-1.6e-05,-3e-06,-1.2e-05,-0.582313
422,0.153179,-0.068156,0.31983,-0.920963,-0.352823,-0.165492,0.358095,-0.933666,-0.002577,-0.152457,-0.061203,0.986427,8e-05,0.000657,0.000849,0.0,-0.0,0.0,-0.445945,-0.121774,-0.046374,0.314787,-0.039687,-0.886025,0.461927,0.99847,-0.017914,0.051672,-0.037475,0.464378,0.884766,0.001359,-0.010101,0.009376,-0.035123,0.004629,-0.021411,0.103551,0.065682,0.030855,0.000955,0.121367,0.880769,0.457727,-0.990744,0.079251,0.110199,0.060785,-0.466866,0.882236,-2.4e-05,0.000145,0.000178,-0.009931,0.011915,0.005088,-0.04111,0.078953,0.015693,-0.044412,0.902822,0.395754,-0.168196,-0.402415,0.915436,-0.006076,0.151569,0.07317,0.985734,4.6e-05,0.000385,0.000497,-0.001262,0.000799,-0.000199,-0.580844
423,0.153168,-0.068145,0.319844,-0.920968,-0.352807,-0.165499,0.358079,-0.933672,-0.00258,-0.152463,-0.061206,0.986426,4.8e-05,0.000389,0.000503,0.0,-0.0,0.0,-0.443861,-0.121763,-0.046456,0.314833,-0.039084,-0.887899,0.458366,0.998467,-0.017257,0.051959,-0.038192,0.460804,0.886603,9.4e-05,-0.000727,-0.000887,-0.042151,-0.057899,0.023335,0.097468,0.065688,0.03081,0.000983,0.120639,0.882729,0.454129,-0.990772,0.078599,0.110417,0.061774,-0.46326,0.884066,7e-05,-0.000559,-0.000681,-0.184553,-0.16682,0.103947,-0.046336,0.078948,0.015699,-0.044405,0.902828,0.39574,-0.168197,-0.4024,0.915443,-0.006069,0.151573,0.073162,0.985734,-0.008039,0.000595,0.000733,-0.001159,0.014815,-0.029568,-0.578884
424,0.153157,-0.068134,0.319859,-0.920207,-0.353661,-0.16789,0.358865,-0.933373,-0.001103,-0.155167,-0.060832,0.986027,7e-06,5.9e-05,7.6e-05,-0.027087,-0.049657,-0.022409,-0.440584,-0.12174,-0.046543,0.314839,-0.041037,-0.889689,0.45471,0.998222,-0.017322,0.056448,-0.042309,0.45733,0.888213,0.000111,-0.00086,-0.00105,-0.014285,-0.01512,0.008285,0.059846,0.0657,0.030764,0.000982,0.122629,0.884314,0.450498,-0.990229,0.07866,0.115141,0.066384,-0.460217,0.88532,7.3e-05,-0.000564,-0.000687,-0.046179,-0.048284,0.027875,-0.077034,0.078942,0.015705,-0.044397,0.901998,0.396501,-0.170835,-0.403117,0.915137,-0.004434,0.15458,0.072866,0.985289,0.0,1e-05,1.3e-05,-0.018381,-0.036221,-0.024655,-0.575782
