frame,MLTx,MLTy,MLTz,MLTR1,MLTR2,MLTR3,MLTR4,MLTR5,MLTR6,MLTR7,MLTR8,MLTR9,MLTTVx,MLTTVy,MLTTVz,MLTRVx,MLTRVy,MLTRVz,MLGA,MRTx,MRTy,MRTz,MRTR1,MRTR2,MRTR3,MRTR4,MRTR5,MRTR6,MRTR7,MRTR8,MRTR9,MRTTVx,MRTTVy,MRTTVz,MRTRVx,MRTRVy,MRTRVz,MRGA,SLTx,SLTy,SLTz,SLTR1,SLTR2,SLTR3,SLTR4,SLTR5,SLTR6,SLTR7,SLTR8,SLTR9,SLTTVx,SLTTVy,SLTTVz,SLTRVx,SLTRVy,SLTRVz,SLGA,SRTx,SRTy,SRTz,SRTR1,SRTR2,SRTR3,SRTR4,SRTR5,SRTR6,SRTR7,SRTR8,SRTR9,SRTTVx,SRTTVy,SRTTVz,SRTRVx,SRTRVy,SRTRVz,SRGA
314,0.122715,-0.02919,0.425477,0.607534,0.654908,-0.449493,-0.794234,0.505574,-0.336986,0.005795,0.560924,0.827864,-1e-06,-6e-06,-4e-06,0.0,0.0,0.0,-0.24896,-0.081371,-0.011299,0.431124,-0.132137,0.956043,0.261748,-0.990301,-0.115888,-0.076206,-0.042336,-0.270479,0.961723,-0.002608,0.015889,-0.02217,0.010711,0.065771,0.277548,-1.163557,0.055091,0.035862,0.003749,0.313977,-0.913463,0.25885,0.948594,0.290377,-0.125897,0.039839,0.285072,0.957677,-0.001252,0.007786,-0.011172,-0.002566,0.073361,0.283982,-0.807106,0.071033,0.021688,-0.058286,0.751935,0.513137,-0.413862,-0.648576,0.688268,-0.325015,0.118071,0.512812,0.850342,3e-06,1.2e-05,6e-06,-1.8e-05,-2e-06,1e-06,-0.397142
315,0.122749,-0.029172,0.425488,0.607635,0.654813,-0.449493,-0.794156,0.505654,-0.337048,0.005823,0.560961,0.827838,7.3e-05,0.000373,0.000234,0.0,0.0,0.0,-0.249348,-0.081386,-0.010775,0.430211,-0.116915,0.955154,0.272036,-0.992191,-0.100362,-0.073616,-0.042846,-0.279717,0.959055,-0.001309,0.010998,-0.025013,0.024134,0.096622,0.048925,-1.314945,0.055082,0.036128,0.003307,0.299198,-0.915105,0.2703,0.953429,0.275401,-0.12299,0.038108,0.294511,0.954887,-0.000765,0.005965,-0.012232,0.042907,-0.002412,0.263875,-0.842377,0.071051,0.021697,-0.058281,0.752012,0.513021,-0.413865,-0.64848,0.688331,-0.325073,0.118107,0.512843,0.850318,5.2e-05,0.000277,0.000175,4e-06,-1e-06,5e-06,-0.397305
316,0.122828,-0.02921,0.425499,0.607726,0.654724,-0.449501,-0.794086,0.505772,-0.337037,0.005917,0.560959,0.827838,0.013245,-0.002668,-0.001893,0.000984,-0.014715,0.029553,-0.249593,-0.081549,-0.010257,0.429072,-0.082501,0.953605,0.289521,-0.994977,-0.062296,-0.077942,-0.056166,-0.295694,0.953559,-0.001542,0.011873,-0.024492,0.16712,0.284659,0.256166,-1.403363,0.055003,0.036377,0.002737,0.265924,-0.919837,0.288415,0.962797,0.238528,-0.126985,0.04801,0.311454,0.949047,-0.000677,0.005651,-0.012455,2.200145,1.670236,-0.24393,-0.841071,0.071086,0.021682,-0.058273,0.752068,0.512934,-0.413873,-0.648401,0.688419,-0.325046,0.118191,0.512813,0.850325,-0.000119,-0.000617,-0.00039,1.3e-05,-1.2e-05,-1e-05,-0.397305
317,0.122949,-0.029226,0.425487,0.607936,0.654515,-0.449521,-0.793924,0.505941,-0.337164,0.00599,0.561051,0.827776,0.013508,-0.001311,-0.001041,0.000984,-0.014715,0.029553,-0.254394,-0.081611,-0.009698,0.427925,-0.066074,0.949826,0.305705,-0.995407,-0.041476,-0.085901,-0.068808,-0.311169,0.947788,-0.00091,0.009493,-0.025879,0.011234,0.122058,0.057011,-1.403922,0.05497,0.036668,0.002153,0.249774,-0.918563,0.306355,0.966584,0.217677,-0.13539,0.057678,0.329936,0.942239,-0.001229,0.009236,-0.018164,0.057168,0.028503,0.262968,-0.841724,0.07115,0.02167,-0.058282,0.752237,0.512663,-0.413902,-0.648186,0.688561,-0.325174,0.118292,0.512894,0.850262,0.006763,-0.00062,-0.0005,0.000986,-0.014695,0.029559,-0.398285
318,0.123013,-0.029211,0.425495,0.60809,0.654369,-0.449526,-0.793806,0.506064,-0.337258,0.006036,0.561111,0.827735,0.000274,0.001415,0.000888,0.0,0.0,0.0,-0.25793,-0.081645,-0.009511,0.427364,-0.063717,0.947143,0.314408,-0.995159,-0.036678,-0.090819,-0.074386,-0.319861,0.944467,-0.013138,0.004789,-0.027555,0.032726,0.049312,0.20624,-1.404052,0.054957,0.036765,0.001874,0.247508,-0.91616,0.315262,0.96694,0.212964,-0.140254,0.061356,0.339553,0.938583,-0.000171,0.003744,-0.013526,0.056631,0.050165,0.03019,-0.838295,0.071182,0.021674,-0.058279,0.752353,0.512484,-0.413912,-0.64804,0.688657,-0.325261,0.118352,0.512943,0.850224,0.006904,0.000115,-4e-05,0.002552,-0.023488,0.056959,-0.400081
319,0.123172,-0.029214,0.425539,0.608406,0.654071,-0.449532,-0.793562,0.506376,-0.337363,0.00621,0.561178,0.827689,0.013595,-0.000847,-0.000751,0.000984,-0.014715,0.029553,-0.260645,-0.081825,-0.009461,0.426338,-0.058303,0.943382,0.326533,-0.994914,-0.027993,-0.096417,-0.081723,-0.331677,0.939774,-0.011953,0.000263,-0.030245,0.549173,0.765874,0.112817,-1.404696,0.054866,0.036794,0.001363,0.242392,-0.914047,0.325212,0.967856,0.204644,-0.146201,0.067082,0.350196,0.934271,-0.005031,-0.00489,-0.010266,1.956904,2.0377,-0.301446,-0.835029,0.071258,0.021677,-0.058255,0.752579,0.512143,-0.413924,-0.647745,0.688896,-0.325341,0.11853,0.512963,0.850187,0.000106,0.000553,0.000344,-2e-06,-8e-06,-1e-05,-0.40253
320,0.123376,-0.029206,0.425601,0.604836,0.657363,-0.449548,-0.796309,0.501993,-0.337443,0.003089,0.561264,0.827648,0.000337,0.001747,0.001096,0.0,0.0,-0.0,-0.26485,-0.082019,-0.009807,0.425426,-0.049737,0.941724,0.332676,-0.994583,-0.016254,-0.102339,-0.090884,-0.337146,0.936983,-0.009131,-0.013537,-0.022723,0.029858,-0.015883,0.132753,-1.404863,0.054768,0.036628,0.000906,0.233751,-0.913189,0.333834,0.969449,0.192647,-0.151835,0.074341,0.359127,0.930322,-0.004488,-0.007001,-0.011493,0.038657,-0.050045,0.124056,-0.835029,0.071364,0.021679,-0.058225,0.74987,0.516163,-0.413846,-0.651421,0.685275,-0.325647,0.115512,0.513782,0.850107,0.006917,0.000219,2.5e-05,0.000854,-0.014817,0.029639,-0.40498
321,0.123474,-0.029187,0.425623,0.604952,0.657246,-0.449563,-0.79622,0.502102,-0.33749,0.003154,0.561305,0.82762,0.000312,0.001622,0.001017,0.0,0.0,-0.0,-0.265694,-0.082121,-0.010145,0.425029,-0.039342,0.939869,0.339249,-0.994084,-0.002405,-0.108278,-0.10088,-0.342682,0.933946,-0.007394,-0.023217,-0.01275,-0.150706,0.376264,0.177843,-1.40565,0.054717,0.036459,0.000701,0.223981,-0.913711,0.339061,0.970924,0.179042,-0.158899,0.084481,0.364794,0.927247,0.001979,-0.005925,-0.011438,-0.145279,0.525128,0.849627,-0.836172,0.071413,0.021689,-0.058213,0.749957,0.516021,-0.413866,-0.651308,0.685364,-0.325688,0.115587,0.513807,0.850083,0.006899,0.000121,-3.8e-05,0.000935,-0.014745,0.029674,-0.406123
322,0.123642,-0.029152,0.425607,0.604583,0.657765,-0.449299,-0.79649,0.503212,-0.335192,0.004857,0.559702,0.828697,9e-06,4.7e-05,3e-05,-0.0,0.0,-0.0,-0.282615,-0.08227,-0.010895,0.424442,-0.016914,0.936921,0.349119,-0.992388,0.026886,-0.119902,-0.121682,-0.349666,0.928865,0.004884,-0.018551,-0.011166,-0.02971,0.069051,-0.037157,-1.406374,0.05464,0.036075,0.000403,0.201252,-0.914166,0.351848,0.974212,0.149391,-0.169091,0.102014,0.376805,0.920657,-0.003978,-0.01059,-0.005802,-0.029238,0.061887,-0.072572,-0.836009,0.071493,0.021711,-0.058219,0.749702,0.516619,-0.413581,-0.651377,0.686414,-0.323331,0.116849,0.5118,0.85112,-7e-06,-4e-05,-2.8e-05,0.000831,-0.000262,0.000391,-0.412001
323,0.12381,-0.029195,0.425588,0.600934,0.66108,-0.449329,-0.799262,0.498709,-0.335323,0.001656,0.559822,0.828628,-2.7e-05,-0.00014,-8.8e-05,0.0,0.0,-0.0,-0.295845,-0.082465,-0.01157,0.423996,-0.011398,0.93517,0.354003,-0.991829,0.034433,-0.12257,-0.126776,-0.353681,0.926661,-0.00882,-0.018131,-0.009831,0.050682,0.138034,-0.289774,-1.406806,0.054548,0.035735,0.000178,0.195612,-0.913461,0.356826,0.974909,0.141715,-0.171659,0.106236,0.381452,0.918263,0.001858,-0.007056,-0.004269,0.226062,0.13521,-0.098842,-0.837968,0.071581,0.021687,-0.05823,0.746925,0.520675,-0.413519,-0.655103,0.682683,-0.323702,0.113759,0.512679,0.85101,-2e-05,-9.8e-05,-6.5e-05,-0.000162,-0.000103,0.000147,-0.422778
324,0.123956,-0.029204,0.425617,0.601101,0.660914,-0.44935,-0.799136,0.498888,-0.335355,0.00178,0.559857,0.828603,0.000143,0.000748,0.000469,0.0,0.0,0.0,-0.297257,-0.082613,-0.011915,0.423498,-0.015395,0.933798,0.357457,-0.991887,0.030873,-0.123046,-0.125895,-0.357623,0.925267,0.001074,-0.001112,-0.01657,0.032911,0.011617,-0.002866,-1.406715,0.054471,0.035553,-6.4e-05,0.199688,-0.911307,0.360058,0.974266,0.145452,-0.172187,0.104544,0.385177,0.916901,0.000495,-0.000369,-0.008167,0.035952,0.058172,-0.198168,-0.835519,0.071654,0.021681,-0.058217,0.747054,0.520471,-0.413545,-0.654933,0.682835,-0.323725,0.113893,0.512684,0.850989,0.006815,-0.000304,-0.000305,0.000934,-0.014785,0.029668,-0.427514
325,0.124031,-0.029204,0.42564,0.597328,0.664324,-0.449352,-0.801964,0.494298,-0.335403,-0.001451,0.559889,0.828583,0.000124,0.000649,0.000406,0.000163,0.000122,-0.0003,-0.297551,-0.08267,-0.011855,0.423147,-0.015319,0.931788,0.362667,-0.992134,0.030917,-0.121025,-0.123941,-0.362837,0.923499,-0.012507,-0.001167,-0.015449,-0.249725,0.546065,0.14727,-1.406626,0.054448,0.035581,-0.000247,0.200026,-0.910072,0.362984,0.974326,0.145688,-0.171643,0.103325,0.387999,0.915849,-0.000729,0.005812,-0.012356,0.071504,-0.003746,0.044014,-0.835356,0.071692,0.021682,-0.058204,0.744164,0.524672,-0.413447,-0.658753,0.679017,-0.324005,0.110741,0.513473,0.850929,5.8e-05,0.00032,0.0002,-0.000663,-0.000211,-0.000452,-0.428004
326,0.124171,-0.029209,0.425707,0.597607,0.664075,-0.44935,-0.801756,0.494609,-0.33544,-0.001254,0.559909,0.828569,0.000196,-0.007344,0.011566,-0.035869,0.011527,-0.018762,-0.298006,-0.08281,-0.01128,0.422072,-0.00859,0.927724,0.373155,-0.99225,0.03836,-0.117904,-0.123664,-0.37244,0.919706,-0.003272,0.021475,-0.034596,-0.025195,0.241512,0.155493,-1.406711,0.054372,0.035873,-0.000788,0.192581,-0.906265,0.37629,0.976241,0.138134,-0.166946,0.099318,0.399501,0.911336,-0.00164,0.010808,-0.017252,-0.013727,0.219199,0.145868,-0.837479,0.071762,0.021678,-0.058172,0.74438,0.524359,-0.413454,-0.658473,0.679281,-0.324019,0.110949,0.513443,0.85092,0.000104,-0.003626,0.005811,-0.035968,0.011435,-0.018588,-0.42882
327,0.124318,-0.029178,0.425797,0.597854,0.663853,-0.44935,-0.801572,0.494896,-0.335458,-0.001063,0.559921,0.828562,0.000503,0.002651,0.001659,-0.010644,0.060356,-0.189209,-0.298674,-0.082997,-0.010444,0.420526,-0.002995,0.921191,0.389088,-0.992472,0.044902,-0.113653,-0.122141,-0.387654,0.913602,-0.00388,0.026781,-0.047223,-0.086217,0.483821,0.02451,-1.406848,0.054278,0.036288,-0.001539,0.186796,-0.900964,0.391625,0.977765,0.131833,-0.163078,0.095298,0.41338,0.905557,-0.001916,0.01337,-0.023623,-0.169711,0.641394,0.083462,-0.841397,0.071835,0.021692,-0.058128,0.744661,0.523961,-0.413453,-0.658118,0.679592,-0.324089,0.11117,0.513438,0.850894,0.000249,-0.002869,0.006282,-0.034411,0.002722,0.008767,-0.42931
328,0.124378,-0.029132,0.425824,0.598058,0.66367,-0.449348,-0.801419,0.495058,-0.335582,-0.001012,0.559994,0.828512,0.00054,0.002846,0.00178,0.001542,-0.008745,0.027416,-0.29913,-0.082996,-0.00994,0.419612,0.00617,0.917122,0.398548,-0.991756,0.056627,-0.114666,-0.127717,-0.395705,0.909379,0.009118,0.029041,-0.046989,4.346951,1.264719,4.282736,-1.406632,0.054273,0.036539,-0.001996,0.181874,-0.898233,0.400122,0.978765,0.126242,-0.161493,0.094546,0.420997,0.90212,-0.001798,0.012943,-0.023874,-0.140129,0.588492,0.065517,-0.84303,0.071865,0.021715,-0.058114,0.744717,0.523871,-0.413465,-0.658049,0.67964,-0.324129,0.111206,0.513465,0.850873,0.000148,0.00079,0.000492,-6.7e-05,-2.6e-05,0.000108,-0.42931
329,0.124464,-0.02906,0.425868,0.59825,0.663493,-0.449354,-0.801276,0.495212,-0.335698,-0.000958,0.560068,0.828462,0.013916,0.000953,0.000367,0.002525,-0.02346,0.05697,-0.299265,-0.082922,-0.0089,0.417797,0.008516,0.908626,0.417512,-0.991944,0.060442,-0.111033,-0.126112,-0.414341,0.901266,-0.003819,0.026534,-0.047313,-0.05055,0.42553,0.007148,-1.406347,0.054316,0.037058,-0.002904,0.174387,-0.88999,0.421315,0.98025,0.116385,-0.159883,0.09326,0.440876,0.892709,0.004523,0.014753,-0.023332,-0.083619,0.530119,-0.132817,-0.848419,0.071908,0.021752,-0.058091,0.744878,0.523635,-0.413475,-0.657854,0.679773,-0.324246,0.111283,0.51353,0.850824,0.006947,0.00043,0.000152,0.002483,-0.023493,0.057042,-0.429963
330,0.124538,-0.029015,0.425932,0.594435,0.666914,-0.449352,-0.804103,0.490602,-0.335707,-0.00418,0.560058,0.82846,0.000282,0.001491,0.000931,0.0,0.0,-0.0,-0.304187,-0.082818,-0.008073,0.416175,0.01077,0.900256,0.435218,-0.992468,0.062721,-0.104916,-0.12174,-0.431937,0.893573,0.01112,0.018416,-0.037569,-0.213121,0.670776,0.110908,-1.406285,0.054365,0.037484,-0.003731,0.171963,-0.882382,0.437983,0.981315,0.114491,-0.154629,0.086296,0.45639,0.885584,0.005617,0.009089,-0.018863,-0.2787,0.808178,0.165962,-0.852011,0.071945,0.021777,-0.058058,0.741948,0.527855,-0.413376,-0.661677,0.675938,-0.324483,0.108137,0.514271,0.850781,0.000119,-0.003556,0.005855,-0.036055,0.011395,-0.018624,-0.431269
331,0.124593,-0.028985,0.426034,0.594495,0.666872,-0.449336,-0.80406,0.490753,-0.335591,-0.004028,0.559976,0.828515,0.0003,-0.006798,0.011904,-0.035872,0.01149,-0.018778,-0.311056,-0.082659,-0.007457,0.414626,0.024522,0.891361,0.452621,-0.99212,0.077317,-0.098258,-0.122588,-0.44776,0.885633,-0.000934,0.012574,-0.040002,-0.271642,0.821496,0.108293,-1.406074,0.054444,0.037794,-0.004505,0.157825,-0.876078,0.455607,0.983869,0.100164,-0.148217,0.084214,0.47165,0.877754,-0.000416,0.006184,-0.02007,-0.23644,0.747585,0.077026,-0.850705,0.071973,0.021794,-0.058012,0.742008,0.52778,-0.413364,-0.66159,0.676069,-0.324387,0.108257,0.514176,0.850824,0.000238,0.00127,0.000789,-6.2e-05,-6.2e-05,0.000126,-0.435515
332,0.124592,-0.028972,0.426115,0.590565,0.670372,-0.44931,-0.806931,0.486094,-0.33548,-0.00723,0.559856,0.828574,0.000635,0.003361,0.002096,0.746478,0.547477,-1.346321,-0.311465,-0.082599,-0.00731,0.413971,0.033083,0.88694,0.460689,-0.991455,0.087287,-0.096602,-0.125912,-0.454667,0.881639,0.000864,0.002762,-0.03018,0.003329,0.615745,0.461513,-1.406517,0.054474,0.037866,-0.004822,0.149325,-0.873138,0.464038,0.985064,0.090675,-0.146375,0.085729,0.478965,0.873637,0.000408,0.00158,-0.014973,0.533926,0.521293,1.533429,-0.851195,0.071972,0.021795,-0.057969,0.739256,0.531724,-0.41324,-0.665123,0.672556,-0.324466,0.105401,0.514719,0.850854,0.000323,0.001675,0.001055,0.760277,0.555502,-1.357251,-0.436658
333,0.124634,-0.028989,0.426359,0.590644,0.670351,-0.449238,-0.806876,0.486465,-0.335073,-0.006819,0.55956,0.828778,0.000496,-0.005764,0.012548,-0.035875,0.011473,-0.018783,-0.31144,-0.082514,-0.007335,0.413018,0.048105,0.880227,0.472098,-0.989762,0.105559,-0.09572,-0.134129,-0.463762,0.87567,0.003735,-0.014121,-0.008855,0.738142,0.003581,1.239121,-1.406609,0.054519,0.037849,-0.005312,0.133487,-0.868119,0.478069,0.986898,0.072328,-0.144225,0.090626,0.491058,0.866399,0.001869,-0.006994,-0.004386,0.782153,-0.067376,1.222863,-0.850868,0.071993,0.021789,-0.057845,0.739051,0.53207,-0.413163,-0.665345,0.672535,-0.324055,0.105447,0.514389,0.851048,0.000253,-0.002839,0.0063,-0.035989,0.011391,-0.0186,-0.437801
334,0.12475,-0.029019,0.426641,0.586873,0.673704,-0.449164,-0.809598,0.482212,-0.334656,-0.009603,0.55921,0.828987,0.000617,0.003274,0.002037,0.0,0.0,-0.0,-0.312458,-0.082391,-0.007616,0.412491,0.051487,0.874162,0.482889,-0.988526,0.113334,-0.09953,-0.141776,-0.473318,0.869329,0.003279,-0.012386,-0.007804,-0.184784,0.44816,-0.073518,-1.406084,0.05458,0.037713,-0.005574,0.129629,-0.863708,0.487035,0.986733,0.063952,-0.149216,0.097733,0.499917,0.86054,0.000876,-0.001755,-0.009112,-0.265778,0.634848,0.214801,-0.851848,0.072051,0.021775,-0.05771,0.736158,0.536194,-0.412996,-0.668981,0.669003,-0.323879,0.102634,0.514714,0.851196,0.000423,0.002275,0.001413,0.001273,-0.008849,0.027631,-0.438454
335,0.124805,-0.029002,0.426759,0.583027,0.677056,-0.449133,-0.812332,0.477664,-0.334553,-0.012708,0.559062,0.829045,0.000675,-0.004809,0.013139,2.446267,1.86036,-4.600532,-0.316488,-0.082307,-0.007852,0.412328,0.055119,0.868405,0.492773,-0.986395,0.123884,-0.107754,-0.154668,-0.481217,0.86277,0.003514,-0.013267,-0.00838,0.443042,0.848419,-0.18249,-1.406072,0.054621,0.037598,-0.005653,0.125202,-0.858667,0.497006,0.986242,0.053219,-0.156502,0.107933,0.509763,0.853517,0.001834,-0.006951,-0.004429,1.812844,2.141168,-1.026671,-0.852012,0.072079,0.021784,-0.05765,0.736282,0.536044,-0.412969,-0.668816,0.669224,-0.323763,0.102818,0.514582,0.851253,0.000445,0.002382,0.001479,0.001413,-0.008779,0.027652,-0.439434
336,0.124881,-0.028849,0.426914,0.583246,0.676882,-0.44911,-0.812177,0.477912,-0.334577,-0.012566,0.559061,0.829048,0.001128,0.005998,0.003721,0.001547,-0.008691,0.027434,-0.321294,-0.082111,-0.00859,0.412064,0.066695,0.855491,0.513496,-0.981395,0.149092,-0.120698,-0.179876,-0.496963,0.848843,0.006246,-0.026592,-0.000847,-0.035238,0.323142,0.126823,-1.406017,0.054719,0.037228,-0.005786,0.112547,-0.846749,0.51995,0.985241,0.027182,-0.168997,0.128965,0.531296,0.837312,0.003165,-0.013438,-0.000516,-0.03678,0.300486,0.123466,-0.847439,0.072116,0.021854,-0.057571,0.733339,0.540153,-0.412852,-0.672508,0.665413,-0.323971,0.099723,0.515227,0.851231,0.000498,0.002666,0.001651,0.001379,-0.0088,0.027702,-0.44319
337,0.12498,-0.028656,0.427044,0.579565,0.680046,-0.449097,-0.814754,0.473377,-0.334756,-0.015785,0.559076,0.828982,0.001053,0.005605,0.003471,0.001546,-0.00869,0.027434,-0.32162,-0.081975,-0.009429,0.411836,0.074688,0.845336,0.52898,-0.978737,0.163746,-0.123268,-0.190892,-0.509583,0.838898,0.00429,-0.016181,-0.010349,-0.142996,0.390187,-0.123403,-1.405805,0.054785,0.036815,-0.005895,0.103416,-0.838603,0.534835,0.985087,0.012018,-0.171633,0.137504,0.544609,0.82734,-0.00447,-0.008998,-0.005123,-0.222729,0.667047,-0.190812,-0.853971,0.072165,0.02195,-0.057506,0.730484,0.544086,-0.41275,-0.676064,0.661604,-0.324372,0.096591,0.515994,0.851128,0.007223,0.002004,0.001119,0.002235,-0.023571,0.057257,-0.444496
338,0.125126,-0.028458,0.427128,0.578972,0.680718,-0.448843,-0.815206,0.474307,-0.332332,-0.014061,0.557469,0.830095,0.000905,0.004832,0.002986,-0.001791,0.000528,-0.000755,-0.324148,-0.081892,-0.010028,0.411531,0.076839,0.836238,0.542949,-0.974283,0.178658,-0.137072,-0.2117,-0.519499,0.827748,0.003561,-0.013436,-0.008639,0.515495,0.790745,-0.659483,-1.406198,0.05483,0.036505,-0.006054,0.099948,-0.829915,0.548863,0.982862,-0.003522,-0.184305,0.15489,0.557878,0.81534,0.001833,-0.00694,-0.004483,1.94876,1.772836,-1.27089,-0.858053,0.072239,0.022053,-0.057461,0.730064,0.544863,-0.412467,-0.676327,0.662561,-0.321861,0.097915,0.513942,0.852217,0.000528,0.002833,0.001749,0.001749,-0.00875,0.027516,-0.446292
339,0.125215,-0.028365,0.427173,0.575291,0.683834,-0.44884,-0.817748,0.469745,-0.332567,-0.017302,0.557515,0.830003,0.000814,0.004348,0.002685,2.480525,1.837938,-4.587032,-0.325172,-0.081803,-0.010284,0.411353,0.080007,0.831206,0.55017,-0.97202,0.187339,-0.141474,-0.220739,-0.524497,0.822216,0.003646,-0.013749,-0.008863,-0.185701,0.500382,-0.08618,-1.406367,0.054874,0.03638,-0.006142,0.097042,-0.82566,0.555758,0.981725,-0.012435,-0.189895,0.1637,0.564029,0.809365,0.00168,-0.006325,-0.004083,-0.286814,0.717733,0.049114,-0.858216,0.072284,0.022101,-0.057438,0.730357,0.544461,-0.412478,-0.676,0.66276,-0.322136,0.097984,0.51411,0.852108,0.000466,0.002513,0.001549,0.00231,-0.009008,0.027933,-0.446945
340,0.12546,-0.028206,0.427266,0.575292,0.684016,-0.44856,-0.817783,0.471188,-0.330429,-0.015384,0.556073,0.831007,0.000936,0.005024,0.003097,-0.0,0.0,-0.0,-0.326365,-0.081756,-0.010618,0.41096,0.092611,0.820885,0.563527,-0.968341,0.206007,-0.140746,-0.231719,-0.533678,0.813239,0.000622,0.000694,-0.015714,-0.174659,0.556447,-0.010288,-1.406646,0.0549,0.036201,-0.006346,0.083409,-0.81725,0.570213,0.981557,-0.031391,-0.188569,0.172008,0.575426,0.79956,0.000249,0.000599,-0.007695,-0.210764,0.650855,0.033985,-0.863115,0.072406,0.022178,-0.057393,0.727252,0.548889,-0.412097,-0.679586,0.660034,-0.320181,0.096255,0.512908,0.853029,0.000555,0.002983,0.001835,0.001857,-0.008908,0.027837,-0.447762
341,0.125855,-0.028019,0.427398,0.571367,0.687459,-0.448313,-0.820507,0.467917,-0.32832,-0.016651,0.554585,0.831976,0.014746,0.005825,0.003333,0.002522,-0.023405,0.056987,-0.332258,-0.081962,-0.010615,0.410547,0.09821,0.816501,0.568922,-0.966422,0.214648,-0.141026,-0.237365,-0.536989,0.809422,-0.012205,-0.005916,-0.002542,-0.004634,0.021419,-0.026903,-1.406176,0.054797,0.036201,-0.006554,0.077333,-0.813339,0.576627,0.981303,-0.040146,-0.188233,0.176246,0.580403,0.795027,-0.006162,-0.002704,-0.001104,0.00801,-0.014691,-0.044528,-0.863115,0.072603,0.02227,-0.057328,0.724221,0.553139,-0.411752,-0.68304,0.6574,-0.318245,0.094652,0.511723,0.85392,0.007388,0.003002,0.001714,0.002525,-0.023641,0.057309,-0.450375
342,0.12605,-0.027921,0.42748,0.566832,0.691371,-0.448053,-0.823618,0.464152,-0.325864,-0.01804,0.55288,0.833082,0.001196,-0.001952,0.014864,-0.100689,0.021991,-0.019461,-0.333651,-0.082096,-0.010565,0.410326,0.09703,0.816423,0.569236,-0.966405,0.214043,-0.142057,-0.237918,-0.53735,0.80902,-0.013588,0.002338,-0.013361,0.025599,0.092942,-0.219542,-1.406153,0.054734,0.036228,-0.006651,0.078426,-0.813251,0.576603,0.981119,-0.039603,-0.189303,0.176786,0.580563,0.79479,-0.006885,0.001541,-0.006434,0.034844,0.009352,-0.008424,-0.860829,0.072701,0.022323,-0.057291,0.720699,0.557991,-0.411384,-0.687,0.654345,-0.316012,0.092856,0.510371,0.854925,0.007275,0.002428,0.00136,-0.249611,0.114301,-0.260186,-0.451844
343,0.126452,-0.027696,0.427635,0.568878,0.691375,-0.445447,-0.822171,0.465643,-0.327387,-0.019642,0.551623,0.833879,0.001145,0.006244,0.003825,0.000678,0.00427,0.001313,-0.333655,-0.082333,-0.010363,0.40981,0.096675,0.814095,0.572621,-0.965726,0.215952,-0.143776,-0.240803,-0.540113,0.806322,-0.000697,0.005662,-0.012497,0.003371,0.083172,0.024349,-1.406349,0.054615,0.036332,-0.006907,0.078618,-0.810775,0.580053,0.980703,-0.041574,-0.19103,0.178998,0.583878,0.791862,-0.000436,0.003192,-0.006012,-0.007432,0.093178,0.059451,-0.85887,0.072897,0.022432,-0.057209,0.722689,0.557502,-0.408546,-0.685177,0.65555,-0.317466,0.090834,0.509356,0.855747,0.007298,0.002585,0.001449,0.000913,-0.039848,0.04977,-0.453314
344,0.126899,-0.027519,0.427795,0.565121,0.694608,-0.445199,-0.824731,0.462552,-0.325323,-0.020754,0.550158,0.834819,0.001207,0.006628,0.00405,0.001529,-0.008681,0.027437,-0.333885,-0.082694,-0.01005,0.409219,0.097283,0.813791,0.57295,-0.965239,0.217459,-0.144776,-0.242509,-0.539967,0.805909,-0.013842,0.003306,-0.012729,0.031899,0.024997,-0.032743,-1.406157,0.054435,0.036486,-0.007199,0.078069,-0.810658,0.580291,0.980442,-0.043045,-0.192037,0.180655,0.583935,0.791443,-0.007032,0.002117,-0.006056,0.033498,0.013213,-0.006446,-0.853481,0.073126,0.022522,-0.057128,0.719709,0.561443,-0.40841,-0.688474,0.653031,-0.315519,0.089559,0.508262,0.856532,0.00722,0.002227,0.001224,0.000852,-0.015584,0.029725,-0.453967
345,0.127283,-0.027396,0.428007,0.565778,0.695912,-0.442319,-0.824288,0.464515,-0.323647,-0.020476,0.54685,0.836996,0.000975,0.005391,0.003286,0.023756,0.152545,0.046866,-0.33516,-0.083076,-0.009714,0.408524,0.097589,0.813455,0.573375,-0.964714,0.218877,-0.146129,-0.244466,-0.539899,0.805362,-0.015193,0.011471,-0.023588,0.067763,0.014788,0.017771,-1.406107,0.054243,0.036658,-0.007549,0.077736,-0.810383,0.580719,0.980109,-0.044564,-0.193388,0.182597,0.584202,0.7908,-0.000177,0.002216,-0.006641,0.034022,0.009699,-0.003427,-0.85593,0.073318,0.022586,-0.057021,0.720597,0.56233,-0.405614,-0.687593,0.654824,-0.313721,0.089191,0.504965,0.858518,0.007226,0.002301,0.001266,0.03476,0.185437,0.124153,-0.454947
346,0.127462,-0.027357,0.428124,0.566353,0.695453,-0.442305,-0.823899,0.465094,-0.323804,-0.020188,0.546943,0.836943,0.014215,-0.005185,0.012598,-0.034561,-0.001236,0.01135,-0.335093,-0.083257,-0.009559,0.408155,0.098222,0.813276,0.57352,-0.964395,0.21998,-0.146577,-0.24547,-0.53972,0.805177,-0.013351,0.001432,-0.013946,0.03191,0.02496,-0.032763,-1.406094,0.054152,0.03674,-0.007737,0.07705,-0.810321,0.580897,0.979969,-0.04576,-0.193815,0.183635,0.584195,0.790565,-0.001084,0.007179,-0.011495,0.069884,-0.000507,0.047068,-0.8574,0.073408,0.022607,-0.056962,0.721113,0.561872,-0.405331,-0.687047,0.655296,-0.313931,0.089223,0.504862,0.858575,0.007105,-0.002587,0.006296,-0.036334,-0.01673,0.005258,-0.45511
347,0.127772,-0.027306,0.428305,0.562866,0.698275,-0.442311,-0.826214,0.460914,-0.323883,-0.022999,0.546883,0.836909,0.000602,0.003356,0.00204,0.0,0.0,0.0,-0.336871,-0.083637,-0.009216,0.407381,0.099759,0.809685,0.578316,-0.964095,0.222407,-0.144882,-0.246031,-0.54411,0.802045,-0.014935,0.01049,-0.024217,-0.047193,0.295736,0.09596,-1.406011,0.053963,0.036908,-0.008121,0.075251,-0.807485,0.585067,0.980108,-0.048159,-0.192529,0.18364,0.587917,0.787799,-0.000237,0.002441,-0.00649,-0.13834,0.427135,0.20054,-0.85789,0.073563,0.022633,-0.056871,0.718316,0.565395,-0.4054,-0.690307,0.651742,-0.314177,0.086582,0.505529,0.858453,0.007008,0.001139,0.000553,0.00071,-0.015189,0.029732,-0.455763
348,0.128016,-0.027298,0.428497,0.558911,0.701439,-0.44232,-0.828814,0.456399,-0.323634,-0.025837,0.546616,0.837001,0.000651,0.003642,0.002211,0.001523,-0.008646,0.027449,-0.343173,-0.083984,-0.008981,0.406655,0.103301,0.807114,0.581281,-0.96479,0.223416,-0.138561,-0.241808,-0.547509,0.801015,0.000114,0.002523,-0.014538,-0.201585,0.008118,0.156723,-1.406085,0.053783,0.037031,-0.008491,0.071256,-0.804935,0.589068,0.981377,-0.04904,-0.185722,0.178382,0.591332,0.786451,8.9e-05,0.001184,-0.007312,-0.21138,-0.014059,0.158382,-0.859849,0.073684,0.022634,-0.056776,0.715181,0.569408,-0.405326,-0.693903,0.647929,-0.314142,0.083748,0.505925,0.858501,0.006841,-0.00402,0.005422,-0.035524,-0.003799,0.010808,-0.458212
349,0.128094,-0.027315,0.428581,0.559049,0.701337,-0.442307,-0.828727,0.456626,-0.323537,-0.025642,0.546558,0.837045,0.013696,-0.007996,0.010882,-0.034912,-0.003533,0.010637,-0.34616,-0.084167,-0.008965,0.406345,0.102329,0.807,0.581611,-0.964717,0.223083,-0.139602,-0.242511,-0.547813,0.800595,-0.012935,-0.000208,-0.015023,0.025399,0.08617,-0.19131,-1.405733,0.053696,0.03704,-0.00864,0.072096,-0.804709,0.589275,0.981208,-0.048791,-0.186676,0.178971,0.591661,0.78607,-0.00633,-0.000591,-0.007823,0.038246,0.011132,-0.0407,-0.861319,0.073724,0.022628,-0.056733,0.715309,0.569254,-0.405317,-0.693748,0.648144,-0.31404,0.083935,0.505824,0.858543,0.006839,-0.004026,0.005419,-0.035123,-0.003686,0.010933,-0.460009
350,0.128222,-0.027356,0.428698,0.55913,0.701275,-0.442303,-0.82868,0.456866,-0.323318,-0.025363,0.546437,0.837132,0.000119,0.00067,0.000406,0.0,0.0,0.0,-0.357296,-0.084447,-0.009086,0.405908,0.106516,0.806227,0.581931,-0.96324,0.228821,-0.140509,-0.24655,-0.546581,0.800203,0.000116,0.002493,-0.01457,0.034974,-0.00045,0.0234,-1.406065,0.053552,0.036974,-0.008861,0.068089,-0.804749,0.589696,0.980711,-0.054557,-0.187689,0.183215,0.591102,0.785512,-0.005441,-0.005546,-0.002979,-0.002857,0.024798,-0.056346,-0.862625,0.073788,0.022608,-0.056674,0.71538,0.569166,-0.405314,-0.693644,0.648367,-0.313809,0.084183,0.505637,0.858628,0.006715,-0.000484,-0.000433,0.000876,-0.014805,0.029775,-0.465234
351,0.128278,-0.027391,0.428795,0.559828,0.702379,-0.439661,-0.828156,0.457425,-0.323869,-0.02707,0.54455,0.838307,0.000114,0.00064,0.000388,0.000771,0.00503,0.001536,-0.366012,-0.084645,-0.009197,0.405409,0.115906,0.804744,0.582188,-0.960236,0.24066,-0.141291,-0.253934,-0.543668,0.799878,0.000604,0.000585,-0.015836,0.034674,0.009513,-0.002594,-1.406019,0.053453,0.036921,-0.009109,0.058571,-0.804971,0.590415,0.979842,-0.066795,-0.188271,0.190989,0.589541,0.784833,-0.006201,-0.001156,-0.008209,0.034174,0.023758,-0.029833,-0.864421,0.073816,0.022589,-0.056626,0.716334,0.570026,-0.402411,-0.692933,0.648848,-0.314386,0.081895,0.50405,0.859782,6e-05,0.000352,0.000212,-0.001668,-0.016448,-0.007275,-0.473072
352,0.128291,-0.027391,0.428819,0.555688,0.705662,-0.439655,-0.830832,0.452565,-0.323842,-0.030248,0.544362,0.838321,7e-05,0.000394,0.000239,1e-05,6.2e-05,1.9e-05,-0.36785,-0.08475,-0.009259,0.405114,0.125381,0.801589,0.584573,-0.957366,0.25231,-0.140442,-0.260204,-0.543044,0.798286,0.000861,-0.000423,-0.016509,0.013243,0.072058,-0.006473,-1.406118,0.053404,0.036896,-0.009254,0.04867,-0.803395,0.593454,0.979171,-0.078879,-0.187086,0.197115,0.590198,0.782822,0.000428,-0.000174,-0.008228,0.036093,0.056792,0.050972,-0.864748,0.073822,0.022589,-0.056614,0.71299,0.574146,-0.402492,-0.696721,0.644698,-0.314551,0.078888,0.504697,0.859684,4.1e-05,0.000246,0.000147,-0.000912,-0.003733,-0.001298,-0.475521
353,0.128317,-0.027369,0.428856,0.555669,0.705676,-0.439657,-0.830847,0.452578,-0.323786,-0.030206,0.544333,0.838342,8.3e-05,0.000465,0.000282,0.0,0.0,0.0,-0.367255,-0.085046,-0.009422,0.404541,0.136926,0.797037,0.588196,-0.952362,0.26926,-0.142967,-0.272475,-0.541596,0.795169,-0.01222,-0.003178,-0.017025,-0.122456,0.395766,0.114279,-1.406202,0.053262,0.036809,-0.009537,0.037146,-0.80244,0.595574,0.976927,-0.096272,-0.190642,0.210316,0.588915,0.780349,0.000419,-0.000144,-0.008217,-0.178833,0.519332,0.202354,-0.87177,0.073835,0.0226,-0.056596,0.712969,0.574148,-0.402527,-0.696735,0.644717,-0.314483,0.078956,0.504671,0.859692,5.4e-05,0.000308,0.000186,-0.000143,-0.000153,0.000223,-0.478134
354,0.128317,-0.027363,0.428848,0.555681,0.705665,-0.43966,-0.830838,0.452574,-0.323815,-0.030224,0.544351,0.838329,0.0,0.0,0.0,0.0,0.0,0.0,-0.367469,-0.085389,-0.009527,0.404011,0.143611,0.793175,0.59181,-0.948731,0.280485,-0.145503,-0.281559,-0.541565,0.792019,-0.012646,-0.001568,-0.015972,0.030515,0.028262,-0.031476,-1.406405,0.053087,0.036753,-0.009811,0.029662,-0.79829,0.601541,0.975483,-0.108169,-0.19165,0.218061,0.592479,0.775511,-0.00637,-0.000569,-0.007838,0.036881,0.006042,-0.042545,-0.868504,0.073835,0.022603,-0.0566,0.712984,0.574126,-0.40253,-0.696719,0.644719,-0.314511,0.07895,0.504693,0.85968,-2e-06,-2.1e-05,-1.6e-05,-5.4e-05,-5.1e-05,0.000164,-0.478624
355,0.128318,-0.027362,0.42886,0.555567,0.705752,-0.439664,-0.830915,0.452497,-0.323727,-0.030222,0.544303,0.83836,0.0,1e-06,1e-06,0.0,0.0,0.0,-0.368489,-0.085815,-0.009704,0.403392,0.151589,0.791296,0.592336,-0.945219,0.291315,-0.147072,-0.2891,-0.538583,0.791336,-0.011821,-0.004899,-0.018206,0.032158,0.024755,-0.032565,-1.405781,0.052872,0.036672,-0.010115,0.021562,-0.797993,0.602279,0.973879,-0.119438,-0.193115,0.226039,0.590712,0.774574,-0.005846,-0.002671,-0.009245,0.031448,0.03402,-0.05954,-0.86834,0.073835,0.022603,-0.056594,0.712895,0.574234,-0.402533,-0.696811,0.64466,-0.314428,0.078942,0.504644,0.859709,0.0,-1.3e-05,-9e-06,-8.4e-05,2e-06,0.000133,-0.478787
356,0.128311,-0.027353,0.428878,0.555451,0.705842,-0.439666,-0.830992,0.452418,-0.323638,-0.030222,0.544252,0.838394,0.000173,0.000972,0.000589,0.0,0.0,0.0,-0.368202,-0.086066,-0.009791,0.403009,0.155842,0.790274,0.592597,-0.943322,0.297023,-0.147833,-0.293015,-0.53696,0.790999,-0.011746,-0.005247,-0.018453,0.039465,-0.046289,0.153043,-1.406216,0.052746,0.036627,-0.010308,0.01736,-0.797733,0.60276,0.972998,-0.125292,-0.193843,0.230156,0.58985,0.774018,-0.005804,-0.002856,-0.009372,0.031287,0.034391,-0.059388,-0.868504,0.073831,0.022606,-0.056587,0.712805,0.574347,-0.402532,-0.696905,0.6446,-0.314344,0.07893,0.504593,0.85974,0.000114,0.000637,0.000386,-6.9e-05,-1.1e-05,0.000114,-0.478787
357,0.128328,-0.027317,0.4289,0.551368,0.709039,-0.439662,-0.833587,0.447575,-0.323699,-0.033426,0.544097,0.838373,0.000278,0.001566,0.000948,0.0,0.0,-0.0,-0.368939,-0.086609,-0.009831,0.402221,0.164223,0.788141,0.593174,-0.939368,0.308459,-0.149582,-0.301043,-0.53363,0.790237,-0.013955,0.006316,-0.027046,0.067048,0.023966,-0.009614,-1.406118,0.052482,0.0366,-0.010695,0.008611,-0.79715,0.603719,0.971088,-0.137368,-0.195232,0.238561,0.587946,0.77292,-0.012694,-0.002945,-0.008771,0.029743,0.039521,-0.062448,-0.868177,0.07384,0.022623,-0.056576,0.709563,0.578412,-0.402441,-0.700556,0.640484,-0.314642,0.075764,0.505192,0.859674,0.00016,0.000903,0.000545,0.000921,-0.008853,0.027425,-0.479114
358,0.128343,-0.027281,0.428909,0.550526,0.709859,-0.439394,-0.834212,0.4483,-0.321076,-0.031629,0.542431,0.839521,8.4e-05,0.000475,0.000287,-0.0,0.0,-0.0,-0.369068,-0.087246,-0.009933,0.401524,0.167303,0.787012,0.593812,-0.937336,0.313682,-0.151457,-0.305651,-0.532248,0.789401,-0.025444,-0.005886,-0.017576,0.029922,0.039919,-0.062149,-1.406022,0.052167,0.036555,-0.011046,0.00538,-0.796583,0.604504,0.969931,-0.142934,-0.196983,0.243318,0.587387,0.771862,-0.012711,-0.002945,-0.00878,0.029596,0.039616,-0.062663,-0.863768,0.073848,0.022643,-0.05657,0.708932,0.579387,-0.40215,-0.701047,0.641243,-0.31199,0.077114,0.503107,0.860776,4.9e-05,0.000267,0.000161,0.00032,-0.000162,0.0003,-0.479767
359,0.128354,-0.027269,0.428905,0.550574,0.709819,-0.439398,-0.83418,0.448325,-0.321125,-0.031639,0.542462,0.839501,1.3e-05,7.5e-05,4.5e-05,0.0,0.0,0.0,-0.369089,-0.087637,-0.010061,0.401211,0.175537,0.784954,0.594159,-0.933566,0.324282,-0.15241,-0.312506,-0.528916,0.788955,-0.02522,-0.006868,-0.018249,3.313564,-0.80241,4.298018,-1.406283,0.051966,0.036491,-0.011208,0.001718,-0.796196,0.605035,0.968952,-0.148263,-0.197859,0.247239,0.586591,0.771221,-0.012558,-0.003599,-0.009224,0.029572,0.039588,-0.06274,-0.863768,0.073854,0.022651,-0.056572,0.708972,0.579334,-0.402155,-0.701007,0.641263,-0.312041,0.077111,0.503143,0.860755,-0.0,-1e-06,-1e-06,-2.6e-05,-4.2e-05,0.000152,-0.47993
360,0.128375,-0.02727,0.428915,0.550497,0.709873,-0.439407,-0.834231,0.448277,-0.321058,-0.031626,0.54243,0.839522,0.0,2e-06,1e-06,0.0,0.0,0.0,-0.369205,-0.088532,-0.010495,0.400713,0.185132,0.786903,0.588643,-0.930593,0.33286,-0.152098,-0.31583,-0.520616,0.793142,-0.023736,-0.015907,-0.008022,0.02096,-0.015969,-0.139384,-1.406192,0.05151,0.03627,-0.011465,-0.012205,-0.800076,0.599773,0.96666,-0.162868,-0.197589,0.25577,0.577366,0.77539,-0.011884,-0.007861,-0.003934,0.004917,0.038493,-0.113756,-0.862135,0.073864,0.022649,-0.056567,0.708911,0.579404,-0.402163,-0.701068,0.641227,-0.311977,0.077117,0.503109,0.860774,-2e-06,-2e-05,-1.4e-05,-9.2e-05,-4e-06,0.000116,-0.47993
361,0.128377,-0.027269,0.428928,0.550502,0.709871,-0.439403,-0.834228,0.448296,-0.321039,-0.031605,0.542417,0.839531,1.7e-05,9.4e-05,5.7e-05,0.0,0.0,0.0,-0.371786,-0.089417,-0.010738,0.400179,0.186379,0.792569,0.580593,-0.928278,0.335623,-0.159971,-0.321857,-0.51013,0.79752,-0.011491,-0.009612,-0.005145,0.235375,-0.574843,-0.268675,-1.406014,0.051073,0.036148,-0.011733,-0.013177,-0.80426,0.594131,0.964758,-0.166394,-0.203846,0.262805,0.570507,0.778109,-0.012987,-0.002027,-0.008183,0.052689,-0.010406,-0.078726,-0.85887,0.073865,0.022649,-0.056561,0.708916,0.579399,-0.402159,-0.701061,0.641244,-0.311958,0.077134,0.503091,0.860783,1e-05,4.6e-05,2.8e-05,-8.1e-05,-1.1e-05,0.000104,-0.480747
362,0.128371,-0.027246,0.428942,0.55104,0.711073,-0.436778,-0.8338,0.448601,-0.321725,-0.033523,0.54059,0.840634,8.3e-05,0.000468,0.000283,0.073106,0.476249,0.145378,-0.37586,-0.090326,-0.010925,0.399646,0.202537,0.788044,0.581341,-0.920233,0.356171,-0.162009,-0.334957,-0.503144,0.796563,-0.024559,-0.012847,-0.005992,-0.005167,0.040739,-0.085364,-1.406131,0.050623,0.036059,-0.011997,-0.02968,-0.804081,0.593777,0.96019,-0.18801,-0.206606,0.277764,0.564007,0.777651,-0.013119,-0.001533,-0.007855,0.02824,0.035137,-0.033387,-0.862952,0.073862,0.022661,-0.056554,0.708971,0.579611,-0.401758,-0.701045,0.641231,-0.312019,0.076771,0.502864,0.860948,5.1e-05,0.000285,0.000171,0.086008,0.560276,0.171006,-0.482379
363,0.128376,-0.027216,0.42896,0.54689,0.714273,-0.436774,-0.836396,0.443712,-0.321765,-0.036713,0.540402,0.840621,0.000213,0.001201,0.000727,0.001072,0.006965,0.002117,-0.378026,-0.090827,-0.011035,0.399342,0.205984,0.786867,0.581724,-0.918155,0.361032,-0.163039,-0.338545,-0.501516,0.796073,-0.025862,-0.004782,-0.016914,0.037857,-0.032612,0.122819,-1.406208,0.050372,0.036004,-0.012143,-0.033095,-0.803501,0.594381,0.958988,-0.193034,-0.207553,0.281505,0.563136,0.776937,-0.012932,-0.00235,-0.008413,0.028935,0.040408,-0.062922,-0.861809,0.073864,0.022674,-0.056545,0.706434,0.584486,-0.399155,-0.704159,0.637344,-0.31297,0.071473,0.502162,0.861814,0.000134,0.00076,0.000458,-0.00241,-0.016877,-0.007922,-0.483849
364,0.12837,-0.027138,0.42902,0.546211,0.714975,-0.436474,-0.836918,0.444588,-0.319189,-0.034847,0.538753,0.841758,0.000444,0.002497,0.00151,0.0,1e-06,0.0,-0.380657,-0.091819,-0.011103,0.398686,0.213751,0.784289,0.582403,-0.913611,0.371573,-0.164869,-0.345954,-0.497833,0.795199,-0.026567,-0.001893,-0.014964,0.037813,0.037372,-0.051654,-1.406024,0.049877,0.035964,-0.012475,-0.041277,-0.802343,0.595433,0.956322,-0.204328,-0.209036,0.289383,0.560798,0.775733,-0.014171,0.004184,-0.012174,0.092093,0.02013,0.022445,-0.862789,0.073861,0.022712,-0.056517,0.70585,0.585253,-0.399065,-0.704581,0.638186,-0.310296,0.073076,0.500196,0.862822,0.000261,0.001474,0.000892,0.001552,-0.009316,0.027522,-0.487605
365,0.128415,-0.027067,0.429074,0.546327,0.714886,-0.436474,-0.836844,0.444696,-0.319231,-0.034802,0.538781,0.841743,0.000445,0.002507,0.001514,0.001523,-0.008619,0.027457,-0.382598,-0.092783,-0.010857,0.398001,0.22337,0.780092,0.584426,-0.909344,0.382678,-0.163048,-0.351095,-0.496003,0.794088,-0.029178,0.011947,-0.021942,1.034285,-0.239968,1.305066,-1.406019,0.049397,0.036078,-0.012817,-0.049937,-0.799951,0.597983,0.954613,-0.214254,-0.2069,0.293631,0.560511,0.774343,-0.007154,0.002499,-0.005772,3.2735,-0.902064,4.367312,-0.863278,0.073884,0.022749,-0.056488,0.705947,0.585132,-0.399072,-0.704478,0.638281,-0.310334,0.073134,0.500217,0.862805,0.000213,0.001206,0.000728,0.001473,-0.008695,0.027594,-0.489238
366,0.128439,-0.027053,0.429094,0.546285,0.714915,-0.43648,-0.836872,0.444676,-0.319184,-0.034783,0.53876,0.841757,0.000161,0.000908,0.000549,0.0,0.0,0.0,-0.383745,-0.093319,-0.010696,0.397658,0.222661,0.77834,0.587026,-0.909249,0.383021,-0.162772,-0.35179,-0.498487,0.792223,-0.029077,0.011565,-0.022202,-0.040456,0.306475,0.071481,-1.406178,0.049128,0.036163,-0.012986,-0.050783,-0.798634,0.59967,0.954103,-0.216239,-0.207187,0.295139,0.561625,0.772961,-0.013918,0.001851,-0.005567,-0.134859,0.46819,0.156872,-0.862952,0.073896,0.022758,-0.056477,0.705914,0.585167,-0.399077,-0.704509,0.638269,-0.310288,0.073148,0.500191,0.862819,8.8e-05,0.0005,0.000301,-3.9e-05,-4.4e-05,0.000118,-0.489891
367,0.128481,-0.02705,0.429107,0.546383,0.714837,-0.436484,-0.83681,0.444771,-0.319217,-0.034739,0.538785,0.841743,2e-06,9e-06,6e-06,0.0,0.0,0.0,-0.384999,-0.094409,-0.010396,0.397033,0.228518,0.777386,0.586039,-0.9077,0.387746,-0.160207,-0.352039,-0.496314,0.793476,-0.027752,0.003345,-0.011409,0.031206,0.028846,-0.035642,-1.406212,0.048583,0.036317,-0.013302,-0.056825,-0.798137,0.599789,0.953659,-0.221187,-0.203983,0.295472,0.560403,0.77372,-0.01386,0.001636,-0.005713,0.0361,0.028297,-0.040295,-0.863442,0.073917,0.02276,-0.05647,0.705993,0.585068,-0.399084,-0.704424,0.638348,-0.310316,0.073199,0.500206,0.862806,-9e-06,-4.7e-05,-2.9e-05,-7.1e-05,-2e-06,9.4e-05,-0.491034
368,0.12852,-0.027055,0.429091,0.546213,0.71495,-0.436512,-0.83692,0.44462,-0.319139,-0.034773,0.53876,0.841758,0.000255,0.001439,0.000869,0.001522,-0.008618,0.027458,-0.385949,-0.09553,-0.010262,0.396522,0.24473,0.771852,0.586808,-0.898222,0.408378,-0.162354,-0.365235,-0.48832,0.792471,-0.027697,0.003165,-0.011537,0.057529,0.021409,-0.000248,-1.406384,0.048011,0.036385,-0.013561,-0.073647,-0.795582,0.601352,0.947915,-0.243212,-0.205677,0.309889,0.554883,0.772056,-0.013849,0.001612,-0.005731,0.057434,0.020805,-0.000842,-0.863768,0.073936,0.022752,-0.056481,0.705841,0.585234,-0.39911,-0.704582,0.638213,-0.310237,0.073157,0.500184,0.862822,-5e-06,-3.4e-05,-2.1e-05,-6.9e-05,-2e-06,7.6e-05,-0.49185
369,0.128582,-0.027054,0.429102,0.545408,0.715727,-0.436247,-0.837519,0.44539,-0.316484,-0.032901,0.537092,0.842898,6.3e-05,0.000357,0.000215,-0.0,0.0,-0.0,-0.388371,-0.096638,-0.010085,0.396001,0.257123,0.767321,0.58745,-0.890536,0.424201,-0.16411,-0.375419,-0.481913,0.791633,-0.027683,0.003171,-0.011539,0.332027,-0.12703,0.54238,-1.406316,0.047478,0.036469,-0.013809,-0.085081,-0.793561,0.602512,0.943599,-0.258364,-0.207042,0.319968,0.550915,0.770786,-0.013732,0.001233,-0.005968,3.282012,-0.88028,4.333076,-0.863442,0.073967,0.022756,-0.056474,0.705247,0.586147,-0.398819,-0.705027,0.639017,-0.30756,0.074577,0.498085,0.863914,0.006698,-0.000537,-0.000463,0.001829,-0.01497,0.029909,-0.492667
