frame,MLTx,MLTy,MLTz,MLTR1,MLTR2,MLTR3,MLTR4,MLTR5,MLTR6,MLTR7,MLTR8,MLTR9,MLTTVx,MLTTVy,MLTTVz,MLTRVx,MLTRVy,MLTRVz,MLGA,MRTx,MRTy,MRTz,MRTR1,MRTR2,MRTR3,MRTR4,MRTR5,MRTR6,MRTR7,MRTR8,MRTR9,MRTTVx,MRTTVy,MRTTVz,MRTRVx,MRTRVy,MRTRVz,MRGA,SLTx,SLTy,SLTz,SLTR1,SLTR2,SLTR3,SLTR4,SLTR5,SLTR6,SLTR7,SLTR8,SLTR9,SLTTVx,SLTTVy,SLTTVz,SLTRVx,SLTRVy,SLTRVz,SLGA,SRTx,SRTy,SRTz,SRTR1,SRTR2,SRTR3,SRTR4,SRTR5,SRTR6,SRTR7,SRTR8,SRTR9,SRTTVx,SRTTVy,SRTTVz,SRTRVx,SRTRVy,SRTRVz,SRGA
490,0.144419,0.130632,0.276146,-0.784377,-0.07269,-0.616047,-0.350771,-0.767144,0.537048,-0.510663,0.637427,0.577006,0.000391,-0.0127,0.019313,-0.087434,0.003875,-0.026533,-1.908551,-0.116827,0.033946,0.324423,0.876099,-0.068541,0.477225,-0.105759,0.938298,0.329158,-0.471432,-0.338765,0.814158,-7e-06,3.8e-05,3.1e-05,2.607327,2.045055,4.176074,0.533431,0.03562,0.039421,-0.018368,-0.819272,-0.018311,0.573112,0.22041,-0.932757,0.285277,0.52935,0.360039,0.768217,-6.2e-05,1.1e-05,5.1e-05,2.605878,2.038498,4.173834,0.522405,0.108856,0.088497,-0.101774,-0.668863,0.087399,-0.738229,-0.546948,-0.73041,0.409082,-0.503457,0.677393,0.536347,0.000197,-0.006273,0.009724,-0.059042,0.023239,-0.001735,-0.845538
491,0.144115,0.13031,0.276966,-0.786534,-0.072834,-0.613274,-0.350138,-0.765446,0.539877,-0.507775,0.63945,0.577317,-0.010042,-0.008763,0.022606,-0.07045,0.017555,-0.021439,-1.908626,-0.11671,0.033968,0.324414,0.86557,-0.104472,0.489761,-0.072379,0.941521,0.328989,-0.496569,-0.320086,0.806739,0.01304,0.001835,-5.7e-05,2.360203,2.251089,4.346145,0.533903,0.035679,0.039432,-0.018372,-0.810713,0.017274,0.585187,0.187554,-0.939218,0.287561,0.554586,0.342884,0.758197,0.006429,0.000901,1.5e-05,2.218719,2.335429,4.417792,0.522405,0.108706,0.088336,-0.101375,-0.671464,0.087748,-0.735822,-0.546539,-0.7292,0.411778,-0.500429,0.67865,0.537589,-0.005034,-0.004395,0.011298,-0.068873,0.025633,-0.027201,-0.850926
492,0.143847,0.129943,0.277468,-0.78678,-0.072944,-0.612946,-0.350837,-0.764197,0.541192,-0.506913,0.64093,0.576432,-0.010989,-0.022293,0.026289,-0.105162,0.033833,-0.028906,-1.908853,-0.116666,0.033947,0.324392,0.860843,-0.117879,0.49502,-0.060202,0.942267,0.329305,-0.506332,-0.313139,0.803389,0.000214,-0.001185,-0.000979,-0.085189,0.263852,0.04122,0.534303,0.0357,0.039424,-0.018381,-0.806487,0.032884,0.590335,0.174206,-0.940912,0.290404,0.565004,0.337047,0.753105,0.00016,-0.00091,-0.000751,0.56279,0.836224,1.326864,0.522569,0.108582,0.088167,-0.101135,-0.671785,0.08768,-0.735538,-0.54721,-0.728006,0.412998,-0.499265,0.67994,0.537043,-0.005553,-0.011444,0.012904,-0.105264,0.03315,-0.028048,-0.853702
493,0.142938,0.128568,0.278705,-0.787839,-0.073331,-0.611537,-0.352559,-0.760472,0.545303,-0.504069,0.645302,0.574044,-0.023449,-0.045633,0.036956,-0.174688,0.091376,-0.082228,-1.908397,-0.116555,0.033882,0.324377,0.842873,-0.171299,0.51011,-0.013485,0.940851,0.338453,-0.538964,-0.291943,0.790031,0.013159,0.001197,-0.000586,0.284673,1.265719,1.496473,0.534094,0.035751,0.039393,-0.018393,-0.79257,0.080869,0.604393,0.134158,-0.943754,0.302205,0.594839,0.320603,0.737142,0.00013,-0.000715,-0.000594,0.57299,0.966491,1.151431,0.522569,0.108136,0.087495,-0.100526,-0.67291,0.087384,-0.734544,-0.549127,-0.724341,0.41688,-0.495632,0.683881,0.535401,-0.017158,-0.022089,0.019106,-0.180158,-0.047914,0.014008,-0.850273
494,0.141514,0.126415,0.280451,-0.79053,-0.061766,-0.609338,-0.357754,-0.760987,0.541187,-0.496146,0.645891,0.58025,-0.035595,-0.06565,0.050671,0.13059,0.487446,0.284007,-1.907837,-0.116342,0.033802,0.324414,0.811844,-0.247714,0.528714,0.05893,0.935579,0.348069,-0.581886,-0.251116,0.773442,0.000183,-0.001008,-0.000834,-0.101699,0.679724,0.269091,0.534171,0.035863,0.03935,-0.018371,-0.764607,0.165852,0.622791,0.057907,-0.944734,0.32268,0.64189,0.282788,0.712746,0.007514,-0.005283,0.00333,0.425729,1.194551,1.23965,0.522569,0.107416,0.086406,-0.099647,-0.674442,0.097541,-0.731855,-0.553186,-0.723249,0.413395,-0.488991,0.683663,0.541748,-0.023639,-0.038166,0.02845,0.110524,0.37783,0.42505,-0.843415
495,0.139526,0.123255,0.282915,-0.793967,-0.045459,-0.606297,-0.365349,-0.761443,0.535441,-0.485017,0.646685,0.588713,-0.05966,-0.095329,0.071952,0.164301,0.683316,0.347661,-1.908107,-0.116128,0.033657,0.324463,0.763441,-0.324037,0.558703,0.134699,0.925804,0.353095,-0.632614,-0.19391,0.749707,0.002177,-0.013469,0.00585,0.563352,1.106625,1.127818,0.533783,0.035969,0.039283,-0.018348,-0.719781,0.244412,0.649751,-0.016237,-0.941642,0.336223,0.69401,0.231457,0.681745,0.000216,-0.001311,-0.001039,2.750489,2.698968,3.986053,0.522895,0.106431,0.084834,-0.098425,-0.675887,0.113544,-0.728205,-0.559599,-0.722048,0.40681,-0.479608,0.682461,0.551562,-0.029269,-0.040585,0.034289,-0.141592,0.344702,0.01443,-0.848803
496,0.138301,0.121331,0.28444,-0.795985,-0.038592,-0.604123,-0.369027,-0.760189,0.5347,-0.478897,0.648595,0.591615,-0.0602,-0.103708,0.080616,0.00604,0.570262,0.211283,-1.907735,-0.116118,0.033482,0.324435,0.732405,-0.35738,0.57953,0.171176,0.92039,0.351446,-0.659903,-0.157759,0.73451,0.002767,-0.01671,0.003166,1.202233,3.517291,-0.755939,0.533961,0.035974,0.039195,-0.018357,-0.689464,0.280946,0.667612,-0.054214,-0.939141,0.339223,0.722287,0.197689,0.662736,0.001445,-0.008596,0.001345,1.185345,3.525701,-0.717631,0.522895,0.105796,0.083835,-0.097637,-0.677206,0.121789,-0.725643,-0.563154,-0.720504,0.404636,-0.473549,0.682671,0.556516,-0.030068,-0.051541,0.040604,0.097457,0.640678,0.284996,-0.85011
497,0.135361,0.116726,0.288183,-0.795732,-0.039023,-0.604428,-0.363843,-0.767037,0.528436,-0.483254,0.640456,0.596916,-0.08444,-0.129082,0.106562,3.269386,-2.257686,-3.155653,-1.907658,-0.116238,0.032914,0.324143,0.662249,-0.412585,0.625452,0.244291,0.907937,0.340449,-0.709156,-0.072162,0.701251,0.0027,-0.01486,-0.012356,3.425413,2.881772,3.555244,0.531402,0.035912,0.038925,-0.018491,-0.621046,0.337055,0.707598,-0.123735,-0.933651,0.336131,0.773945,0.121198,0.621546,-0.005132,-0.008626,-0.006379,0.671739,1.454353,0.54968,0.522895,0.104357,0.081577,-0.095808,-0.676223,0.125976,-0.725845,-0.562076,-0.72514,0.397796,-0.476227,0.676979,0.561164,-0.036624,-0.064922,0.053022,0.106631,0.942342,0.191687,-0.856315
498,0.131821,0.111487,0.292823,-0.797391,-0.030533,-0.602728,-0.360431,-0.776975,0.516112,-0.483075,0.62882,0.609304,-0.097002,-0.142238,0.128005,0.164762,0.978692,0.358667,-1.907593,-0.116348,0.032084,0.323469,0.581838,-0.460978,0.670041,0.329539,0.886742,0.324076,-0.744265,0.032812,0.666976,0.004037,-0.022307,-0.018688,0.890492,1.575437,0.313969,0.509737,0.035856,0.038511,-0.018828,-0.539107,0.394368,0.744201,-0.21621,-0.918792,0.330261,0.814012,0.017142,0.580594,0.002229,-0.011945,-0.01007,3.690037,3.172812,3.04778,0.520283,0.102593,0.078963,-0.093496,-0.677391,0.128695,-0.724277,-0.553807,-0.737268,0.386953,-0.484188,0.663229,0.570691,-0.048309,-0.070052,0.0649,-0.153863,0.837969,-0.067179,-0.862846
499,0.129747,0.108548,0.295563,-0.79824,-0.036166,-0.60129,-0.349336,-0.785432,0.510913,-0.489762,0.617926,0.615084,-0.09794,-0.149951,0.138137,3.287586,-1.912361,-3.310807,-1.907557,-0.116318,0.031585,0.32307,0.548027,-0.47571,0.68801,0.368073,0.875686,0.312457,-0.751796,0.082587,0.654099,0.006377,-0.036768,-0.013784,3.741957,2.529848,2.664276,0.480233,0.035871,0.038266,-0.01903,-0.506047,0.409512,0.759089,-0.252699,-0.911871,0.323472,0.824656,-0.028129,0.564933,0.002318,-0.012861,-0.010802,0.267731,0.858332,-0.733571,0.496116,0.101557,0.077499,-0.092128,-0.67859,0.129199,-0.723064,-0.547771,-0.744844,0.380988,-0.489347,0.654609,0.576215,-0.05453,-0.073811,0.070033,0.15395,0.940701,0.341202,-0.862846
500,0.125433,0.102719,0.301318,-0.79844,-0.031667,-0.601278,-0.338682,-0.802066,0.491891,-0.496853,0.596423,0.630431,-0.122342,-0.161146,0.161931,1.387736,-0.206458,-0.043054,-1.907399,-0.115932,0.030572,0.32224,0.515787,-0.470983,0.715633,0.392151,0.872397,0.291676,-0.762326,0.13077,0.633736,0.017939,-0.024384,-0.022369,-0.075395,0.598124,-0.850592,0.453423,0.03606,0.037749,-0.019447,-0.468487,0.409959,0.782593,-0.284567,-0.908631,0.305632,0.836385,-0.079516,0.542343,0.002443,-0.013472,-0.011436,-0.051198,0.614122,-0.872287,0.448271,0.099409,0.074588,-0.089259,-0.679177,0.128384,-0.722658,-0.53307,-0.763083,0.36543,-0.504533,0.633419,0.586707,-0.054862,-0.074754,0.077959,3.665748,-3.628527,-1.502287,-0.867908
501,0.120816,0.096458,0.307824,-0.798624,-0.02294,-0.601431,-0.329185,-0.819941,0.468301,-0.502891,0.572004,0.648027,-0.12437,-0.168175,0.174526,0.2701,1.055224,0.50768,-1.906977,-0.11526,0.029473,0.321087,0.487089,-0.466456,0.738347,0.416543,0.867076,0.273142,-0.76821,0.175078,0.615682,0.033124,-0.032669,-0.031474,3.730726,2.323769,2.967851,0.446177,0.036388,0.037213,-0.020011,-0.441457,0.403028,0.801675,-0.306419,-0.907451,0.28747,0.84334,-0.118743,0.524096,0.0101,-0.018056,-0.016373,-0.389804,0.786964,-0.279476,0.427534,0.097104,0.071469,-0.086004,-0.677609,0.13664,-0.722616,-0.521437,-0.782164,0.34106,-0.518602,0.607905,0.601251,-0.055877,-0.078663,0.083882,-0.002512,0.711246,0.29695,-0.86301
502,0.116033,0.090217,0.314657,-0.80033,-1.8e-05,-0.599598,-0.329703,-0.835257,0.440017,-0.499834,0.549844,0.669227,-0.123825,-0.150481,0.175304,0.416355,0.303914,1.150652,-1.907276,-0.114122,0.028031,0.319554,0.4447,-0.470066,0.762411,0.45856,0.850612,0.257127,-0.76993,0.235839,0.592832,0.035177,-0.042309,-0.040493,-0.27511,0.975373,-0.378763,0.46669,0.036956,0.036497,-0.020772,-0.394326,0.413082,0.820895,-0.356213,-0.892146,0.277825,0.847123,-0.18286,0.498942,0.011126,-0.023077,-0.021053,-0.041556,1.428142,-0.615173,0.432596,0.094713,0.068344,-0.082586,-0.677045,0.159907,-0.718358,-0.518965,-0.795834,0.311966,-0.521809,0.584017,0.621802,-0.056852,-0.082412,0.090058,0.780819,-1.065805,2.465173,-0.859091
503,0.113674,0.087217,0.318079,-0.800487,0.015136,-0.599197,-0.331152,-0.844445,0.420978,-0.498625,0.53539,0.681731,-0.125216,-0.152423,0.17525,0.411914,1.056834,0.686448,-1.9065,-0.113492,0.027201,0.318671,0.424658,-0.46887,0.774479,0.471831,0.844637,0.25278,-0.773196,0.258648,0.578906,0.034192,-0.034505,-0.051652,-0.261838,0.651724,-0.131287,0.476609,0.037284,0.036064,-0.02123,-0.371485,0.4133,0.831373,-0.369686,-0.887252,0.275891,0.851663,-0.204858,0.482392,0.017196,-0.01772,-0.026238,-0.298557,0.684632,-0.097488,0.445169,0.093489,0.066796,-0.080804,-0.674473,0.175662,-0.717096,-0.518996,-0.803611,0.291292,-0.525098,0.568639,0.633182,-0.062739,-0.076465,0.087549,0.485993,1.137074,0.740148,-0.852886
504,0.108911,0.081225,0.324681,-0.800645,0.040997,-0.597772,-0.324935,-0.867937,0.375598,-0.502438,0.494903,0.708981,-0.115602,-0.141118,0.155925,1.073905,0.990656,0.712452,-1.906647,-0.1123,0.025579,0.316748,0.382471,-0.471044,0.794874,0.492913,0.831595,0.255774,-0.781963,0.294549,0.549216,0.020927,-0.035582,-0.051745,3.977508,2.262301,3.034073,0.483897,0.037861,0.035271,-0.022167,-0.331691,0.416399,0.846517,-0.386848,-0.878439,0.280522,0.860423,-0.234427,0.452453,0.017231,-0.017069,-0.026114,-0.170274,0.505308,-0.223647,0.461171,0.091199,0.063927,-0.07761,-0.670595,0.199415,-0.714517,-0.50959,-0.823795,0.248351,-0.539092,0.530654,0.654053,-0.057913,-0.070728,0.077856,4.046293,-0.93066,-2.871895,-0.844395
505,0.104757,0.075714,0.330144,-0.804972,0.067419,-0.589509,-0.31966,-0.886304,0.335044,-0.498898,0.458054,0.73574,-0.095808,-0.139001,0.129653,3.930562,-0.798078,-3.118417,-1.907164,-0.111178,0.024603,0.314796,0.335101,-0.478719,0.811497,0.520652,0.811861,0.264077,-0.78565,0.334596,0.520253,0.032942,-0.025028,-0.044728,-0.421529,1.052346,0.314447,0.489462,0.038434,0.034749,-0.023174,-0.281444,0.429561,0.858059,-0.419943,-0.859165,0.292373,0.862807,-0.27805,0.422198,0.008931,-0.008326,-0.026589,0.147993,0.80865,0.192764,0.470642,0.089073,0.061125,-0.0748,-0.671714,0.230494,-0.704039,-0.503792,-0.838898,0.206016,-0.543132,0.493073,0.67962,-0.048791,-0.076063,0.067877,0.387474,0.722081,0.940581,-0.847824
506,0.102981,0.072972,0.332516,-0.808003,0.074203,-0.584525,-0.313367,-0.894232,0.319564,-0.497988,0.441283,0.746528,-0.085489,-0.137073,0.116933,3.587659,-1.036719,-3.38423,-1.907679,-0.110676,0.024349,0.313811,0.313948,-0.479917,0.819212,0.530071,0.804372,0.268224,-0.788059,0.350614,0.505863,0.030577,-0.010497,-0.049679,-0.452857,0.950764,0.216451,0.494947,0.038685,0.034616,-0.023665,-0.259208,0.432572,0.863534,-0.429343,-0.852501,0.298169,0.865144,-0.293465,0.406697,0.008609,-0.00648,-0.02503,-0.1581,0.56353,-0.156783,0.476684,0.088181,0.059752,-0.07361,-0.674674,0.238613,-0.698482,-0.496103,-0.847275,0.189749,-0.54653,0.474538,0.690012,-0.04317,-0.069892,0.057578,0.384368,0.650275,0.895372,-0.850926
507,0.10006,0.067321,0.336648,-0.814947,0.089726,-0.572587,-0.304199,-0.90715,0.290713,-0.492327,0.41098,0.767292,-0.066254,-0.146549,0.097155,0.352326,0.710805,0.696507,-1.908045,-0.109872,0.024277,0.311897,0.28267,-0.478376,0.831411,0.536278,0.797388,0.27661,-0.795623,0.368258,0.480867,0.027167,0.009402,-0.049705,-0.172946,0.590296,0.002556,0.499004,0.03909,0.034569,-0.024625,-0.224931,0.433908,0.872427,-0.434382,-0.846128,0.308835,0.872191,-0.3095,0.378802,0.006881,0.003514,-0.025001,-0.22457,0.689075,-0.003018,0.485992,0.086737,0.056982,-0.07157,-0.682238,0.24839,-0.687643,-0.479076,-0.862352,0.163811,-0.552301,0.441192,0.707327,-0.03334,-0.073926,0.048145,0.257997,0.513668,0.474228,-0.8506
508,0.097889,0.06191,0.339705,-0.825726,0.083725,-0.557864,-0.273746,-0.924158,0.266394,-0.492227,0.372573,0.78672,-0.042846,-0.129649,0.064244,1.193687,0.163844,-0.812136,-1.90844,-0.109342,0.024883,0.309974,0.258282,-0.486269,0.83476,0.540371,0.788908,0.292501,-0.801095,0.376122,0.465449,0.012145,0.015063,-0.042611,4.435444,2.222217,2.592155,0.498151,0.039357,0.034859,-0.025572,-0.205054,0.442145,0.873189,-0.432779,-0.841151,0.324292,0.877869,-0.311401,0.363833,0.005122,0.013431,-0.024875,-0.326007,0.818012,0.276752,0.489421,0.085633,0.054263,-0.070023,-0.694945,0.248904,-0.674608,-0.452858,-0.880244,0.141734,-0.558542,0.403999,0.72444,-0.02168,-0.065591,0.031608,0.418869,0.744436,0.594299,-0.844231
509,0.097081,0.059481,0.340834,-0.828094,0.08462,-0.554207,-0.263553,-0.931264,0.251513,-0.493803,0.354228,0.794171,-0.042706,-0.121474,0.054851,0.473138,0.737832,0.602955,-1.908674,-0.109259,0.025346,0.309129,0.249261,-0.494604,0.832602,0.543564,0.782921,0.3025,-0.80178,0.377771,0.462926,-0.002211,0.017095,-0.038736,-0.256724,0.52598,0.219311,0.495967,0.039407,0.035105,-0.02603,-0.194098,0.452485,0.870392,-0.440169,-0.833105,0.334942,0.876684,-0.318108,0.360874,-0.001169,0.009026,-0.018917,-0.324607,0.618908,0.291218,0.487624,0.085195,0.052944,-0.069415,-0.698904,0.245368,-0.671808,-0.436679,-0.890301,0.129123,-0.56643,0.383609,0.729383,-0.021604,-0.061462,0.026954,0.375008,0.654256,0.533726,-0.845211
510,0.095799,0.055017,0.34256,-0.833553,0.086265,-0.545705,-0.250083,-0.939668,0.233355,-0.491617,0.330872,0.805521,-0.029463,-0.105066,0.035736,0.198199,0.391877,0.415909,-1.909659,-0.109379,0.026491,0.307696,0.239901,-0.513638,0.823781,0.542735,0.774449,0.324964,-0.805178,0.36976,0.463497,-0.006228,0.039066,-0.036112,0.037873,-0.067889,0.323301,0.49352,0.039351,0.03565,-0.026725,-0.185832,0.472191,0.861685,-0.436845,-0.825227,0.358001,0.880132,-0.309895,0.359628,-0.002308,0.014422,-0.013751,-0.379833,-1.628715,1.983455,0.484359,0.084562,0.050742,-0.068571,-0.705564,0.247604,-0.66398,-0.421474,-0.899859,0.112303,-0.569682,0.359087,0.739267,-0.014845,-0.05282,0.017686,0.327657,0.639391,0.345692,-0.852886
511,0.094719,0.051683,0.343637,-0.84133,0.069948,-0.53602,-0.22131,-0.949257,0.223393,-0.492151,0.30648,0.814791,-0.025257,-0.076259,0.024764,0.921434,-0.141175,-1.203217,-1.911342,-0.109571,0.027655,0.30695,0.231935,-0.534234,0.812891,0.544719,0.763613,0.34657,-0.806162,0.363066,0.467065,-0.00442,0.026008,-0.011836,0.02425,0.063168,0.100741,0.490778,0.039251,0.036258,-0.027121,-0.181179,0.494178,0.850271,-0.437434,-0.81484,0.380375,0.880809,-0.303022,0.363803,-0.002302,0.013565,-0.005382,0.058311,0.027029,0.053875,0.480603,0.084014,0.049048,-0.06804,-0.71702,0.234272,-0.656504,-0.39474,-0.912724,0.105423,-0.57451,0.334739,0.746918,-0.012638,-0.038198,0.012336,3.001117,-0.977254,-4.375547,-0.851253
512,0.093897,0.049344,0.344299,-0.845493,0.050944,-0.531593,-0.196274,-0.955417,0.220513,-0.495611,0.290711,0.818465,-0.023146,-0.061744,0.019305,0.139482,-0.08203,-0.370185,-1.911502,-0.109858,0.028575,0.306829,0.238748,-0.556303,0.795939,0.540402,0.757031,0.367156,-0.807087,0.343149,0.480337,-0.002118,0.01053,0.010029,-0.486839,-0.884317,0.576398,0.487497,0.039108,0.036716,-0.027184,-0.191564,0.515105,0.835445,-0.431904,-0.808604,0.399521,0.88134,-0.284298,0.377376,-0.002023,0.01095,0.001216,-1.639619,-2.594369,1.39234,0.477011,0.083602,0.047873,-0.067707,-0.724882,0.214796,-0.654528,-0.369636,-0.923058,0.106449,-0.581303,0.3191,0.748505,-0.00475,-0.026318,0.005063,0.744021,-0.429722,-1.327351,-0.84815
513,0.093561,0.048338,0.344508,-0.84683,0.043048,-0.530162,-0.186306,-0.95759,0.219733,-0.497168,0.284789,0.819601,-0.021912,-0.050384,0.01156,-0.091487,0.117734,-0.11435,-1.912396,-0.110033,0.028828,0.307033,0.246941,-0.56526,0.787078,0.533751,0.757175,0.376469,-0.809056,0.327829,0.487667,-0.002742,0.013667,0.012985,-0.100511,-0.708454,0.807406,0.484124,0.039021,0.036843,-0.027082,-0.201815,0.523348,0.827874,-0.423836,-0.808689,0.4079,0.882968,-0.268562,0.385019,-0.007176,-0.000145,0.010008,-0.405241,-2.102441,2.311231,0.474398,0.083434,0.047368,-0.067598,-0.727568,0.206697,-0.654156,-0.359757,-0.926858,0.107267,-0.584139,0.313381,0.748713,-0.004148,-0.020722,0.001126,-0.082704,-0.051816,0.079854,-0.851579
514,0.092868,0.04685,0.344789,-0.849261,0.009378,-0.527932,-0.147567,-0.964224,0.220155,-0.505926,0.264857,0.820924,-0.018729,-0.032523,0.0084,-0.043678,0.062548,-0.118543,-1.913609,-0.110384,0.029228,0.3079,0.268419,-0.580491,0.768748,0.522108,0.758237,0.390402,-0.809842,0.29729,0.505608,-0.015667,0.007128,0.02686,-0.068049,-0.37504,0.193377,0.477002,0.038852,0.037042,-0.026664,-0.226462,0.537538,0.81226,-0.411083,-0.808762,0.420611,0.88302,-0.238654,0.404127,-0.001244,0.00522,0.014012,-1.21411,-1.175337,-0.349653,0.466397,0.083091,0.046617,-0.067463,-0.735262,0.173662,-0.655156,-0.323156,-0.939498,0.113635,-0.595784,0.29527,0.746897,-0.009215,-0.015744,0.004581,0.181855,-0.051273,-0.501449,-0.842925
515,0.092098,0.046225,0.344944,-0.852811,-0.025436,-0.521644,-0.101389,-0.971755,0.213039,-0.51127,0.234596,0.826798,-0.015751,-0.015485,0.004671,1.112989,-0.146325,-1.097407,-1.914376,-0.110672,0.029655,0.309007,0.277015,-0.59363,0.755551,0.528708,0.75067,0.396102,-0.802642,0.290469,0.520823,-0.00268,0.011507,0.028854,0.041731,-0.326261,0.330694,0.468712,0.038707,0.037262,-0.026103,-0.238094,0.549878,0.80059,-0.417245,-0.802264,0.42694,0.87705,-0.232391,0.420448,-0.001458,0.006256,0.01491,0.026243,-0.314572,0.339299,0.457416,0.082698,0.04629,-0.067384,-0.744533,0.14023,-0.65269,-0.279656,-0.953284,0.114195,-0.606186,0.267552,0.748968,-0.013256,-0.00026,-0.00034,3.312409,-0.740915,-4.35757,-0.851253
516,0.09119,0.046075,0.345101,-0.855869,-0.059624,-0.513788,-0.054044,-0.977595,0.203371,-0.51334,0.201894,0.834115,-0.026332,-0.00695,0.010615,0.381334,0.341574,0.017854,-1.914846,-0.110741,0.030122,0.310167,0.284655,-0.601234,0.746646,0.533912,0.746233,0.397504,-0.796509,0.286231,0.532455,-0.002713,0.01168,0.028822,0.283316,-0.545752,-0.133711,0.468815,0.038661,0.037498,-0.025519,-0.244734,0.557926,0.792983,-0.421586,-0.797729,0.431153,0.873138,-0.228793,0.430445,-0.001478,0.00636,0.014901,-0.028113,-0.143483,0.225803,0.450558,0.082256,0.046209,-0.067309,-0.753696,0.105239,-0.648742,-0.231737,-0.966253,0.112481,-0.615012,0.235114,0.752649,-0.012477,0.002344,0.001526,1.258572,0.068953,-1.20521,-0.841945
517,0.090708,0.046087,0.345247,-0.856323,-0.085448,-0.509368,-0.023668,-0.9787,0.203863,-0.514875,0.186728,0.836699,-0.025505,-0.004268,0.012531,2.4511,-0.420111,-5.033248,-1.914809,-0.110638,0.0304,0.310698,0.284382,-0.603359,0.745034,0.534854,0.744708,0.399094,-0.795974,0.285731,0.533522,0.010623,0.013798,0.028799,-0.004981,-0.180408,0.235152,0.469495,0.038711,0.037643,-0.025241,-0.24732,0.559521,0.791055,-0.423443,-0.796742,0.431156,0.871509,-0.228334,0.433976,0.005337,0.006691,0.014212,-0.027233,-0.145691,0.231119,0.451537,0.081997,0.046215,-0.067231,-0.75931,0.081968,-0.645545,-0.203284,-0.972264,0.115656,-0.618161,0.219048,0.754913,-0.012581,-0.001853,0.006511,2.366331,-0.392373,-5.106201,-0.837536
518,0.089436,0.045744,0.34587,-0.854477,-0.128831,-0.503305,0.029719,-0.979307,0.200114,-0.51761,0.156189,0.841256,-0.041111,-0.025881,0.028725,2.78731,-0.900095,-4.717129,-1.914643,-0.110147,0.03105,0.311531,0.277766,-0.602683,0.748072,0.534411,0.743954,0.401087,-0.798595,0.28911,0.527754,0.010108,0.018058,0.014657,-0.179497,0.19657,0.270574,0.472044,0.038955,0.037977,-0.024809,-0.241281,0.559119,0.793201,-0.423154,-0.796171,0.432494,0.87334,-0.231294,0.428695,0.01272,0.004021,0.010747,-0.359293,0.359697,0.389322,0.453333,0.081379,0.046062,-0.066923,-0.764822,0.041747,-0.642886,-0.154769,-0.98058,0.120448,-0.625374,0.19162,0.756431,-0.019888,-0.007234,0.010506,0.069559,0.098897,0.126788,-0.840312
519,0.087768,0.044665,0.347027,-0.852721,-0.165688,-0.495439,0.07604,-0.977643,0.195967,-0.515773,0.129632,0.846877,-0.042692,-0.037375,0.036488,2.784986,-0.894334,-4.547933,-1.913966,-0.109416,0.0315,0.311922,0.2728,-0.607458,0.746034,0.534041,0.740534,0.407852,-0.800546,0.287898,0.525456,0.023328,0.022361,-0.001197,-0.09378,0.123286,0.243223,0.47777,0.03931,0.038202,-0.024606,-0.236561,0.564391,0.790886,-0.422089,-0.792864,0.439552,0.875145,-0.229844,0.425784,0.012831,0.004394,0.002126,-0.259211,0.293734,0.316228,0.457579,0.080546,0.045528,-0.066347,-0.7702,0.004704,-0.637783,-0.108626,-0.98633,0.123904,-0.628482,0.164711,0.760183,-0.026899,-0.011718,0.015193,0.117249,0.326089,-0.023083,-0.834271
520,0.086826,0.043996,0.347734,-0.854658,-0.177031,-0.488124,0.093775,-0.977256,0.190128,-0.509619,0.116934,0.852433,-0.055098,-0.034296,0.038548,0.457093,0.374993,-0.384385,-1.915118,-0.109091,0.031626,0.311949,0.276307,-0.606747,0.745321,0.530055,0.743022,0.408527,-0.801997,0.282928,0.525943,0.010983,0.015507,-0.005581,0.036521,-0.019812,0.051026,0.479179,0.039477,0.038269,-0.02459,-0.239149,0.563881,0.790471,-0.417581,-0.794691,0.440556,0.876603,-0.224728,0.425516,0.006508,0.001728,0.00063,0.017699,-0.045042,0.043429,0.460518,0.080096,0.045206,-0.066009,-0.774389,-0.010637,-0.632618,-0.086488,-0.988693,0.122494,-0.626769,0.149572,0.764714,-0.021323,-0.018547,0.018413,3.161287,-0.356958,-4.479976,-0.829535
521,0.085173,0.042675,0.349104,-0.855815,-0.189649,-0.48131,0.115963,-0.977036,0.178674,-0.503079,0.097327,0.858758,-0.028656,-0.027244,0.028077,0.06493,0.138502,0.165233,-1.915295,-0.108599,0.031755,0.311848,0.282402,-0.611228,0.739351,0.52179,0.744524,0.416357,-0.805295,0.268958,0.528227,0.013664,0.000355,-0.001559,0.000507,-0.018943,0.034749,0.478593,0.039733,0.038333,-0.024648,-0.246349,0.568066,0.785246,-0.40849,-0.795593,0.447399,0.878889,-0.210549,0.428043,0.006887,-9.3e-05,-0.001034,0.009374,-0.020604,0.020768,0.462968,0.079243,0.044528,-0.065307,-0.779174,-0.024047,-0.626345,-0.060963,-0.991618,0.113909,-0.623835,0.126939,0.771178,-0.02119,-0.017684,0.019054,0.016817,0.274531,-0.05275,-0.830351
522,0.083719,0.04144,0.350386,-0.85961,-0.198302,-0.470948,0.132175,-0.976555,0.169829,-0.492516,0.083979,0.866258,-0.041426,-0.025032,0.029517,0.025275,0.225295,-0.055576,-1.914724,-0.10844,0.031912,0.311725,0.293988,-0.620587,0.726935,0.510423,0.744865,0.429626,-0.808444,0.245504,0.534798,-0.001958,0.011584,-0.007279,0.018721,-0.144517,0.163167,0.470484,0.039815,0.0384,-0.024714,-0.259923,0.57662,0.774563,-0.395648,-0.795306,0.459292,0.880852,-0.187074,0.434857,5e-06,-1.3e-05,-1.1e-05,-0.101038,-0.080028,-0.082933,0.458559,0.078522,0.043911,-0.064665,-0.78594,-0.032333,-0.617456,-0.043737,-0.993222,0.107682,-0.616753,0.111637,0.779199,-0.014522,-0.01395,0.013859,-0.006422,0.071947,0.122551,-0.830515
523,0.083054,0.040897,0.350937,-0.859829,-0.204271,-0.467987,0.142947,-0.976146,0.163328,-0.489118,0.073785,0.869106,-0.029172,-0.028256,0.027442,0.143215,0.21152,0.209912,-1.915118,-0.108468,0.032012,0.311711,0.299348,-0.626207,0.719895,0.507634,0.743284,0.435627,-0.808241,0.235811,0.539448,-0.002352,0.013486,-0.005541,0.052686,-0.12716,0.185608,0.462954,0.039802,0.038445,-0.024726,-0.266626,0.58186,0.768341,-0.392361,-0.793679,0.464893,0.880319,-0.177515,0.439915,-0.006896,0.00015,0.001081,0.010048,-0.163676,0.201719,0.452517,0.078185,0.043641,-0.064388,-0.787185,-0.038977,-0.615482,-0.032067,-0.994063,0.103964,-0.615881,0.101575,0.781263,-0.014633,-0.014203,0.013689,0.21615,0.393146,0.090502,-0.833291
524,0.082117,0.04009,0.351767,-0.856545,-0.222153,-0.465858,0.165206,-0.973147,0.160195,-0.487871,0.060522,0.87083,-0.013835,-0.008254,0.009922,-0.030986,0.038597,-0.041923,-1.91461,-0.10868,0.032254,0.311834,0.313652,-0.634723,0.706215,0.497978,0.743127,0.446894,-0.808841,0.212294,0.548242,-0.001541,0.007459,0.006797,0.019583,-0.132234,0.184334,0.436522,0.039696,0.038564,-0.024673,-0.283052,0.589396,0.756633,-0.381547,-0.792981,0.474976,0.879945,-0.154248,0.449337,-0.007411,0.002653,0.003362,0.018469,-0.110095,0.148096,0.427207,0.07771,0.043229,-0.063968,-0.787149,-0.05698,-0.614124,-0.009433,-0.994494,0.104363,-0.616689,0.087942,0.782278,-0.013848,-0.008243,0.009947,-0.090585,0.051945,-0.098346,-0.836393
525,0.081583,0.039613,0.352177,-0.851292,-0.242842,-0.465161,0.187847,-0.968756,0.161856,-0.488874,0.050703,0.870895,-0.014608,-0.010456,0.00835,0.196503,-0.030046,-0.501695,-1.91466,-0.10896,0.032596,0.312293,0.339369,-0.639979,0.689381,0.486802,0.746504,0.453531,-0.805289,0.182469,0.563984,-0.016241,0.012336,0.013051,-0.188908,-2.234886,1.989119,0.412868,0.039563,0.038729,-0.024449,-0.309201,0.591136,0.744951,-0.368957,-0.796547,0.478939,0.876507,-0.126767,0.464397,-0.000569,0.001681,0.010427,0.257538,-0.452474,-0.066124,0.393896,0.077444,0.042995,-0.063759,-0.785114,-0.077918,-0.61443,0.012386,-0.993831,0.110205,-0.619227,0.078913,0.781236,-0.000873,-0.00609,0.00368,0.722839,-0.365075,-1.319275,-0.831168
526,0.081385,0.039504,0.352168,-0.846878,-0.258225,-0.464933,0.205215,-0.965177,0.162148,-0.48956,0.042223,0.870962,0.000372,0.008182,-0.010205,0.035701,-0.021007,0.011095,-1.914473,-0.109208,0.033058,0.31309,0.368772,-0.639302,0.674752,0.476391,0.753229,0.453465,-0.798595,0.155013,0.581447,-0.015327,0.005977,0.024937,0.327941,-0.546817,-0.17884,0.409147,0.039438,0.038965,-0.024053,-0.340126,0.590661,0.731732,-0.358156,-0.800844,0.47997,0.869504,-0.098825,0.483937,-0.001194,0.004705,0.013107,0.334598,-0.495803,-0.32379,0.377403,0.077339,0.042934,-0.063756,-0.783082,-0.094265,-0.614732,0.030248,-0.993049,0.113746,-0.621182,0.070478,0.78049,-0.000448,-0.001292,-0.000923,0.021486,-0.006524,-0.035773,-0.829372
527,0.081379,0.039559,0.352038,-0.846822,-0.25824,-0.465027,0.205398,-0.965189,0.161844,-0.48958,0.041852,0.870969,0.000314,0.008011,-0.010327,0.033825,-0.020361,0.014599,-1.91444,-0.109391,0.033201,0.313623,0.38941,-0.638568,0.663764,0.467383,0.757881,0.455086,-0.794133,0.133807,0.592715,-0.015627,0.00755,0.026273,-1.140678,-3.283658,0.730493,0.406229,0.039341,0.039041,-0.023775,-0.361383,0.588119,0.723544,-0.349095,-0.80489,0.479878,0.8646,-0.079166,0.496183,-0.007885,0.004049,0.013322,-1.205844,-3.225627,0.745011,0.372831,0.077335,0.042962,-0.063826,-0.783018,-0.094249,-0.614816,0.030465,-0.993077,0.113435,-0.621252,0.070091,0.780469,0.000131,0.003932,-0.005216,0.032834,-0.02002,0.016551,-0.831331
528,0.081417,0.039866,0.35168,-0.84658,-0.257824,-0.465697,0.205607,-0.965357,0.160569,-0.48991,0.040498,0.870847,-0.000491,-0.001433,-0.00103,0.0,0.0,0.0,-1.914897,-0.109792,0.033087,0.315015,0.427959,-0.63364,0.64447,0.452774,0.767356,0.453976,-0.782721,0.098301,0.614449,-0.012173,-0.013304,0.042771,0.054766,-1.048065,0.445598,0.3874,0.039144,0.038991,-0.023093,-0.402583,0.57956,0.708545,-0.333961,-0.813681,0.475806,0.852289,-0.045075,0.521125,-0.006125,-0.006775,0.021287,-0.167426,-2.614213,1.867556,0.356665,0.077353,0.043113,-0.064007,-0.782613,-0.093785,-0.615402,0.030796,-0.993208,0.112198,-0.621745,0.068856,0.780186,0.000418,0.004759,-0.004617,0.032934,-0.020211,0.015761,-0.833944
529,0.081433,0.040144,0.35135,-0.842916,-0.261225,-0.470426,0.205952,-0.964307,0.166333,-0.496037,0.043638,0.86722,0.000553,0.008704,-0.009819,-0.196327,-0.23293,-0.119984,-1.914322,-0.110013,0.0325,0.316733,0.453118,-0.63088,0.629815,0.455788,0.771044,0.444615,-0.76667,0.086381,0.636096,0.003142,-0.023598,0.049333,0.426045,-0.848034,-0.197056,0.369491,0.039027,0.038707,-0.022231,-0.427855,0.576171,0.696395,-0.33731,-0.8166,0.468386,0.838547,-0.034499,0.543735,-0.005123,-0.012531,0.024922,0.084029,-0.469594,0.096831,0.330049,0.077362,0.043254,-0.064171,-0.778889,-0.097266,-0.619572,0.030319,-0.992584,0.11771,-0.626427,0.072898,0.776063,0.000268,0.004312,-0.004939,-0.242645,-0.276351,-0.148328,-0.834434
530,0.081486,0.040241,0.351215,-0.83968,-0.271,-0.470683,0.217401,-0.961873,0.16586,-0.496641,0.037273,0.867171,-0.000498,-0.001454,-0.001046,2.597879,-0.919736,-4.794414,-1.914225,-0.110018,0.032005,0.317674,0.466303,-0.628508,0.62252,0.454317,0.773873,0.441192,-0.759618,0.077872,0.645584,0.003542,-0.025575,0.047576,0.317369,-0.76734,-0.14437,0.369079,0.039024,0.038464,-0.021757,-0.441996,0.572605,0.69048,-0.336163,-0.81939,0.46432,0.831644,-0.026887,0.554656,0.001694,-0.012571,0.023987,0.252291,-0.740443,-0.409832,0.322864,0.077388,0.043301,-0.06424,-0.77711,-0.106139,-0.62035,0.040086,-0.992022,0.119515,-0.628086,0.068009,0.775165,-0.000145,-0.000691,-0.00044,2.619294,-0.893821,-4.780679,-0.834924
531,0.081484,0.040427,0.351047,-0.836769,-0.277135,-0.472293,0.223368,-0.960206,0.16758,-0.4989,0.035069,0.865966,-1.8e-05,-5.3e-05,-3.8e-05,-0.000314,-0.00029,-0.000184,-1.914036,-0.109969,0.03106,0.319375,0.493697,-0.621131,0.608645,0.446319,0.781566,0.43576,-0.746971,0.057287,0.662281,0.002202,-0.016927,0.037631,0.350777,-0.711099,-0.059572,0.37656,0.039048,0.037989,-0.020902,-0.470005,0.563276,0.679569,-0.327977,-0.826233,0.458005,0.819466,-0.007619,0.573075,0.001101,-0.008615,0.018687,0.3749,-0.76213,-0.102832,0.323517,0.077387,0.043393,-0.064324,-0.774732,-0.114011,-0.621925,0.047581,-0.991332,0.122458,-0.630497,0.06528,0.773441,1.8e-05,4.2e-05,3e-05,0.005807,0.005914,0.00494,-0.835577
532,0.081384,0.040583,0.350941,-0.836626,-0.276667,-0.472818,0.223169,-0.960361,0.166953,-0.499226,0.034497,0.8658,-0.000468,-0.001366,-0.000984,9.3e-05,-0.106952,0.167696,-1.914477,-0.109847,0.030727,0.320591,0.510302,-0.618024,0.598021,0.441955,0.784899,0.434216,-0.738373,0.043484,0.672888,-0.001174,0.003826,0.02072,0.265572,-0.429743,-0.073749,0.369919,0.03911,0.037817,-0.020279,-0.488145,0.558795,0.670419,-0.323763,-0.829288,0.455475,0.810488,0.00528,0.58573,-0.000593,0.001826,0.010283,0.355256,-0.499881,-0.121839,0.322538,0.077338,0.043475,-0.064374,-0.774519,-0.113596,-0.622265,0.047548,-0.991414,0.121803,-0.63076,0.064751,0.773271,-0.006494,0.000676,0.000371,-0.001235,0.030404,-0.053275,-0.835904
533,0.081209,0.040434,0.350952,-0.837726,-0.274454,-0.47216,0.22214,-0.961043,0.164387,-0.49784,0.03316,0.86665,-0.00288,-0.015474,0.004936,0.093945,0.154371,0.036404,-1.914598,-0.109883,0.031257,0.321053,0.515802,-0.615891,0.595499,0.434159,0.787061,0.43815,-0.739184,0.033307,0.672578,-0.004259,0.023123,0.002547,-0.308324,0.337061,0.361847,0.376507,0.039093,0.038075,-0.020048,-0.496333,0.554552,0.667925,-0.316162,-0.832012,0.455846,0.808513,0.015079,0.588284,-0.001984,0.010779,0.000598,0.036243,-0.018045,0.048585,0.322048,0.077253,0.04341,-0.064369,-0.77519,-0.111239,-0.621855,0.046706,-0.991772,0.119187,-0.629997,0.063348,0.774008,-0.001343,-0.007458,0.00267,0.150925,0.193022,0.096598,-0.836067
534,0.081145,0.040154,0.351028,-0.837737,-0.273627,-0.472621,0.221118,-0.961262,0.164479,-0.498277,0.033619,0.866381,-0.003087,-0.016077,0.004502,-0.031473,-0.084333,0.154526,-1.914066,-0.109999,0.031677,0.321003,0.51728,-0.613685,0.596492,0.429396,0.788927,0.439486,-0.740934,0.029556,0.670825,-0.005176,0.029678,-0.009169,-0.112243,0.171876,0.221833,0.380541,0.039034,0.038287,-0.020065,-0.496079,0.553096,0.66932,-0.310554,-0.832891,0.458091,0.810839,0.01939,0.584946,-0.001538,0.008602,-0.001274,-0.266533,0.299956,0.257053,0.32613,0.077221,0.043269,-0.064331,-0.775262,-0.110317,-0.621931,0.045842,-0.99186,0.11879,-0.629974,0.063582,0.774008,-0.001743,-0.008616,0.001835,-0.044715,0.025499,-0.045738,-0.83672
535,0.080834,0.039343,0.35143,-0.84043,-0.271439,-0.469088,0.220277,-0.961903,0.16184,-0.494101,0.033017,0.868793,-0.002299,-0.013772,0.006173,-0.002031,0.049948,0.00406,-1.913532,-0.110248,0.032737,0.320415,0.513144,-0.616829,0.596822,0.425469,0.786621,0.447367,-0.746056,0.025132,0.665307,-0.003704,0.022379,-0.015411,-0.409425,0.504534,0.448978,0.388102,0.038907,0.038829,-0.020361,-0.493038,0.55609,0.669087,-0.306358,-0.830771,0.464718,0.814283,0.024143,0.579964,-0.001769,0.010806,-0.008031,-0.38751,0.49144,0.439928,0.334458,0.077063,0.042856,-0.064136,-0.778268,-0.107643,-0.618635,0.045301,-0.992254,0.115662,-0.626294,0.061992,0.777117,-0.008132,-0.011105,0.007984,-0.066205,0.071979,-0.083656,-0.836883
536,0.080254,0.038783,0.352081,-0.843202,-0.270596,-0.464579,0.220538,-0.962148,0.160021,-0.489246,0.032803,0.871544,-0.014448,-0.016894,0.019819,-0.038624,0.083309,-0.041296,-1.867563,-0.110426,0.033981,0.319301,0.511509,-0.616194,0.598877,0.412671,0.787389,0.45788,-0.754324,0.013695,0.656255,-0.006434,0.039906,-0.034904,-0.316822,0.464563,0.472277,0.394085,0.038819,0.039447,-0.020922,-0.490672,0.555831,0.671037,-0.292313,-0.830493,0.474166,0.820849,0.036507,0.569976,-0.003135,0.019608,-0.017743,-0.243465,0.410502,0.4342,0.343112,0.076776,0.042574,-0.063818,-0.781564,-0.106637,-0.614643,0.045813,-0.992431,0.113927,-0.62214,0.060883,0.780534,-0.006381,-0.002435,0.006192,-0.028081,0.040377,-0.041854,-0.834597
537,0.079902,0.038613,0.352424,-0.843345,-0.270959,-0.464106,0.220373,-0.962007,0.161087,-0.489073,0.033906,0.871599,-0.025158,-0.001675,0.01443,-0.034961,-0.055659,0.094923,-1.791507,-0.110481,0.034592,0.318679,0.518176,-0.61034,0.599141,0.399963,0.792041,0.461123,-0.756625,0.00145,0.653742,-0.004091,0.02627,-0.0293,0.002196,0.10504,0.123646,0.393394,0.038793,0.039742,-0.021222,-0.495166,0.550478,0.672148,-0.278359,-0.833391,0.477466,0.822998,0.049327,0.565898,0.003574,0.019881,-0.01835,0.082309,0.05521,0.155162,0.346378,0.076595,0.042484,-0.063638,-0.781722,-0.107196,-0.614344,0.045468,-0.99229,0.115288,-0.621966,0.06219,0.780569,-0.012529,-0.000662,0.007351,-0.042329,-0.062576,0.090468,-0.813369
538,0.079167,0.038311,0.352991,-0.844353,-0.271772,-0.461794,0.219617,-0.961642,0.164273,-0.487674,0.037618,0.87223,-0.026297,-0.004878,0.012118,-0.046634,0.067216,-0.0827,-1.717693,-0.110398,0.035682,0.31751,0.531378,-0.598523,0.599499,0.374099,0.800637,0.467936,-0.760707,-0.023634,0.64856,0.008996,0.028342,-0.029192,-0.151138,0.252121,0.285342,0.377259,0.038834,0.040292,-0.021822,-0.508415,0.536773,0.673341,-0.251963,-0.840452,0.479743,0.823424,0.074252,0.562545,0.004531,0.014085,-0.014669,-0.255916,0.332962,0.349174,0.335274,0.076231,0.042341,-0.063348,-0.783211,-0.108033,-0.612297,0.044227,-0.991974,0.11845,-0.62018,0.065691,0.781704,-0.013195,-0.002547,0.005992,-0.044408,0.062748,-0.080058,-0.779405
539,0.078542,0.038253,0.353169,-0.844947,-0.275617,-0.458416,0.220472,-0.960294,0.170877,-0.48626,0.04365,0.872739,-0.025714,0.003922,0.002319,-0.406753,0.68394,-0.421853,-1.658385,-0.110195,0.036447,0.316727,0.546902,-0.589883,0.594076,0.359356,0.806219,0.469902,-0.756818,-0.042772,0.65212,-0.001326,0.008544,-0.009925,0.009484,-0.029621,-0.008073,0.367929,0.038935,0.040653,-0.022212,-0.522878,0.527627,0.669482,-0.236569,-0.844373,0.480695,0.818921,0.092967,0.566325,-0.00057,0.003892,-0.005295,-0.261748,-0.239785,-0.326091,0.322701,0.075928,0.042311,-0.06326,-0.784395,-0.111628,-0.610133,0.044026,-0.991211,0.124748,-0.618697,0.07099,0.782415,-0.006409,0.001016,0.000594,-1.323706,2.164738,-1.143757,-0.770587
540,0.077929,0.038294,0.353138,-0.845505,-0.280228,-0.454575,0.222337,-0.958692,0.177336,-0.48444,0.049212,0.873455,-0.01405,-0.00139,-0.001266,-0.001965,0.013808,-0.030117,-1.63947,-0.110038,0.036879,0.316616,0.567236,-0.583897,0.580775,0.345859,0.808804,0.475554,-0.748108,-0.068158,0.659964,0.011964,0.007518,0.004779,-0.032773,-0.522416,-0.512009,0.343656,0.039013,0.040872,-0.022284,-0.542669,0.521495,0.658447,-0.22238,-0.845145,0.486082,0.809973,0.117356,0.574604,-0.000699,0.003423,0.002977,-0.482026,-1.267518,-1.446836,0.301963,0.075612,0.042333,-0.063274,-0.786753,-0.116624,-0.606149,0.045035,-0.990217,0.132065,-0.615622,0.076604,0.784308,-0.00709,-0.00088,-0.000755,0.00949,0.019077,-0.022067,-0.781528
541,0.077696,0.038315,0.353041,-0.847174,-0.282933,-0.449768,0.223668,-0.957691,0.181035,-0.480905,0.053115,0.875178,-0.000472,0.005743,-0.012006,0.022916,0.012114,-0.019027,-1.630302,-0.109976,0.037007,0.316793,0.573543,-0.585469,0.572945,0.343705,0.806771,0.480542,-0.744287,-0.077958,0.663191,-0.001936,0.009468,0.008192,-0.037053,-0.200105,0.18681,0.328629,0.03905,0.040934,-0.022198,-0.55146,0.521154,0.651374,-0.219811,-0.844021,0.489193,0.804719,0.126591,0.58,0.006408,0.000631,0.008332,-0.203608,-0.665949,0.654761,0.285634,0.075495,0.042341,-0.063319,-0.789667,-0.11925,-0.601833,0.045836,-0.989654,0.135953,-0.611819,0.079772,0.786964,-0.007118,-0.000954,-0.000813,-0.034237,0.071668,-0.057624,-0.78659
542,0.077301,0.038357,0.352846,-0.851273,-0.289219,-0.437871,0.226671,-0.955217,0.190138,-0.472195,0.06296,0.879258,-0.014,-0.001198,-0.001141,-0.120424,0.207888,-0.130728,-1.61959,-0.109966,0.037187,0.317472,0.586415,-0.579838,0.565594,0.33676,0.809476,0.48091,-0.73741,-0.090821,0.669209,-0.001009,0.002883,0.019743,0.063375,-0.110409,-0.078754,0.305701,0.039054,0.041031,-0.021859,-0.564426,0.514881,0.645229,-0.212732,-0.845962,0.48897,0.797601,0.138727,0.587015,-0.000683,0.002272,0.010586,0.0957,-0.152706,-0.078321,0.249873,0.075301,0.04236,-0.063424,-0.796543,-0.125374,-0.591437,0.047561,-0.988224,0.145431,-0.602707,0.087713,0.793126,-0.000162,0.003072,-0.005853,-0.399002,0.698643,-0.383415,-0.791162
543,0.077018,0.038463,0.352687,-0.855274,-0.295559,-0.425672,0.229963,-0.952574,0.199232,-0.463304,0.072871,0.883214,0.000834,0.009407,-0.009355,0.033724,-0.020605,0.01449,-1.603751,-0.110082,0.037263,0.318336,0.589469,-0.579981,0.562263,0.336937,0.809048,0.481507,-0.734891,-0.093663,0.671584,-0.001246,0.004062,0.020685,-0.026349,-0.031546,0.022646,0.304182,0.038995,0.041073,-0.02143,-0.568093,0.514682,0.642161,-0.212947,-0.845661,0.489398,0.794936,0.141277,0.590014,0.000389,-0.004006,0.013786,-0.086754,0.007928,-0.009374,0.235014,0.075153,0.042407,-0.063502,-0.80355,-0.131738,-0.580475,0.049597,-0.986628,0.155256,-0.593166,0.095966,0.799339,-0.006605,0.00051,0.000236,0.001033,0.026273,-0.051663,-0.796877
544,0.076948,0.038542,0.352634,-0.855571,-0.294518,-0.425797,0.225436,-0.952304,0.205593,-0.464974,0.08027,0.881694,0.001217,0.010475,-0.008578,-0.396173,-0.281271,-0.349172,-1.59656,-0.110167,0.037231,0.318758,0.592989,-0.576232,0.562415,0.331296,0.811116,0.481941,-0.734628,-0.098742,0.671145,-0.012171,-0.010352,0.027242,-3.178185,-2.667346,-3.731128,0.303981,0.038956,0.041066,-0.021212,-0.567992,0.514484,0.64241,-0.211925,-0.845643,0.489872,0.795281,0.1421,0.58935,-0.000543,0.001575,0.009942,-0.034995,-0.022694,0.029717,0.233218,0.075118,0.042449,-0.063532,-0.804514,-0.129617,-0.579616,0.044331,-0.986278,0.159025,-0.592276,0.102243,0.799221,0.000648,0.005345,-0.004207,-0.376363,-0.265333,-0.337411,-0.797857
