frame,MLTx,MLTy,MLTz,MLTR1,MLTR2,MLTR3,MLTR4,MLTR5,MLTR6,MLTR7,MLTR8,MLTR9,MLTTVx,MLTTVy,MLTTVz,MLTRVx,MLTRVy,MLTRVz,MLGA,MRTx,MRTy,MRTz,MRTR1,MRTR2,MRTR3,MRTR4,MRTR5,MRTR6,MRTR7,MRTR8,MRTR9,MRTTVx,MRTTVy,MRTTVz,MRTRVx,MRTRVy,MRTRVz,MRGA,SLTx,SLTy,SLTz,SLTR1,SLTR2,SLTR3,SLTR4,SLTR5,SLTR6,SLTR7,SLTR8,SLTR9,SLTTVx,SLTTVy,SLTTVz,SLTRVx,SLTRVy,SLTRVz,SLGA,SRTx,SRTy,SRTz,SRTR1,SRTR2,SRTR3,SRTR4,SRTR5,SRTR6,SRTR7,SRTR8,SRTR9,SRTTVx,SRTTVy,SRTTVz,SRTRVx,SRTRVy,SRTRVz,SRGA
40,0.153498,-0.0541,0.307831,-0.245554,0.338757,-0.908291,-0.84574,-0.532731,0.029898,-0.473449,0.775097,0.418447,0.015135,0.003813,-0.017589,0.006053,-0.213627,-0.083644,-0.247491,-0.176009,-0.040845,0.299496,-0.45431,0.061124,0.88874,0.577357,-0.739454,0.346122,0.678882,0.670281,0.29951,-0.096448,0.042259,-0.026872,1.257239,1.507851,2.164384,-0.094944,0.040862,0.023182,-0.025011,0.434688,-0.003285,0.900574,-0.536158,0.802518,0.26172,-0.723588,-0.596617,0.347085,-0.056053,0.021083,-0.012512,4.813732,2.164196,5.199032,-0.31152,0.073804,0.012476,-0.066102,0.389794,-0.341078,-0.855409,0.75934,0.644577,0.089004,0.52102,-0.68424,0.510247,0.007566,0.0072,-0.013253,0.057375,-0.345882,-0.111567,-0.391916
41,0.153767,-0.05356,0.306649,-0.249761,0.317838,-0.914682,-0.834126,-0.550342,0.036471,-0.491493,0.771673,0.403712,0.01479,0.011737,-0.029987,-0.020323,-0.577848,-0.249758,-0.285737,-0.18044,-0.039185,0.298652,-0.451914,0.18977,0.871638,0.460282,-0.787291,0.410179,0.764612,0.58632,0.267321,-0.126915,0.044361,-0.02212,1.371948,1.556,1.701257,-0.013325,0.0387,0.024,-0.025427,0.425661,-0.13036,0.895443,-0.420977,0.847427,0.323487,-0.800993,-0.514657,0.305838,-0.055692,0.022434,-0.011349,1.330528,1.419965,1.401785,-0.240488,0.073939,0.012738,-0.066686,0.392202,-0.321682,-0.861798,0.745023,0.660595,0.092479,0.539551,-0.678331,0.498748,0.007352,0.01074,-0.019996,-0.007391,-0.74965,-0.35224,-0.434862
42,0.153925,-0.052606,0.30505,-0.254797,0.289605,-0.922633,-0.817697,-0.573811,0.045647,-0.515888,0.765704,0.384164,-0.001223,0.033078,-0.047708,0.172891,-0.55835,-0.508408,-0.256395,-0.185084,-0.038324,0.297996,-0.411192,0.330864,0.849377,0.312357,-0.824147,0.472386,0.856795,0.459131,0.234444,-0.125079,0.002588,-0.008928,1.415483,2.054307,2.223598,0.027358,0.036338,0.024473,-0.025748,0.376177,-0.271863,0.885765,-0.268349,0.883045,0.384993,-0.886836,-0.38252,0.259227,-0.054654,0.000919,-0.005391,5.93471,4.19164,3.306494,-0.18252,0.074023,0.013213,-0.067496,0.394015,-0.292409,-0.871348,0.724757,0.681868,0.098905,0.565224,-0.670486,0.480592,-0.000608,0.010916,-0.019835,0.412551,-0.866471,-0.62153,-0.442047
43,0.153939,-0.051978,0.304149,-0.25466,0.274149,-0.927381,-0.812383,-0.580837,0.051319,-0.52428,0.766116,0.371786,-0.001172,0.033523,-0.047163,0.022399,-0.765905,-0.343033,-0.228726,-0.187344,-0.03848,0.297863,-0.365187,0.413337,0.834136,0.212212,-0.835377,0.506997,0.906808,0.361642,0.216281,-0.10863,-0.023017,0.001624,1.413702,2.083892,2.332186,0.050892,0.035162,0.024397,-0.025817,0.323703,-0.355034,0.877021,-0.166789,0.891,0.422254,-0.931341,-0.282963,0.229203,-0.054372,-0.011856,0.000449,1.382387,2.16518,2.376203,-0.152475,0.07403,0.013526,-0.067949,0.392667,-0.277731,-0.876742,0.717836,0.68849,0.1034,0.574911,-0.669959,0.469713,-0.000578,0.016566,-0.023845,0.034321,-0.787578,-0.397924,-0.42882
44,0.153959,-0.050693,0.302382,-0.250013,0.243345,-0.937188,-0.808572,-0.584907,0.063772,-0.532347,0.773424,0.344165,-0.001101,0.034151,-0.046406,0.007794,-0.83882,-0.420158,-0.160923,-0.191608,-0.039338,0.29782,-0.2527,0.540333,0.802604,0.04711,-0.82158,0.568084,0.966647,0.180691,0.181126,-0.109011,-0.022125,0.002053,4.319511,4.251067,2.670186,0.108222,0.033071,0.023966,-0.025854,0.207843,-0.474444,0.855396,-0.008004,0.873639,0.486507,-0.978129,-0.107964,0.177783,-0.054568,-0.011442,0.000625,1.100284,1.469902,1.637672,-0.074748,0.07404,0.014167,-0.068834,0.385152,-0.248344,-0.888809,0.712158,0.692518,0.115104,0.586931,-0.677305,0.443585,-0.000456,0.017581,-0.022541,0.014155,-0.913271,-0.434482,-0.385711
45,0.153977,-0.04955,0.300922,-0.245656,0.215103,-0.945214,-0.80525,-0.588099,0.07539,-0.539366,0.779385,0.318859,-0.000694,0.026734,-0.033366,0.001567,-0.672154,-0.32603,-0.110886,-0.195843,-0.039795,0.298056,-0.166623,0.614465,0.771143,-0.070245,-0.787392,0.612383,0.983661,0.047103,0.173367,-0.108301,-0.011431,0.014961,4.375611,3.893157,2.128066,0.12216,0.030951,0.02372,-0.02576,0.117767,-0.546622,0.829056,0.106982,0.836991,0.536656,-0.987261,0.025494,0.157048,-0.054432,6.2e-05,0.003754,1.418523,0.575961,1.195292,-0.035885,0.074048,0.014738,-0.069573,0.377957,-0.220651,-0.899144,0.707005,0.695813,0.126438,0.597738,-0.683488,0.418989,-0.000286,0.01363,-0.016339,-0.053256,-0.892522,-0.440037,-0.345542
46,0.153969,-0.049011,0.300346,-0.246632,0.203431,-0.94754,-0.803603,-0.589385,0.082574,-0.541369,0.781558,0.310021,-0.000399,0.029177,-0.030161,0.041523,-0.383437,-0.193106,-0.079932,-0.197787,-0.039829,0.298393,-0.152184,0.639963,0.753179,-0.109316,-0.768183,0.630777,0.982416,0.012863,0.185892,-0.092083,-0.004666,0.02226,4.343045,2.728221,2.454087,0.125551,0.029973,0.023696,-0.0256,0.100037,-0.572891,0.813503,0.144304,0.817314,0.557829,-0.984463,0.061588,0.164432,-0.046365,0.003467,0.007508,0.643293,-1.552655,2.924049,-0.026088,0.074044,0.015005,-0.069865,0.377458,-0.207778,-0.902414,0.704227,0.697208,0.134031,0.601322,-0.686096,0.40949,-0.000117,0.009688,-0.010102,-0.000581,-0.379922,-0.244536,-0.324151
47,0.153955,-0.04805,0.299519,-0.245812,0.183224,-0.951867,-0.801063,-0.591288,0.092996,-0.545491,0.785136,0.293306,3e-06,0.021679,-0.017179,-0.026489,-0.64167,-0.306119,-0.031507,-0.201696,-0.039441,0.299594,-0.144259,0.671006,0.727277,-0.168474,-0.740791,0.650214,0.975212,-0.029564,0.218973,-0.090157,0.01082,0.041173,1.612951,0.020666,0.707683,0.155981,0.028017,0.023877,-0.025014,0.086742,-0.607075,0.789895,0.203966,0.78691,0.582382,-0.975127,0.110595,0.192081,-0.052698,0.006166,0.021785,4.229949,3.067653,1.813563,-0.00633,0.074037,0.015488,-0.070283,0.374968,-0.190472,-0.907258,0.700411,0.699337,0.142658,0.607307,-0.688946,0.395638,3.4e-05,0.010995,-0.008384,0.085001,-0.049096,0.019148,-0.281042
48,0.153969,-0.047538,0.299148,-0.243957,0.174689,-0.953946,-0.80001,-0.592219,0.096086,-0.547864,0.78639,0.285418,5.3e-05,0.00044,0.000579,-0.003916,-0.024864,-0.013896,-0.013476,-0.20492,-0.038935,0.301829,-0.14031,0.697222,0.702984,-0.221298,-0.714029,0.664171,0.965176,-0.063247,0.253569,-0.071828,0.015822,0.067786,1.636524,-0.248199,0.996258,0.223197,0.026397,0.024125,-0.023911,0.081721,-0.63477,0.768367,0.254568,0.758668,0.599681,-0.963595,0.146595,0.223591,-0.043376,0.002689,0.038671,4.116901,2.566691,2.568126,0.06111,0.074045,0.015755,-0.070471,0.371756,-0.180011,-0.91071,0.698578,0.700326,0.146736,0.61138,-0.690752,0.386102,5e-05,0.005764,-0.003842,0.050942,0.022244,0.034853,-0.255079
49,0.154042,-0.047555,0.299177,-0.243822,0.17472,-0.953975,-0.800083,-0.592137,0.095984,-0.547819,0.786444,0.285355,0.015885,-0.011027,0.008403,-0.034609,-0.001691,0.01125,-0.010165,-0.207311,-0.038719,0.305109,-0.129004,0.721256,0.680543,-0.268453,-0.68595,0.676268,0.954719,-0.096351,0.281231,-0.038714,0.001294,0.09098,0.206255,-0.501971,0.354381,0.310562,0.025191,0.024248,-0.022266,0.070585,-0.659943,0.747991,0.301622,0.72888,0.614619,-0.95081,0.182228,0.250502,-0.026871,-0.004166,0.051013,0.469028,-0.401268,0.530592,0.165126,0.074075,0.015752,-0.070459,0.371777,-0.180716,-0.910561,0.698704,0.700292,0.146293,0.611222,-0.690602,0.38662,5.3e-05,-0.00499,0.004864,-0.037681,0.015043,-0.016397,-0.245771
50,0.154103,-0.047672,0.299298,-0.243902,0.174743,-0.953951,-0.800301,-0.591815,0.096154,-0.547465,0.786681,0.285381,8.9e-05,0.000738,0.000972,-0.0,-0.0,-0.0,-0.009905,-0.208281,-0.038751,0.306982,-0.103515,0.737889,0.66693,-0.303297,-0.661911,0.685433,0.947328,-0.132243,0.291451,-0.038031,-0.008463,0.100255,3.658235,3.284084,2.200078,0.350018,0.024692,0.02424,-0.021286,0.046221,-0.676287,0.735186,0.333722,0.704142,0.626748,-0.941537,0.216379,0.258238,-0.018968,-0.003803,0.050419,3.603293,3.329207,2.224967,0.224074,0.074112,0.015689,-0.070395,0.371844,-0.180765,-0.910524,0.698997,0.699957,0.146498,0.610847,-0.690929,0.386629,5.4e-05,-0.004956,0.004904,-0.037726,0.01356,-0.017293,-0.244955
51,0.154109,-0.047931,0.299625,-0.244424,0.177636,-0.953283,-0.800944,-0.591105,0.095162,-0.54629,0.786564,0.287945,0.000166,-0.00946,0.010404,-0.030498,0.045338,-0.000309,-0.005657,-0.209982,-0.03891,0.310586,-0.088583,0.764869,0.638059,-0.329245,-0.62695,0.706021,0.940133,-0.148489,0.306536,-0.023933,0.008174,0.075306,-0.054551,-0.315662,0.522023,0.392056,0.023852,0.024172,-0.019494,0.028643,-0.704725,0.708901,0.357887,0.669409,0.651005,-0.933325,0.235059,0.271386,-0.019503,-0.001071,0.042687,-0.122214,-0.275754,0.50349,0.306208,0.074115,0.015564,-0.070235,0.372715,-0.183857,-0.909548,0.699859,0.699319,0.145427,0.609328,-0.690759,0.389321,9.1e-05,0.000796,0.001046,-0.005462,-0.004446,0.033053,-0.243485
52,0.154063,-0.048084,0.299783,-0.245424,0.186207,-0.951388,-0.801588,-0.590875,0.091078,-0.544895,0.784742,0.295462,-0.0,-0.01084,0.008589,-0.023337,0.09066,0.024872,0.001598,-0.211127,-0.038576,0.313216,-0.080208,0.785057,0.614201,-0.354008,-0.598344,0.718747,0.931839,-0.160761,0.325107,-0.025668,0.021934,0.048144,3.523002,3.57372,2.058686,0.431229,0.023291,0.024339,-0.018178,0.023496,-0.726268,0.687009,0.376874,0.642933,0.666784,-0.925966,0.243249,0.288818,-0.005085,0.005107,0.027547,0.180817,-0.532392,0.265253,0.364503,0.074093,0.01549,-0.070152,0.374636,-0.192243,-0.907022,0.70101,0.698993,0.141393,0.606821,-0.688803,0.396632,-8e-06,-3.4e-05,-4.2e-05,0.002725,0.072793,0.043489,-0.23728
53,0.15405,-0.048127,0.299796,-0.245953,0.189029,-0.950695,-0.801719,-0.590883,0.089869,-0.544463,0.784057,0.298062,-0.000124,-0.001032,-0.001356,0.010013,0.063313,0.0352,0.001075,-0.211479,-0.038272,0.314065,-0.072794,0.793377,0.604355,-0.368252,-0.584417,0.723036,0.926905,-0.170911,0.333916,-0.026216,0.017697,0.043002,0.173004,-0.383875,0.258939,0.445437,0.023106,0.024498,-0.017729,0.01117,-0.735388,0.677554,0.393455,0.626169,0.67313,-0.919275,0.259068,0.296337,-0.005631,0.007822,0.020006,0.290245,-0.36741,0.249445,0.387364,0.074086,0.015466,-0.07014,0.375449,-0.194935,-0.906111,0.70133,0.698905,0.140239,0.605949,-0.688136,0.399117,-7.9e-05,-0.00606,0.003452,-0.038494,0.065971,-0.018951,-0.235484
54,0.154013,-0.04812,0.299771,-0.246286,0.191862,-0.950041,-0.801803,-0.590983,0.088452,-0.544189,0.78329,0.300571,-1e-06,-1.1e-05,-1.4e-05,0.001188,0.007507,0.004174,-0.000841,-0.211358,-0.037705,0.315303,-0.04408,0.804934,0.591717,-0.400421,-0.55676,0.727746,0.915267,-0.205859,0.346081,0.018335,0.007982,0.029451,0.980812,1.044837,0.822001,0.468764,0.023149,0.024786,-0.017104,-0.015868,-0.746207,0.665524,0.423046,0.598086,0.680679,-0.905968,0.292349,0.306189,0.009095,0.003349,0.013671,3.231954,3.813198,2.337528,0.423451,0.074067,0.015466,-0.070157,0.376022,-0.197554,-0.905306,0.701626,0.698872,0.138916,0.60525,-0.687422,0.4014,2e-06,0.005428,-0.004283,0.027597,-0.030014,0.01072,-0.235811
55,0.153977,-0.048058,0.299715,-0.246248,0.19185,-0.950053,-0.801694,-0.591143,0.088365,-0.544366,0.783172,0.300557,-2e-06,-1.8e-05,-2.4e-05,0.0,1e-06,1e-06,-0.004348,-0.210168,-0.037873,0.316459,-0.020475,0.809498,0.586758,-0.415051,-0.540691,0.731656,0.909533,-0.229562,0.346286,0.03311,-0.008682,0.030513,0.022489,0.075908,0.12604,0.483973,0.023738,0.024704,-0.016531,-0.041318,-0.74986,0.660304,0.43706,0.580722,0.686833,-0.898482,0.316972,0.303739,0.024273,-0.01042,0.018441,0.190861,0.346299,0.236352,0.455293,0.074055,0.015497,-0.070186,0.375897,-0.19731,-0.90541,0.701526,0.698969,0.138929,0.605442,-0.687393,0.401159,0.0,-4e-06,-6e-06,-8.9e-05,-0.00063,-0.000323,-0.237117
56,0.153894,-0.048038,0.299707,-0.246381,0.19182,-0.950025,-0.801637,-0.591205,0.088472,-0.54439,0.783132,0.300616,-0.015828,0.000723,0.000887,-0.000984,0.014715,-0.029553,-0.007994,-0.208387,-0.038465,0.317849,-0.003427,0.809874,0.586586,-0.425994,-0.531773,0.731902,0.904662,-0.248382,0.346057,0.048842,-0.018575,0.039259,-0.105516,0.057951,-0.088975,0.485731,0.02464,0.024395,-0.015835,-0.058328,-0.749205,0.659763,0.447587,0.571114,0.688108,-0.892335,0.335438,0.302022,0.024393,-0.009345,0.019556,-0.122192,0.068863,-0.081824,0.465254,0.074014,0.015507,-0.070189,0.376021,-0.197253,-0.905372,0.701447,0.69903,0.139029,0.605458,-0.687348,0.401213,-0.0,2e-06,6e-06,8.8e-05,-1.6e-05,-3.1e-05,-0.239566
57,0.153823,-0.048046,0.299731,-0.246536,0.191795,-0.94999,-0.801633,-0.591188,0.088623,-0.544326,0.783152,0.300682,6e-06,-0.01076,0.008694,-0.035594,0.013006,-0.018314,-0.008364,-0.207409,-0.038724,0.318618,-0.000931,0.809941,0.586503,-0.428952,-0.530016,0.731448,0.903266,-0.251909,0.347152,0.048704,-0.005288,0.033326,-0.042302,-0.075473,0.087364,0.485618,0.02511,0.024263,-0.015468,-0.06072,-0.749062,0.65971,0.450595,0.569182,0.687746,-0.89066,0.339022,0.302963,0.016979,-0.007552,0.021911,-0.114755,0.047667,-0.098716,0.466723,0.073972,0.015508,-0.07018,0.376173,-0.1972,-0.90532,0.701408,0.699039,0.139177,0.605409,-0.687353,0.401278,-0.007908,0.000419,0.000523,-0.000911,0.014709,-0.029569,-0.240546
58,0.153705,-0.048035,0.299744,-0.246753,0.191753,-0.949942,-0.801587,-0.591221,0.088818,-0.544296,0.783137,0.300776,-0.000109,-0.000893,-0.001174,0.0,0.0,0.0,-0.008734,-0.205823,-0.038827,0.320152,-0.015484,0.810086,0.586099,-0.435259,-0.533065,0.725482,0.900131,-0.24488,0.360085,0.034124,0.00102,0.040938,0.38811,-0.627568,-0.248257,0.48574,0.025921,0.024205,-0.014692,-0.048037,-0.750217,0.659444,0.456145,0.570866,0.682673,-0.888608,0.333596,0.314785,0.017065,0.000725,0.020686,0.336416,-0.591683,-0.224659,0.468193,0.073914,0.015512,-0.070167,0.376391,-0.197123,-0.905246,0.701345,0.69906,0.139386,0.605345,-0.687354,0.401372,-0.007978,-0.000174,-0.00026,-0.001702,0.028819,-0.0547,-0.240873
59,0.153598,-0.04806,0.299763,-0.247037,0.191709,-0.949877,-0.80157,-0.591202,0.089091,-0.544191,0.783162,0.300901,-2e-06,-1.8e-05,-2.4e-05,0.0,0.0,0.0,-0.01116,-0.2046,-0.038627,0.321554,-0.010945,0.811759,0.583882,-0.454902,-0.523925,0.72007,0.890428,-0.258738,0.374241,0.018079,0.009591,0.03039,1.272866,0.729446,0.457054,0.490335,0.026533,0.024315,-0.013982,-0.051219,-0.751808,0.657389,0.475555,0.560473,0.678024,-0.878193,0.347352,0.328818,0.009008,0.004704,0.01506,1.344975,0.688897,0.432461,0.472602,0.07386,0.015496,-0.070161,0.376658,-0.197037,-0.905154,0.701299,0.699052,0.139657,0.605233,-0.687387,0.401486,-1e-06,-7e-06,-7e-06,3.2e-05,5e-06,-1.1e-05,-0.241852
60,0.153562,-0.048066,0.299771,-0.247124,0.191695,-0.949857,-0.801566,-0.591195,0.089176,-0.544157,0.783171,0.300939,-0.0,-0.0,-0.0,0.0,0.0,0.0,-0.011728,-0.204192,-0.038546,0.322163,-0.015924,0.814246,0.580294,-0.457247,-0.521945,0.720023,0.889157,-0.254886,0.379863,0.017757,0.007187,0.027643,0.120004,-0.222407,-0.051995,0.490704,0.026731,0.024356,-0.013684,-0.045936,-0.754903,0.654225,0.47847,0.558277,0.677785,-0.876901,0.344162,0.335553,0.009107,-0.001642,0.018312,0.098101,-0.23647,-0.088204,0.474561,0.073842,0.015493,-0.070157,0.37674,-0.19701,-0.905125,0.701286,0.699048,0.139741,0.605197,-0.687398,0.40152,-1e-06,3e-06,8e-06,2.6e-05,6e-06,-2.4e-05,-0.242995
61,0.15355,-0.048071,0.299765,-0.247169,0.191688,-0.949847,-0.801557,-0.591202,0.089215,-0.544151,0.783167,0.300959,-0.0,-1e-06,-1e-06,0.0,0.0,0.0,-0.009999,-0.203769,-0.038596,0.323289,-0.020705,0.814683,0.579529,-0.458412,-0.522755,0.718693,0.888465,-0.251797,0.383525,0.00216,-0.010968,0.028934,-0.035684,-0.034681,-0.036377,0.490667,0.026948,0.02435,-0.013123,-0.04091,-0.755748,0.653582,0.479711,0.558951,0.67635,-0.876471,0.3412,0.339675,0.008392,-0.000249,0.009537,-0.015141,-0.067144,0.041266,0.476031,0.073836,0.015491,-0.07016,0.376782,-0.196996,-0.905111,0.701271,0.699056,0.139779,0.605188,-0.687395,0.40154,-0.0,5e-06,1e-05,2.9e-05,2.2e-05,-1.7e-05,-0.242995
62,0.153604,-0.048116,0.299706,-0.247073,0.191707,-0.949868,-0.801577,-0.591187,0.089129,-0.544164,0.783174,0.300918,-0.00016,-0.001311,-0.001724,0.0,0.0,0.0,-0.010152,-0.203692,-0.039136,0.323955,-0.028003,0.815037,0.578725,-0.460833,-0.524172,0.716108,0.887021,-0.247657,0.389516,-0.01415,-0.020802,0.019001,0.225685,-0.344685,-0.290718,0.490829,0.026993,0.024082,-0.012773,-0.035666,-0.756682,0.652809,0.480942,0.55961,0.67493,-0.876026,0.338035,0.343961,0.000181,-0.005722,0.003963,0.278306,-0.406372,-0.270754,0.476521,0.073863,0.01547,-0.070187,0.376693,-0.197029,-0.905141,0.701303,0.699041,0.139696,0.605207,-0.687401,0.401501,-0.000103,-0.000844,-0.001109,2.1e-05,-3e-06,-5e-06,-0.242669
63,0.153648,-0.048161,0.299681,-0.247115,0.191709,-0.949857,-0.801598,-0.591152,0.089176,-0.544114,0.7832,0.30094,-0.000191,-0.00157,-0.002066,0.0,0.0,0.0,-0.010967,-0.203821,-0.039339,0.324125,-0.032862,0.814528,0.579186,-0.463077,-0.525842,0.713432,0.885692,-0.245777,0.39371,-0.014661,-0.01038,0.009944,0.111723,-0.164826,-0.159964,0.490762,0.026929,0.02397,-0.012693,-0.029126,-0.756396,0.653464,0.484502,0.561129,0.671112,-0.874304,0.336152,0.350132,-5e-05,-0.000331,-0.000363,0.179265,-0.229347,-0.136146,0.476521,0.073885,0.015448,-0.070199,0.376733,-0.197025,-0.905125,0.701322,0.699011,0.139747,0.605159,-0.687432,0.401519,-0.000111,-0.000922,-0.001212,-0.00075,0.014096,-0.025136,-0.242832
64,0.153703,-0.04821,0.299635,-0.247158,0.191711,-0.949845,-0.801604,-0.591137,0.089217,-0.544085,0.78321,0.300965,-8.7e-05,-0.000715,-0.000941,0.0,0.0,0.0,-0.01212,-0.2041,-0.03913,0.324416,-0.052461,0.814013,0.578465,-0.474381,-0.529935,0.702898,0.878764,-0.238552,0.413195,0.001152,0.009822,0.010728,0.45329,-0.589128,-0.31406,0.481671,0.026786,0.024043,-0.012574,-0.011297,-0.75712,0.653177,0.495235,0.563241,0.661438,-0.868685,0.330948,0.36859,0.000566,0.004884,0.005338,0.098228,-0.174183,-0.068668,0.469989,0.073912,0.015422,-0.070225,0.376775,-0.19702,-0.905109,0.701325,0.699,0.13979,0.60513,-0.687445,0.401541,-6.1e-05,-0.000506,-0.000667,9e-06,-2e-06,1e-06,-0.243485
65,0.153679,-0.048214,0.299629,-0.247227,0.191699,-0.949829,-0.80159,-0.591148,0.089278,-0.544076,0.783206,0.300996,-0.0,-1e-06,-1e-06,0.0,0.0,0.0,-0.015466,-0.204288,-0.038574,0.325143,-0.062225,0.814417,0.576927,-0.479949,-0.53113,0.698201,0.875109,-0.234464,0.423171,-0.01242,0.008449,0.030368,0.122047,-0.199293,-0.113571,0.480618,0.026691,0.024314,-0.012225,-0.00011,-0.758261,0.65195,0.501505,0.563996,0.656049,-0.865153,0.327029,0.38021,0.001126,0.009675,0.010507,0.274789,-0.344559,-0.136409,0.464764,0.073906,0.015418,-0.070229,0.376817,-0.197006,-0.905094,0.70131,0.699007,0.139827,0.605121,-0.687442,0.401561,2e-06,2.6e-05,3.7e-05,4e-06,1e-06,-8e-06,-0.244792
66,0.153597,-0.048259,0.299706,-0.247461,0.191673,-0.949774,-0.801656,-0.591018,0.089541,-0.543871,0.78331,0.301094,4.9e-05,0.000405,0.000534,0.0,0.0,0.0,-0.01749,-0.204401,-0.037913,0.326312,-0.064933,0.820197,0.568377,-0.481225,-0.524599,0.702249,0.874215,-0.22894,0.428017,-0.011778,0.013659,0.035772,-0.031181,-0.027815,0.046891,0.483121,0.026635,0.024655,-0.011629,0.003041,-0.765073,0.643935,0.502518,0.557896,0.660475,-0.864561,0.321581,0.38616,0.001655,0.00692,0.017574,-0.047441,-0.05164,0.126262,0.465417,0.073859,0.0154,-0.070193,0.377045,-0.196941,-0.905014,0.701344,0.698919,0.1401,0.60494,-0.687551,0.401647,-0.007879,0.000678,0.00086,-0.000983,0.014724,-0.029566,-0.247078
67,0.153552,-0.048306,0.299782,-0.247625,0.19166,-0.949734,-0.801738,-0.590877,0.089741,-0.543676,0.78342,0.30116,9.4e-05,0.000773,0.001018,0.0,0.0,0.0,-0.017307,-0.204419,-0.037604,0.326951,-0.065215,0.82554,0.560555,-0.481234,-0.518017,0.707111,0.874189,-0.224672,0.430324,0.003188,0.012582,0.03366,-0.032821,-0.016256,0.034912,0.48618,0.026622,0.024816,-0.011302,0.002942,-0.77117,0.636622,0.501916,0.551764,0.666059,-0.86491,0.317572,0.388686,0.001664,0.007038,0.017631,-0.042946,0.059018,-0.096375,0.467866,0.073836,0.015372,-0.070153,0.377215,-0.196901,-0.904952,0.701431,0.698783,0.140338,0.604733,-0.6877,0.401704,-0.007862,-0.00456,0.005391,-0.03657,0.027727,-0.047874,-0.247567
68,0.153516,-0.048451,0.2999,-0.247702,0.191677,-0.94971,-0.801982,-0.590515,0.089934,-0.543279,0.783688,0.301177,0.0,0.0,0.0,0.0,0.0,0.0,-0.021631,-0.204452,-0.037434,0.328396,-0.065999,0.840947,0.537069,-0.480714,-0.498347,0.721456,0.874418,-0.21161,0.436438,-0.011998,-0.003116,0.037735,-0.074205,-0.115646,0.200573,0.494348,0.026611,0.024919,-0.010584,0.003032,-0.788246,0.615351,0.500003,0.534106,0.681709,-0.866017,0.305611,0.395745,-0.006042,-0.001538,0.018938,-0.099825,-1.410766,2.373938,0.475541,0.073819,0.015306,-0.070095,0.377276,-0.196909,-0.904924,0.701687,0.698483,0.140555,0.604399,-0.688002,0.401689,-2e-06,-1e-05,-1.4e-05,6e-06,-1.4e-05,2.8e-05,-0.249037
69,0.153597,-0.048595,0.299984,-0.247695,0.191714,-0.949704,-0.802217,-0.590181,0.090034,-0.542937,0.78393,0.301165,-2e-06,-1.9e-05,-2.4e-05,0.0,0.0,0.0,-0.040213,-0.204633,-0.037887,0.329633,-0.068553,0.845636,0.529332,-0.479938,-0.492991,0.72564,0.87465,-0.205357,0.438952,0.001937,-0.012672,0.026736,0.020144,-0.105067,-0.076603,0.499634,0.026517,0.024701,-0.009941,0.005106,-0.794292,0.607514,0.498811,0.528566,0.68688,-0.866695,0.299528,0.398901,-0.006594,-0.006492,0.013617,0.057777,-0.122987,-0.135063,0.485665,0.073859,0.015229,-0.070051,0.377288,-0.196944,-0.904912,0.701961,0.698174,0.140721,0.604072,-0.688306,0.40166,-6e-06,-0.005425,0.004284,-0.035601,0.012976,-0.018341,-0.257855
70,0.153656,-0.048644,0.300006,-0.247679,0.191731,-0.949705,-0.802293,-0.590075,0.090052,-0.542831,0.784006,0.301158,-4e-06,-3e-05,-3.9e-05,0.0,0.0,0.0,-0.048856,-0.204705,-0.038026,0.330034,-0.071128,0.848667,0.524115,-0.480785,-0.489435,0.727484,0.873983,-0.201301,0.442148,0.00124,-0.004024,0.015798,-0.000324,-0.08461,0.045905,0.500437,0.026486,0.024623,-0.009742,0.008024,-0.797811,0.602853,0.499687,0.525405,0.688666,-0.866168,0.295712,0.402872,0.000617,-0.001876,0.008048,-0.030064,-0.510032,0.769223,0.487788,0.073889,0.015204,-0.07004,0.377274,-0.196963,-0.904913,0.702049,0.698079,0.140753,0.603979,-0.688396,0.401645,-3e-06,-1.2e-05,-1.9e-05,-7e-06,-1e-06,-1.6e-05,-0.264713
71,0.153748,-0.048691,0.299978,-0.247626,0.191751,-0.949715,-0.802334,-0.590025,0.090014,-0.542795,0.784039,0.301138,-0.000185,-0.001522,-0.002004,0.0,0.0,0.0,-0.042127,-0.204677,-0.037673,0.33039,-0.090742,0.847363,0.523196,-0.486123,-0.496096,0.719379,0.869226,-0.190118,0.456249,0.001095,0.009359,0.009827,0.127863,-0.178065,-0.070344,0.496492,0.026494,0.024787,-0.009569,0.027833,-0.7979,0.602145,0.505829,0.530805,0.679987,-0.862184,0.285656,0.418375,0.000552,0.004799,0.005043,0.094888,-0.181245,-0.07319,0.487951,0.073935,0.015184,-0.070049,0.377225,-0.19699,-0.904928,0.7021,0.698034,0.140723,0.603949,-0.688435,0.401623,-0.000113,-0.000921,-0.001213,-0.00076,0.014072,-0.02514,-0.269612
72,0.1538,-0.048758,0.299891,-0.25001,0.188792,-0.949683,-0.795264,-0.599504,0.090125,-0.552021,0.777545,0.301205,-0.000152,-0.001256,-0.001656,5.248448,-0.498077,-1.664618,-0.035098,-0.204736,-0.037462,0.330692,-0.103038,0.846136,0.522904,-0.487063,-0.501172,0.715213,0.867344,-0.18205,0.463072,0.000526,0.00449,0.004702,0.035104,-0.044311,-0.025728,0.497229,0.026465,0.024901,-0.009409,0.040261,-0.79748,0.601999,0.506822,0.535528,0.67553,-0.861109,0.277909,0.425742,0.00024,0.002102,0.002205,-0.003452,-0.016293,-0.00999,0.485992,0.073961,0.015148,-0.070096,0.378275,-0.19534,-0.904847,0.697968,0.702275,0.14018,0.608069,-0.684581,0.401994,-9.3e-05,-0.000766,-0.001011,-0.000173,6e-06,1.8e-05,-0.264386
73,0.153772,-0.048785,0.299837,-0.250331,0.18874,-0.949609,-0.795181,-0.599572,0.090397,-0.551994,0.777504,0.301357,-1.4e-05,-0.000114,-0.00015,0.0,-0.0,-0.0,-0.033851,-0.204894,-0.037436,0.331089,-0.118037,0.843522,0.523956,-0.477341,-0.510771,0.714978,0.870851,-0.166765,0.462246,0.000822,0.006995,0.007309,-0.076397,-0.120037,-0.0435,0.498469,0.026385,0.024904,-0.009222,0.05497,-0.795725,0.603158,0.497477,0.545582,0.674429,-0.865732,0.262985,0.425846,-0.007086,0.003647,0.004234,-0.260909,-0.356022,-0.2361,0.488768,0.073946,0.015132,-0.070126,0.379491,-0.193619,-0.904708,0.693734,0.706535,0.139788,0.612143,-0.680675,0.402444,1e-06,-5e-06,-9e-06,-0.000267,2.9e-05,8.6e-05,-0.262264
74,0.153725,-0.048786,0.299853,-0.250421,0.188723,-0.949588,-0.795176,-0.599565,0.090486,-0.55196,0.777514,0.301396,0.000109,0.0009,0.001186,0.0,0.0,0.0,-0.030868,-0.204962,-0.037319,0.331321,-0.125611,0.843664,0.521962,-0.475539,-0.512839,0.714698,0.870787,-0.159494,0.464925,-0.013895,0.009464,0.010697,0.006098,-0.483889,0.671702,0.498358,0.026356,0.024955,-0.009114,0.062597,-0.794742,0.60371,0.495888,0.549713,0.672242,-0.866127,0.257292,0.428513,0.000799,-0.000413,0.009544,0.008754,-0.062836,-0.027859,0.488768,0.073923,0.01513,-0.07012,0.379574,-0.193591,-0.904679,0.693723,0.706528,0.139875,0.612103,-0.68069,0.402479,7.1e-05,0.000571,0.00075,0.000555,-0.014037,0.02524,-0.261284
75,0.153571,-0.048809,0.299908,-0.25077,0.188665,-0.949508,-0.795175,-0.599515,0.090831,-0.551804,0.777567,0.301545,-3e-06,-0.010817,0.008618,-0.035595,0.012984,-0.018327,-0.019842,-0.205082,-0.037075,0.331958,-0.135904,0.84795,0.512349,-0.480767,-0.50851,0.714293,0.866373,-0.150305,0.476098,0.001905,0.001661,0.021603,0.361721,-0.653334,-0.082325,0.499394,0.02629,0.025083,-0.008796,0.070532,-0.802399,0.592604,0.499801,0.542559,0.675151,-0.863263,0.248564,0.439308,-0.006467,0.001569,0.011987,-0.025232,-0.569106,0.723928,0.489094,0.073846,0.015126,-0.070091,0.379884,-0.193488,-0.904571,0.693683,0.706503,0.140198,0.611956,-0.680745,0.402609,-0.007922,0.000376,0.000462,-0.001126,0.014746,-0.029485,-0.255569
76,0.153522,-0.048863,0.299922,-0.250721,0.188676,-0.949519,-0.795258,-0.599405,0.090827,-0.551706,0.777648,0.301514,-0.000112,-0.000913,-0.001203,0.0,0.0,0.0,-0.012427,-0.205469,-0.0366,0.332684,-0.155726,0.847065,0.508154,-0.479898,-0.514406,0.710646,0.86354,-0.134255,0.48594,0.001891,0.015948,0.01646,0.130999,-0.189964,-0.043517,0.495562,0.026096,0.025314,-0.008432,0.092775,-0.803087,0.588594,0.500647,0.548606,0.669615,-0.860665,0.232554,0.45296,-0.006507,0.00834,0.009028,0.129464,-0.191756,-0.085128,0.489421,0.073822,0.015096,-0.070079,0.379853,-0.193506,-0.904581,0.693796,0.706387,0.140232,0.611848,-0.680862,0.402576,-6.1e-05,-0.000511,-0.000673,-9.7e-05,1.1e-05,3.5e-05,-0.248057
77,0.153533,-0.048877,0.299921,-0.250735,0.188677,-0.949515,-0.79527,-0.599387,0.090845,-0.551682,0.777663,0.30152,-2.3e-05,-0.000191,-0.000252,0.0,0.0,0.0,-0.011361,-0.205605,-0.036276,0.332967,-0.165549,0.845843,0.507084,-0.479588,-0.518224,0.708078,0.861897,-0.127028,0.490777,0.001634,0.01375,0.014149,0.366883,-0.476184,-0.242201,0.48671,0.026029,0.025484,-0.008283,0.100584,-0.802755,0.587763,0.499287,0.551713,0.668075,-0.860578,0.226266,0.456299,0.000868,0.007389,0.007617,-0.009263,-0.038963,0.04191,0.482889,0.073827,0.015088,-0.070082,0.379866,-0.193505,-0.904575,0.693809,0.706369,0.140252,0.611825,-0.68088,0.402581,-1.5e-05,-0.000106,-0.00014,-8.3e-05,4e-06,2e-05,-0.246261
78,0.153578,-0.048893,0.299884,-0.250707,0.188684,-0.949521,-0.795262,-0.599403,0.090811,-0.551707,0.777648,0.301511,-0.000154,-0.001261,-0.001662,-0.000767,0.014053,-0.02515,-0.0032,-0.205838,-0.035854,0.333387,-0.175572,0.843473,0.507659,-0.473321,-0.524371,0.707768,0.863389,-0.117076,0.490628,-0.013899,0.008706,0.009734,-0.0008,0.000937,-0.004401,0.475883,0.025919,0.025703,-0.008065,0.112851,-0.800806,0.588195,0.494367,0.558756,0.665877,-0.861896,0.215639,0.458948,0.000459,0.003921,0.00403,-0.016911,0.082067,-0.149007,0.466723,0.07385,0.015082,-0.070097,0.37982,-0.193524,-0.904591,0.693811,0.706377,0.140199,0.611851,-0.680866,0.402565,-1.3e-05,-0.000108,-0.000145,-6e-05,-1e-05,7e-06,-0.241363
79,0.153634,-0.048927,0.299838,-0.250713,0.188689,-0.949518,-0.795261,-0.599403,0.090813,-0.551705,0.777647,0.301519,-0.000113,-0.000927,-0.001223,0.0,0.0,0.0,-0.000736,-0.206033,-0.035645,0.333658,-0.193164,0.840319,0.5065,-0.46497,-0.532864,0.70696,0.864194,-0.099999,0.492983,0.000394,0.003291,0.003364,0.065374,-0.083741,-0.048427,0.444569,0.025817,0.025813,-0.007923,0.130519,-0.798898,0.587133,0.48676,0.567548,0.664043,-0.863729,0.199123,0.462948,0.000159,0.001392,0.001435,0.058522,-0.078222,-0.045464,0.443373,0.073878,0.015064,-0.070121,0.379846,-0.193522,-0.90458,0.693805,0.70638,0.140218,0.611843,-0.680863,0.402582,-8.4e-05,-0.000692,-0.000917,-3.9e-05,2e-06,8e-06,-0.237607
80,0.153652,-0.048976,0.299774,-0.250853,0.188671,-0.949485,-0.795232,-0.599424,0.090933,-0.551684,0.777635,0.301588,-0.000119,-0.00098,-0.001294,0.0,0.0,0.0,0.00207,-0.206035,-0.035913,0.33347,-0.212358,0.830735,0.514563,-0.456023,-0.549856,0.699739,0.864483,-0.087097,0.49492,-0.001434,-0.011959,-0.012254,0.085889,-0.215295,-0.433205,0.357132,0.025818,0.025697,-0.007998,0.149198,-0.790027,0.594639,0.478771,0.583894,0.655625,-0.865169,0.186878,0.465358,-0.000745,-0.006201,-0.006344,0.035419,-0.659925,-0.482935,0.369239,0.073886,0.015038,-0.070156,0.379977,-0.193483,-0.904533,0.69376,0.706401,0.140333,0.611811,-0.680853,0.402647,-5.9e-05,-0.000493,-0.000653,-2e-05,1.2e-05,1.5e-05,-0.235157
81,0.153648,-0.049008,0.299732,-0.250978,0.188652,-0.949456,-0.795205,-0.599443,0.091042,-0.551665,0.777626,0.301648,-0.000232,-0.001904,-0.002515,-0.000767,0.014053,-0.02515,0.005738,-0.206297,-0.036165,0.333136,-0.22369,0.822208,0.523383,-0.454762,-0.562891,0.690131,0.862301,-0.084668,0.49913,-0.017017,-0.017078,-0.016748,0.311532,-0.355246,-0.344913,0.26672,0.025693,0.025573,-0.008165,0.160498,-0.781386,0.603055,0.478324,0.596013,0.64496,-0.863391,0.184942,0.469415,-0.008729,-0.003252,-0.012809,0.542724,-0.559362,-0.389275,0.291839,0.073885,0.015024,-0.070174,0.380094,-0.193446,-0.904492,0.69372,0.70642,0.140437,0.611784,-0.680843,0.402704,-0.000114,-0.000938,-0.001236,-0.000788,0.01405,-0.025144,-0.232218
82,0.153641,-0.049066,0.299655,-0.251207,0.188618,-0.949402,-0.795157,-0.599477,0.09124,-0.55163,0.777608,0.301757,-0.000171,-0.001405,-0.001857,0.0,0.0,0.0,0.012814,-0.207185,-0.03617,0.332135,-0.250842,0.807578,0.533749,-0.462739,-0.584227,0.666697,0.850539,-0.08076,0.519542,-0.002106,0.011235,-0.028044,0.414568,-0.625421,-1.134501,0.060356,0.025239,0.025531,-0.00869,0.187973,-0.768143,0.612063,0.488721,0.613697,0.620102,-0.851949,0.182566,0.490766,-0.008516,0.005786,-0.013376,0.229319,-0.644674,-3.31304,0.041025,0.073881,0.014994,-0.070214,0.380309,-0.193379,-0.904416,0.693645,0.706455,0.140627,0.611735,-0.680826,0.402807,-0.000104,-0.000857,-0.001132,-1.6e-05,-1e-06,-6e-06,-0.222421
83,0.153578,-0.04909,0.299623,-0.25143,0.188579,-0.949351,-0.795109,-0.599511,0.091437,-0.551598,0.777591,0.301859,-8e-06,-6.3e-05,-8.3e-05,0.0,0.0,0.0,0.008716,-0.207314,-0.035476,0.331683,-0.322681,0.787646,0.524863,-0.46021,-0.61502,0.640227,0.827465,-0.035944,0.560244,-0.014532,0.017553,-0.000894,-2.194112,-4.595232,-3.245267,-0.194697,0.025178,0.025854,-0.008941,0.25601,-0.754623,0.604154,0.491528,0.639777,0.590834,-0.832381,0.145699,0.534707,0.000437,0.003476,0.003607,0.231745,-1.139731,-0.283828,-0.225629,0.07385,0.01498,-0.070233,0.380517,-0.193308,-0.904344,0.693571,0.70649,0.140816,0.61169,-0.68081,0.402904,3e-06,2.7e-05,3.4e-05,-1.4e-05,-6e-06,1e-06,-0.222747
84,0.153459,-0.049084,0.29963,-0.251667,0.188532,-0.949297,-0.795057,-0.599547,0.09165,-0.551564,0.777575,0.301963,-0.000125,-0.001018,-0.001346,-0.000767,0.014052,-0.02515,0.043058,-0.207504,-0.035118,0.331946,-0.402858,0.745341,0.53119,-0.422356,-0.666166,0.614632,0.812463,0.022325,0.582467,-0.014033,0.007339,0.008347,-0.580229,-1.342102,-0.983375,-0.563267,0.025084,0.026056,-0.008801,0.34183,-0.71714,0.607339,0.458228,0.691429,0.558526,-0.820474,0.087379,0.564965,0.00038,0.003356,0.003506,0.724805,1.083514,-2.036796,-0.518735,0.073796,0.014986,-0.070225,0.380696,-0.193241,-0.904282,0.693507,0.70652,0.140982,0.611651,-0.680798,0.402983,5e-06,4.4e-05,6.2e-05,5e-06,2.6e-05,1.1e-05,-0.20103
85,0.153387,-0.0491,0.299627,-0.251867,0.188496,-0.949251,-0.795028,-0.599556,0.091835,-0.551514,0.777576,0.302052,-0.000104,-0.000845,-0.001117,0.0,0.0,0.0,0.052406,-0.207479,-0.035041,0.332085,-0.427711,0.732984,0.528951,-0.417493,-0.679109,0.603693,0.802236,0.036456,0.595778,0.000705,0.005668,0.005833,0.530341,-0.871493,0.203695,-0.77656,0.025093,0.026104,-0.008721,0.37102,-0.704669,0.604801,0.450272,0.706116,0.546492,-0.812156,0.069566,0.579276,0.000343,0.002846,0.002947,0.570331,-0.913554,0.201533,-0.671739,0.073754,0.014978,-0.070227,0.380925,-0.193162,-0.904203,0.693442,0.706541,0.141199,0.611582,-0.680799,0.403086,-6.8e-05,-0.000548,-0.000725,-5e-06,-4e-06,-2e-06,-0.181435
86,0.153284,-0.049134,0.299529,-0.253082,0.186971,-0.949229,-0.791396,-0.604331,0.091909,-0.556157,0.774243,0.302097,-0.000276,-0.002242,-0.002967,0.14164,-0.013714,-0.045078,0.06187,-0.207146,-0.034952,0.332247,-0.478863,0.70121,0.528192,-0.401895,-0.70991,0.57831,0.781074,0.063776,0.621063,6.9e-05,0.000563,0.000579,0.453093,-0.478154,-0.104203,-1.20098,0.02526,0.026158,-0.00863,0.424961,-0.676066,0.601948,0.43746,0.735555,0.517287,-0.792487,0.043501,0.608335,-1e-06,4.7e-05,5.9e-05,0.390571,-0.42366,-0.084233,-0.937412,0.073703,0.014961,-0.070275,0.38191,-0.1915,-0.904141,0.689246,0.710753,0.140599,0.615697,-0.676872,0.403435,-0.000148,-0.00121,-0.001601,0.143039,-0.0135,-0.045419,-0.156615
87,0.153409,-0.049273,0.299312,-0.252773,0.18703,-0.9493,-0.791435,-0.604325,0.091619,-0.556244,0.774234,0.301962,-0.000563,-0.004583,-0.006075,0.005289,-0.096999,0.173556,0.058976,-0.207322,-0.034895,0.331497,-0.536803,0.660107,0.525445,-0.36498,-0.743074,0.56086,0.761335,0.108468,0.639115,-0.017909,0.018407,-0.039624,-0.248735,-1.723168,-1.080349,-1.406801,0.025181,0.026189,-0.008967,0.479037,-0.642676,0.597904,0.405755,0.766127,0.498408,-0.778386,0.003846,0.627773,-0.001643,0.007919,-0.021513,0.044464,-0.689429,-0.088727,-0.955211,0.073765,0.014894,-0.070382,0.381635,-0.19158,-0.90424,0.689287,0.710767,0.140325,0.615821,-0.676835,0.403308,-0.000297,-0.00245,-0.003249,0.005137,-0.096973,0.173591,-0.150083
88,0.153561,-0.049378,0.299122,-0.253687,0.185571,-0.949343,-0.78784,-0.609033,0.091424,-0.560908,0.770891,0.301888,0.015113,-0.00696,-0.009162,0.000218,-0.000657,0.004406,0.053636,-0.207412,-0.034441,0.330555,-0.569211,0.635829,0.521259,-0.340264,-0.759219,0.554745,0.749175,0.137605,0.647815,0.011222,0.026401,-0.052793,-2.399788,-3.684097,-3.431792,-1.408633,0.025123,0.026408,-0.009452,0.514521,-0.620631,0.59168,0.382865,0.7837,0.489109,-0.767256,-0.025123,0.640848,-0.002084,0.018428,-0.030479,0.570639,-0.695825,-0.167175,-0.957007,0.073836,0.014845,-0.070472,0.382354,-0.190006,-0.904268,0.685135,0.714937,0.139475,0.619994,-0.672875,0.403539,-0.000381,-0.003152,-0.004189,-0.001292,0.013979,-0.025465,-0.152696
89,0.15391,-0.049509,0.29862,-0.253393,0.185623,-0.949411,-0.787622,-0.609376,0.091015,-0.561347,0.770607,0.301796,-0.000761,-0.006263,-0.008344,-0.000767,0.01407,-0.02514,0.037456,-0.20693,-0.032516,0.328125,-0.621993,0.586661,0.518598,-0.292658,-0.788376,0.541061,0.72704,0.18403,0.661369,0.011366,0.056134,-0.061656,0.019611,0.73606,-2.805892,-1.409253,0.025361,0.02734,-0.010683,0.574814,-0.574332,0.582865,0.335077,0.81505,0.472669,-0.746533,-0.076392,0.660947,0.013256,0.028047,-0.031304,-2.691917,-3.057714,-3.497817,-0.995054,0.074016,0.014774,-0.070729,0.382057,-0.190109,-0.904372,0.684938,0.715217,0.13901,0.620396,-0.672549,0.403467,0.00758,0.002005,-0.008813,0.035615,-0.013582,0.022843,-0.165596
90,0.154196,-0.049374,0.298059,-0.254104,0.184141,-0.94951,-0.783436,-0.614846,0.090365,-0.566854,0.766611,0.30168,0.015442,0.006431,-0.01441,0.035817,-0.013585,0.022761,0.015097,-0.205974,-0.031263,0.326374,-0.623982,0.593269,0.508595,-0.285015,-0.778689,0.558877,0.728374,0.203028,0.654304,0.012981,0.012662,-0.027398,-0.279526,-0.386048,0.752066,-1.408329,0.025839,0.027988,-0.011566,0.575789,-0.57962,0.576633,0.323834,0.809275,0.490106,-0.750731,-0.095464,0.653673,0.013912,0.006095,-0.014344,-0.648455,-1.670637,2.179991,-0.985257,0.074152,0.014834,-0.071012,0.382616,-0.188531,-0.904466,0.680163,0.720022,0.137644,0.625286,-0.66785,0.403723,-0.000168,0.003975,-0.00623,0.035236,-0.01297,0.018354,-0.199234
91,0.154275,-0.049243,0.29787,-0.254473,0.179828,-0.950237,-0.779412,-0.61979,0.091378,-0.572207,0.763654,0.299065,-0.000149,0.009636,-0.010199,0.01318,-0.152567,-0.059394,0.01523,-0.205383,-0.03114,0.326006,-0.622959,0.600504,0.501307,-0.287801,-0.771737,0.567034,0.728154,0.208209,0.65292,0.029104,-0.006038,-0.00794,-0.06527,0.034644,0.090189,-1.407928,0.026117,0.028051,-0.011755,0.574531,-0.588022,0.569335,0.32659,0.802524,0.499292,-0.750501,-0.10092,0.653117,0.014666,-0.002261,-0.003193,-0.065684,-0.154471,0.283458,-0.990645,0.074197,0.014895,-0.071112,0.382509,-0.184426,-0.905358,0.675516,0.724344,0.13785,0.630368,-0.664313,0.401651,-6.1e-05,0.004868,-0.005038,4.5e-05,-0.204525,-0.087198,-0.206745
92,0.154433,-0.049091,0.29778,-0.254495,0.175584,-0.951025,-0.775484,-0.624583,0.09215,-0.577505,0.760736,0.296302,0.000141,0.001173,0.001567,-0.005172,-0.032362,-0.018038,0.018163,-0.204483,-0.031636,0.325643,-0.617812,0.600842,0.507236,-0.284714,-0.772126,0.568061,0.733729,0.205784,0.647424,0.013656,-0.025641,-0.007762,-0.073672,0.863636,-0.692689,-1.306839,0.026586,0.02783,-0.011924,0.570438,-0.587524,0.573947,0.324642,0.803175,0.499517,-0.754458,-0.098616,0.648896,0.014005,-0.007849,-0.009067,0.250124,2.103311,-1.82421,-0.991462,0.074276,0.014976,-0.071159,0.381938,-0.179751,-0.906538,0.670835,0.728622,0.13816,0.63569,-0.660907,0.398872,0.008049,0.000509,0.000706,0.005682,-0.021704,0.023285,-0.206745
93,0.154498,-0.049244,0.298007,-0.25609,0.169782,-0.95165,-0.768313,-0.633151,0.09374,-0.586312,0.754958,0.293776,0.000189,0.001578,0.002107,-0.01611,-0.100884,-0.056145,0.016039,-0.204231,-0.032467,0.32502,-0.588691,0.610127,0.530263,-0.280777,-0.769363,0.57374,0.758746,0.188105,0.623526,-0.017787,-0.009831,-0.029585,0.25487,1.805691,1.394565,-0.652711,0.026725,0.02741,-0.012225,0.54243,-0.590499,0.597561,0.318853,0.802781,0.503859,-0.77724,-0.082775,0.623735,-0.001086,-0.01058,-0.011276,2.223296,4.694754,3.268329,-0.796003,0.07431,0.014902,-0.071041,0.382865,-0.173995,-0.907269,0.662478,0.736187,0.138379,0.643844,-0.654028,0.397128,0.000102,0.000872,0.00116,-0.01342,-0.092984,-0.052567,-0.207235
94,0.154491,-0.049549,0.298327,-0.256511,0.169772,-0.951538,-0.768879,-0.632366,0.094389,-0.585385,0.755617,0.293929,1.7e-05,0.000143,0.000191,-3e-06,-2.2e-05,-1.2e-05,0.014911,-0.204468,-0.03321,0.32336,-0.490796,0.673903,0.552236,-0.329852,-0.730262,0.598204,0.807011,0.110596,0.57997,-0.005105,-0.014439,-0.055809,2.366202,4.560926,4.436213,-0.246927,0.026602,0.027049,-0.013037,0.443454,-0.643857,0.623535,0.361531,0.765068,0.532884,-0.820148,-0.010882,0.572047,-0.002582,-0.007568,-0.028244,0.246016,1.690064,1.813618,-0.649041,0.074306,0.014754,-0.070876,0.383318,-0.174029,-0.907072,0.663017,0.735575,0.139056,0.643021,-0.654707,0.397343,4e-06,-0.005384,0.00434,-0.035642,0.014982,-0.017115,-0.210174
95,0.154526,-0.049664,0.298415,-0.257526,0.168275,-0.95153,-0.765339,-0.636631,0.094493,-0.58956,0.752367,0.293923,0.0,2e-06,3e-06,-0.0,-0.0,-0.0,0.015064,-0.20457,-0.033458,0.322214,-0.424156,0.713025,0.558281,-0.368316,-0.698918,0.613019,0.827808,0.0535,0.558332,-0.005584,-0.003676,-0.064764,2.344825,4.298529,4.079356,-0.120454,0.026548,0.026909,-0.013643,0.36956,-0.681148,0.63203,0.400664,0.730513,0.553008,-0.838387,0.048862,0.54288,-0.002713,-0.002232,-0.032911,2.268703,4.344522,4.13624,-0.590093,0.074324,0.014695,-0.070833,0.384126,-0.172422,-0.907037,0.658951,0.739319,0.138523,0.646706,-0.650904,0.39761,-4e-06,-0.005452,0.004247,-0.036445,0.013207,-0.018193,-0.210174
