frame,MLTx,MLTy,MLTz,MLTR1,MLTR2,MLTR3,MLTR4,MLTR5,MLTR6,MLTR7,MLTR8,MLTR9,MLTTVx,MLTTVy,MLTTVz,MLTRVx,MLTRVy,MLTRVz,MLGA,MRTx,MRTy,MRTz,MRTR1,MRTR2,MRTR3,MRTR4,MRTR5,MRTR6,MRTR7,MRTR8,MRTR9,MRTTVx,MRTTVy,MRTTVz,MRTRVx,MRTRVy,MRTRVz,MRGA,SLTx,SLTy,SLTz,SLTR1,SLTR2,SLTR3,SLTR4,SLTR5,SLTR6,SLTR7,SLTR8,SLTR9,SLTTVx,SLTTVy,SLTTVz,SLTRVx,SLTRVy,SLTRVz,SLGA,SRTx,SRTy,SRTz,SRTR1,SRTR2,SRTR3,SRTR4,SRTR5,SRTR6,SRTR7,SRTR8,SRTR9,SRTTVx,SRTTVy,SRTTVz,SRTRVx,SRTRVy,SRTRVz,SRGA
1684,0.075282,-0.027283,0.373992,0.024452,0.91712,-0.397917,-0.913329,-0.141284,-0.38189,-0.406497,0.371627,0.834674,0.000376,0.001082,0.000949,0.0,0.0,0.0,-0.544864,-0.068132,0.0229,0.36069,0.02884,0.942285,0.333555,-0.80575,0.219484,-0.550025,-0.591494,-0.254088,0.765139,-0.00539,0.019941,-0.001623,1.656596,-1.936755,4.44761,-1.406319,0.057017,0.029745,-0.003835,-0.008636,-0.944843,0.327409,0.783991,-0.20964,-0.584302,0.620711,0.251639,0.742559,-0.002749,0.010115,-0.000697,-0.13795,0.850598,0.088242,-0.826701,0.075848,0.011749,-0.056878,-0.032513,0.943884,-0.328671,-0.907887,-0.165404,-0.385202,-0.41795,0.285872,0.862318,0.000274,0.000794,0.000692,4e-06,-1.6e-05,5e-06,-0.612849
1685,0.075432,-0.027239,0.374023,0.024832,0.917104,-0.397931,-0.913305,-0.140987,-0.382057,-0.406528,0.371779,0.834591,0.000673,0.00194,0.001701,0.0,0.0,0.0,-0.545626,-0.068404,0.023635,0.360653,0.046681,0.928705,0.367857,-0.793483,0.258264,-0.551016,-0.606761,-0.267338,0.748488,-0.0056,0.020591,-0.001158,0.433674,0.380384,1.330338,-1.406205,0.056878,0.03012,-0.003855,-0.028667,-0.931212,0.363346,0.771006,-0.251943,-0.58487,0.636182,0.263376,0.725193,-0.002764,0.010377,-0.000546,1.889895,-1.68841,4.45304,-0.826375,0.075928,0.011769,-0.056865,-0.032108,0.943891,-0.328689,-0.907883,-0.165074,-0.385354,-0.417991,0.286039,0.862243,0.000391,0.001128,0.000985,0.001173,-0.011649,0.026337,-0.613338
1686,0.075527,-0.027226,0.374038,0.019707,0.917226,-0.397936,-0.912445,-0.146143,-0.382175,-0.40873,0.369485,0.834534,0.000507,0.001463,0.001282,0.0,0.0,-0.0,-0.545008,-0.068558,0.024059,0.36059,0.048783,0.920136,0.388537,-0.789222,0.274011,-0.549527,-0.612131,-0.280996,0.739053,-0.005445,0.020131,-0.001512,-0.122272,1.176056,0.187538,-1.406235,0.056801,0.030334,-0.003884,-0.031397,-0.922351,0.385073,0.766504,-0.269475,-0.582969,0.641471,0.276856,0.715447,-0.002751,0.01014,-0.000708,-0.038526,1.284822,0.650885,-0.826048,0.075976,0.011777,-0.056855,-0.037248,0.943716,-0.328651,-0.906727,-0.170165,-0.385862,-0.420069,0.283624,0.862031,0.007366,-0.000665,-0.000233,0.000592,-0.014811,0.029569,-0.613665
1687,0.075766,-0.027196,0.374075,0.020163,0.91721,-0.397951,-0.912432,-0.145774,-0.382348,-0.408738,0.369671,0.834448,0.000613,0.001771,0.00155,0.0,0.0,0.0,-0.546652,-0.068989,0.024951,0.360302,0.057978,0.898729,0.434644,-0.772724,0.316139,-0.550352,-0.632065,-0.305086,0.712236,-0.019857,0.025491,-0.012371,2.543845,2.074233,-0.306814,-1.406253,0.05659,0.030779,-0.004023,-0.039862,-0.901505,0.430928,0.751868,-0.31111,-0.581295,0.658106,0.30083,0.690214,-0.002381,0.009062,-0.001515,0.500082,0.732304,1.482271,-0.824415,0.07609,0.011792,-0.056837,-0.036812,0.943727,-0.328669,-0.906738,-0.169799,-0.385997,-0.420083,0.283808,0.861964,0.000413,0.001198,0.001047,0.001167,-0.01171,0.026429,-0.614318
1688,0.076032,-0.027151,0.374126,0.020733,0.91719,-0.397966,-0.912414,-0.145311,-0.382566,-0.408749,0.369901,0.834341,0.000958,0.002776,0.002428,0.0,0.0,0.0,-0.548987,-0.069354,0.025985,0.35986,0.065243,0.874276,0.481016,-0.758557,0.356719,-0.545231,-0.648318,-0.330408,0.685841,-0.006979,0.028451,-0.011831,-0.119994,1.589435,0.106139,-1.406538,0.056403,0.031295,-0.004245,-0.044517,-0.877261,0.477943,0.736148,-0.352228,-0.577945,0.675354,0.326108,0.661475,-0.009759,0.012266,-0.006547,-0.090797,1.626937,0.405582,-0.842051,0.076228,0.011813,-0.056813,-0.036213,0.943742,-0.328691,-0.90675,-0.169297,-0.386188,-0.420108,0.284056,0.86187,0.000565,0.001639,0.001429,0.001171,-0.011703,0.02639,-0.615461
1689,0.076179,-0.027121,0.374158,0.021076,0.917179,-0.397974,-0.912403,-0.145033,-0.382698,-0.408756,0.370038,0.834276,0.015274,0.000275,0.000934,0.002178,-0.026376,0.05588,-0.549545,-0.069586,0.026525,0.359594,0.067486,0.862147,0.502136,-0.751287,0.375152,-0.542921,-0.656506,-0.341695,0.672389,-0.006545,0.027141,-0.012796,-0.097619,1.440354,-0.041188,-1.406618,0.056286,0.031567,-0.004376,-0.045698,-0.864774,0.500075,0.729073,-0.371092,-0.575102,0.682908,0.33831,0.647442,-0.009766,0.012322,-0.0065,-0.092806,1.614166,0.331305,-0.852175,0.076295,0.011828,-0.056797,-0.035916,0.94375,-0.328702,-0.906757,-0.169048,-0.386283,-0.420121,0.284179,0.861823,0.000431,0.001252,0.001087,-5e-06,-4.1e-05,5.1e-05,-0.615951
1690,0.076434,-0.027039,0.37424,0.021555,0.917162,-0.397989,-0.912388,-0.144645,-0.38288,-0.408765,0.370232,0.834185,0.001081,0.003145,0.002745,0.0,0.0,0.0,-0.551171,-0.069992,0.027633,0.359026,0.07205,0.839568,0.538449,-0.734592,0.409908,-0.540633,-0.674668,-0.357647,0.64558,-0.008472,0.036629,-0.022184,-0.022292,1.264225,-0.127798,-1.406323,0.056083,0.032118,-0.004656,-0.04859,-0.8424,0.536656,0.712652,-0.405698,-0.572307,0.699832,0.354641,0.620051,-0.003197,0.013353,-0.006551,-0.053411,1.392262,0.199854,-0.868504,0.076429,0.011868,-0.056757,-0.03541,0.943761,-0.328722,-0.906766,-0.168624,-0.386444,-0.420142,0.28439,0.861742,0.007547,-0.000102,0.000253,0.000974,-0.014731,0.02959,-0.617094
1691,0.076677,-0.026961,0.374317,0.016706,0.917257,-0.398001,-0.9115,-0.149571,-0.383104,-0.410964,0.368037,0.834077,0.015042,-0.000352,0.000374,0.000984,-0.014715,0.029553,-0.551785,-0.070324,0.028755,0.358376,0.080952,0.820715,0.565566,-0.72782,0.436414,-0.528918,-0.68098,-0.369849,0.631935,-0.008486,0.036676,-0.02211,0.960449,0.247852,1.332967,-1.405993,0.055918,0.032676,-0.004984,-0.05498,-0.824793,0.562755,0.707379,-0.429946,-0.561034,0.704692,0.367236,0.60708,-0.002877,0.012511,-0.007175,3.118469,-2.185674,3.253654,-0.878301,0.076551,0.011911,-0.056715,-0.040248,0.943578,-0.328694,-0.905598,-0.173455,-0.387046,-0.422222,0.282087,0.861483,0.007522,-0.000174,0.000184,0.000834,-0.014787,0.029676,-0.617747
1692,0.076792,-0.026923,0.374354,0.016974,0.91725,-0.398007,-0.911492,-0.149353,-0.383207,-0.41097,0.368144,0.834027,0.014939,-0.000642,0.000119,0.000984,-0.014715,0.029553,-0.55209,-0.070492,0.029388,0.358009,0.083927,0.814104,0.574615,-0.727005,0.444456,-0.523313,-0.681494,-0.374855,0.628421,-0.006205,0.026125,-0.013491,0.092949,0.649281,-0.130497,-1.406426,0.055837,0.032982,-0.005162,-0.058452,-0.817028,0.573626,0.706302,-0.439923,-0.55462,0.705492,0.372735,0.602784,-0.00312,0.013158,-0.006671,0.976462,0.042105,0.970775,-0.88124,0.076604,0.01193,-0.056696,-0.040003,0.943585,-0.328702,-0.905604,-0.173249,-0.387124,-0.422232,0.282188,0.861446,0.000494,0.001449,0.001259,-7.4e-05,-6e-05,0.000126,-0.618074
1693,0.077009,-0.026853,0.374423,0.017464,0.917236,-0.398018,-0.911478,-0.148955,-0.383395,-0.410981,0.368339,0.833935,0.014878,-0.000799,-2.2e-05,0.000984,-0.014715,0.029553,-0.552599,-0.070834,0.030617,0.357242,0.084493,0.802242,0.590982,-0.728028,0.454712,-0.512978,-0.680331,-0.38792,0.621715,-0.02028,0.030831,-0.024717,0.063108,0.578253,-0.093494,-1.406153,0.055666,0.033613,-0.005547,-0.058379,-0.805299,0.589987,0.707552,-0.450294,-0.544613,0.704245,0.385653,0.596079,-0.00388,0.017261,-0.011805,0.087723,0.552686,0.155846,-0.881404,0.076712,0.011965,-0.056661,-0.039509,0.943601,-0.328717,-0.905616,-0.172834,-0.387282,-0.422253,0.28239,0.861369,0.000461,0.001351,0.001173,-3.1e-05,-3.3e-05,0.000104,-0.618564
1694,0.077222,-0.026796,0.374481,0.01806,0.91722,-0.398027,-0.911461,-0.14847,-0.383625,-0.410995,0.368573,0.833825,0.014703,-0.001292,-0.000455,0.000984,-0.014715,0.029553,-0.552475,-0.071187,0.031801,0.356373,0.092631,0.786825,0.610178,-0.72346,0.474292,-0.501584,-0.684143,-0.39597,0.612388,-0.007113,0.032473,-0.025076,0.081854,0.490547,0.124574,-1.405936,0.055485,0.034205,-0.005981,-0.065599,-0.789759,0.609899,0.703416,-0.470117,-0.533099,0.707744,0.394042,0.586368,-0.003514,0.016145,-0.012601,0.084608,0.54647,0.14683,-0.885486,0.076819,0.011995,-0.056632,-0.038911,0.94362,-0.328732,-0.905629,-0.17233,-0.387475,-0.422281,0.282632,0.861276,0.00035,0.001028,0.000891,-1.7e-05,-3.7e-05,6.6e-05,-0.618727
1695,0.077453,-0.026757,0.374538,0.013086,0.917302,-0.398035,-0.910565,-0.153482,-0.38378,-0.413158,0.366317,0.83375,0.000817,0.002399,0.002084,0.0,0.0,-0.0,-0.554017,-0.071684,0.032775,0.355486,0.098811,0.763886,0.637735,-0.710412,0.502969,-0.492211,-0.696844,-0.405382,0.591555,-0.006673,0.031152,-0.025996,0.410601,0.445911,0.764823,-1.406127,0.055237,0.034691,-0.006425,-0.070412,-0.767528,0.637136,0.691002,-0.498179,-0.523769,0.719415,0.403382,0.565441,-0.008356,0.008301,-0.009386,1.115216,0.187746,1.370414,-0.891364,0.076939,0.012011,-0.056606,-0.04387,0.943414,-0.3287,-0.904446,-0.177249,-0.388018,-0.424324,0.28027,0.861044,0.007517,-0.000151,0.000198,0.001636,-0.026478,0.055892,-0.619217
1696,0.077597,-0.026733,0.374565,0.013406,0.917293,-0.398043,-0.910557,-0.153222,-0.383902,-0.413165,0.366446,0.83369,0.000803,0.002363,0.002052,0.0,0.0,-0.0,-0.55389,-0.071953,0.03316,0.355071,0.094872,0.751222,0.653188,-0.705977,0.513429,-0.487772,-0.701876,-0.415807,0.578219,-0.016323,0.015325,-0.019706,0.037147,1.126577,0.399837,-1.406193,0.055106,0.034891,-0.006634,-0.066907,-0.75574,0.651444,0.68649,-0.508669,-0.519602,0.724054,0.412445,0.552842,-0.008306,0.008144,-0.00949,0.035883,0.620986,0.126215,-0.887609,0.077011,0.012023,-0.056592,-0.043547,0.943425,-0.328712,-0.904457,-0.176978,-0.388117,-0.424335,0.280405,0.860995,0.00754,-8.1e-05,0.000256,0.00087,-0.014776,0.029699,-0.619543
1697,0.077933,-0.026647,0.374653,0.008692,0.917343,-0.398061,-0.909619,-0.158028,-0.384177,-0.415346,0.364281,0.833555,0.001334,0.003937,0.003412,0.0,0.0,-1e-06,-0.553824,-0.072588,0.033783,0.354357,0.089627,0.72705,0.680703,-0.69438,0.535625,-0.480497,-0.714025,-0.430517,0.551984,-0.016947,0.017322,-0.018215,0.059214,0.905668,0.318357,-1.405946,0.05479,0.035195,-0.006996,-0.060145,-0.730834,0.6799,0.675215,-0.53144,-0.511522,0.735164,0.428313,0.525433,-0.007283,0.003238,-0.004952,0.054425,1.124775,0.462316,-0.889405,0.077178,0.012065,-0.05655,-0.048267,0.943202,-0.328694,-0.903244,-0.1817,-0.38876,-0.426403,0.278126,0.860712,0.007842,0.000831,0.001042,0.001243,-0.026536,0.055817,-0.61987
1698,0.078454,-0.026509,0.374778,0.004626,0.917359,-0.39809,-0.908633,-0.162312,-0.384723,-0.417558,0.362356,0.833288,0.016213,0.003282,0.003479,0.002172,-0.026375,0.055881,-0.555893,-0.073369,0.034015,0.35391,0.089542,0.704146,0.704381,-0.676946,0.561828,-0.475423,-0.730586,-0.435145,0.526076,-0.027082,0.003057,-0.010818,0.031081,0.713212,0.144482,-1.406156,0.054403,0.035317,-0.007222,-0.058887,-0.707594,0.704161,0.658054,-0.557943,-0.505632,0.750664,0.433601,0.498491,-0.006081,-0.00225,-0.000842,0.021422,0.803493,0.237973,-0.892018,0.077432,0.012132,-0.056489,-0.052384,0.942981,-0.328695,-0.90202,-0.185914,-0.389607,-0.428502,0.27608,0.860328,0.008083,0.001569,0.00167,0.000569,-0.014876,0.029772,-0.62036
1699,0.078812,-0.02642,0.374868,-0.005379,0.918501,-0.39544,-0.906405,-0.171442,-0.386017,-0.422354,0.355209,0.833949,0.03097,0.002317,0.003266,0.662534,0.616477,-1.289611,-0.558044,-0.073798,0.03399,0.353762,0.087293,0.695019,0.713667,-0.670021,0.571156,-0.474116,-0.73721,-0.437661,0.514623,-0.01426,0.00554,-0.010599,0.015085,0.921544,0.063596,-1.40595,0.054184,0.035306,-0.007294,-0.056801,-0.699466,0.712404,0.651309,-0.56677,-0.504546,0.756683,0.435336,0.487762,-0.012186,-0.00444,-0.001653,-0.02528,0.877808,0.155532,-0.89463,0.077605,0.012175,-0.056445,-0.060804,0.94355,-0.325598,-0.899662,-0.193095,-0.391563,-0.432331,0.26912,0.860617,0.008395,0.002704,0.002611,2.183012,2.182903,-4.733469,-0.621176
1700,0.079681,-0.026155,0.375127,-0.013834,0.919544,-0.3928,-0.904085,-0.179246,-0.387909,-0.427098,0.348614,0.834315,0.018117,0.009157,0.008484,0.023461,0.008567,0.026146,-0.564065,-0.074573,0.033852,0.353649,0.086621,0.686091,0.722335,-0.659898,0.582745,-0.474212,-0.746363,-0.436455,0.502306,-0.012673,-0.002918,-0.000548,-0.011987,0.303815,-0.09075,-1.406062,0.053797,0.035237,-0.007357,-0.055023,-0.689572,0.722123,0.641238,-0.578771,-0.503821,0.765365,0.435332,0.474026,-0.012643,-0.003012,-0.000604,-0.002717,0.221576,0.048993,-0.889568,0.078044,0.012303,-0.056319,-0.070873,0.943804,-0.322815,-0.896526,-0.202146,-0.394178,-0.437283,0.261475,0.860472,0.016258,0.003576,0.003672,0.060846,-0.004614,-0.020952,-0.624279
1701,0.080846,-0.025763,0.37549,-0.021577,0.921647,-0.387486,-0.901481,-0.185451,-0.391039,-0.432241,0.339727,0.835332,0.033252,0.009712,0.009468,0.008296,-0.016257,0.096195,-0.5703,-0.075452,0.033552,0.353617,0.084324,0.683127,0.725409,-0.655176,0.586559,-0.476052,-0.750771,-0.435989,0.496104,-0.024953,-0.00709,-0.002029,-0.003584,0.047593,-0.0485,-1.405962,0.053371,0.035094,-0.00737,-0.052353,-0.68674,0.725015,0.636521,-0.582365,-0.505658,0.769479,0.435015,0.467613,-0.012444,-0.003653,-0.001079,-0.009877,0.014874,-0.070654,-0.890548,0.078609,0.012496,-0.056141,-0.078845,0.945074,-0.317202,-0.893587,-0.208052,-0.397762,-0.441909,0.252086,0.860911,0.016894,0.005667,0.005413,-0.005323,0.021399,-0.075819,-0.629504
1702,0.082312,-0.025255,0.375929,-0.029108,0.922727,-0.384413,-0.900194,-0.191308,-0.391182,-0.434467,0.333511,0.836681,0.049182,0.013094,0.012757,0.006992,-0.076618,0.168732,-0.573398,-0.076462,0.033222,0.353554,0.084751,0.683945,0.724588,-0.649004,0.589724,-0.480576,-0.756066,-0.430394,0.492938,-0.024899,-0.007278,-0.002179,0.010761,-0.069603,0.112759,-1.40584,0.052856,0.034926,-0.007402,-0.052922,-0.68788,0.723892,0.63019,-0.585333,-0.510142,0.774635,0.429192,0.464472,-0.012425,-0.003721,-0.001132,-0.004531,0.027389,-0.056616,-0.890221,0.079347,0.012748,-0.055922,-0.086401,0.9454,-0.314247,-0.891993,-0.213894,-0.398241,-0.443714,0.245898,0.861772,0.017517,0.007828,0.007168,0.005781,-0.081027,0.131638,-0.633586
1703,0.083172,-0.024937,0.376184,-0.037578,0.922404,-0.384452,-0.897882,-0.199972,-0.392162,-0.438573,0.329308,0.836204,0.049593,0.014761,0.014054,0.006624,-0.078953,0.167355,-0.574242,-0.077083,0.033023,0.353488,0.084799,0.683993,0.724537,-0.648988,0.589719,-0.480603,-0.756074,-0.430325,0.492987,-0.02445,-0.008748,-0.003266,0.008595,-0.055118,0.087942,-1.405851,0.052545,0.034829,-0.007433,-0.053034,-0.687922,0.723844,0.630161,-0.585363,-0.510143,0.77465,0.429084,0.464546,-0.018693,-0.005407,-0.001583,-0.005125,0.044491,-0.086845,-0.893814,0.079777,0.012908,-0.055794,-0.094847,0.944536,-0.314412,-0.889182,-0.222394,-0.399868,-0.447613,0.241644,0.860959,0.024811,0.007425,0.007042,0.003751,-0.070315,0.139635,-0.634403
1704,0.085005,-0.024188,0.376839,-0.044864,0.922227,-0.384097,-0.896713,-0.206583,-0.391409,-0.440268,0.325716,0.836719,0.050807,0.019514,0.017763,0.006462,-0.079133,0.167643,-0.575943,-0.078501,0.032565,0.353347,0.083006,0.683279,0.725418,-0.642703,0.593064,-0.484915,-0.761621,-0.42684,0.487448,-0.037035,-0.012019,-0.004111,0.008685,-0.053642,0.083957,-1.40582,0.051827,0.034596,-0.007506,-0.05127,-0.687124,0.724728,0.623642,-0.588825,-0.514154,0.780026,0.42561,0.458709,-0.018497,-0.006081,-0.002084,0.005358,-0.064071,0.080129,-0.893814,0.080713,0.013289,-0.05546,-0.10196,0.943915,-0.314051,-0.887647,-0.228846,-0.399639,-0.449095,0.238019,0.861196,0.025477,0.010005,0.009062,0.006016,-0.079773,0.168658,-0.635546
1705,0.086921,-0.023335,0.377609,-0.059149,0.921734,-0.383345,-0.895387,-0.218703,-0.387844,-0.441263,0.319154,0.838722,0.051324,0.022273,0.019711,-0.038042,0.267569,-0.500883,-0.576184,-0.080108,0.032096,0.353207,0.081845,0.678632,0.729898,-0.632624,0.601321,-0.487991,-0.770137,-0.422668,0.477603,-0.03761,-0.01015,-0.002764,-0.002587,0.153994,-0.024758,-1.405458,0.051053,0.034366,-0.007577,-0.05009,-0.682305,0.729349,0.61331,-0.59737,-0.516718,0.788251,0.421436,0.448387,-0.025079,-0.006746,-0.001801,-0.011793,0.192772,-0.038001,-0.893814,0.081652,0.01371,-0.05508,-0.115606,0.942601,-0.31327,-0.885653,-0.24061,-0.397144,-0.449725,0.231536,0.862634,0.025815,0.011651,0.010253,-0.179487,0.826606,-1.458585,-0.636199
1706,0.087916,-0.022845,0.378049,-0.062247,0.921515,-0.38338,-0.894189,-0.222056,-0.388702,-0.443258,0.317472,0.838308,0.051754,0.024292,0.021173,0.001123,-0.008747,0.008893,-0.576299,-0.080945,0.031869,0.353158,0.080105,0.675554,0.73294,-0.627545,0.605514,-0.489361,-0.774461,-0.421606,0.471511,-0.050387,-0.012726,-0.003111,0.005248,0.319542,0.027613,-1.405412,0.050625,0.034249,-0.007602,-0.0484,-0.679617,0.731968,0.608191,-0.601362,-0.518138,0.792313,0.420099,0.442443,-0.018911,-0.004727,-0.001107,0.022477,0.392981,0.107107,-0.893651,0.08213,0.013945,-0.054869,-0.119408,0.942127,-0.313268,-0.884199,-0.244424,-0.398055,-0.451589,0.22946,0.862214,0.019038,0.013933,0.01182,0.023466,-0.059282,0.12748,-0.636036
1707,0.089773,-0.021857,0.378893,-0.070386,0.921059,-0.383067,-0.892841,-0.229357,-0.38756,-0.444746,0.313593,0.83898,0.051542,0.024817,0.021211,0.642696,0.551776,-1.197015,-0.577439,-0.082728,0.0314,0.353073,0.081287,0.668669,0.739098,-0.615192,0.617141,-0.49052,-0.78419,-0.415658,0.460583,-0.050501,-0.012332,-0.002862,1.222057,-0.632336,0.716371,-1.405467,0.049733,0.034016,-0.007644,-0.04782,-0.672279,0.738751,0.59689,-0.612252,-0.518525,0.800896,0.416158,0.430554,-0.025186,-0.006273,-0.00152,4.074453,-2.55296,2.465844,-0.890058,0.083079,0.014451,-0.054437,-0.12588,0.941393,-0.312939,-0.882924,-0.250143,-0.397331,-0.452325,0.226286,0.862667,0.018689,0.013547,0.011279,2.120644,2.160113,-4.672803,-0.636526
1708,0.091472,-0.020878,0.379725,-0.073684,0.92093,-0.382757,-0.892798,-0.231872,-0.38616,-0.444294,0.312124,0.839767,0.037222,0.027041,0.022283,0.006586,-0.076061,0.164429,-0.578158,-0.084488,0.030961,0.352992,0.072396,0.663545,0.74462,-0.608599,0.620908,-0.493978,-0.790173,-0.418251,0.447836,-0.050528,-0.012228,-0.002825,0.017164,0.613263,0.20343,-1.405386,0.048853,0.033797,-0.007684,-0.041033,-0.669076,0.742059,0.589281,-0.615972,-0.522805,0.806884,0.41583,0.419549,-0.01895,-0.004589,-0.001031,-0.019971,0.042916,-0.092263,-0.887119,0.083935,0.014941,-0.054019,-0.130762,0.940835,-0.312617,-0.882229,-0.25428,-0.396247,-0.452296,0.223986,0.863283,0.025442,0.011901,0.009991,-0.001007,0.000534,-0.013039,-0.637342
1709,0.093034,-0.019928,0.380545,-0.076307,0.920689,-0.382823,-0.891604,-0.234812,-0.38714,-0.446241,0.310638,0.839285,0.036209,0.024471,0.019922,0.005422,-0.064395,0.138102,-0.579458,-0.086232,0.030542,0.352899,0.073098,0.663101,0.744947,-0.600143,0.625862,-0.498056,-0.796551,-0.411505,0.442756,-0.037937,-0.009019,-0.002037,-0.00494,0.069051,-0.07415,-1.405604,0.047976,0.033586,-0.007731,-0.040593,-0.666802,0.744127,0.58057,-0.621862,-0.525571,0.813197,0.410684,0.412369,-0.025291,-0.006016,-0.00133,-0.01642,0.055422,-0.123444,-0.887935,0.084718,0.015421,-0.053605,-0.133326,0.940452,-0.312685,-0.880883,-0.257032,-0.397465,-0.454167,0.222447,0.862698,0.01815,0.012417,0.010079,-0.002823,0.015693,-0.042926,-0.637832
1710,0.093757,-0.019475,0.380939,-0.080708,0.920302,-0.382853,-0.890285,-0.239213,-0.387482,-0.448092,0.308429,0.839114,0.035774,0.023373,0.018916,-0.002517,0.016035,-0.043626,-0.579639,-0.087048,0.030348,0.352868,0.071465,0.663781,0.7445,-0.600369,0.624727,-0.499209,-0.796528,-0.412136,0.442211,-0.037964,-0.008915,-0.001975,-0.006115,0.045958,-0.087537,-1.405264,0.047582,0.033493,-0.007745,-0.039141,-0.667658,0.743438,0.580816,-0.620613,-0.526774,0.813093,0.411182,0.412077,-0.025308,-0.005954,-0.001296,-0.009692,0.053113,-0.121911,-0.887119,0.085079,0.015649,-0.053407,-0.137553,0.939835,-0.312712,-0.879331,-0.261188,-0.398192,-0.455911,0.220205,0.862353,0.017886,0.011709,0.009453,0.004618,-0.06468,0.138697,-0.637995
1711,0.09513,-0.018664,0.381683,-0.084728,0.920081,-0.382514,-0.89024,-0.242266,-0.385683,-0.447433,0.306706,0.840097,0.033894,0.00975,0.025405,-0.030891,-0.036985,0.094806,-0.581818,-0.088575,0.030021,0.3528,0.069019,0.66242,0.745941,-0.600283,0.624834,-0.499177,-0.796805,-0.41416,0.439815,-0.038053,-0.008569,-0.001747,-0.001447,0.131247,-0.038113,-1.404926,0.046805,0.033326,-0.00778,-0.036636,-0.666271,0.744809,0.580653,-0.620779,-0.526758,0.813325,0.413178,0.409615,-0.019032,-0.004272,-0.000838,0.011902,0.040211,0.13681,-0.887282,0.085754,0.016054,-0.053042,-0.141624,0.939346,-0.312363,-0.879091,-0.264417,-0.396587,-0.455127,0.21843,0.863218,0.017329,0.010121,0.008094,0.008656,-0.06564,0.139568,-0.639302
1712,0.096337,-0.018054,0.382313,-0.093133,0.920387,-0.379814,-0.887533,-0.249563,-0.387267,-0.451116,0.299884,0.84059,0.032853,0.006587,0.022788,0.610861,0.658277,-1.244358,-0.582895,-0.089919,0.029771,0.352765,0.068875,0.660205,0.747915,-0.599905,0.626459,-0.497593,-0.797102,-0.41524,0.438255,-0.025796,-0.004072,1.8e-05,-0.000191,0.103212,-0.016288,-1.404642,0.046128,0.033197,-0.007799,-0.036364,-0.66402,0.746829,0.580338,-0.622428,-0.525156,0.813562,0.414317,0.407991,-0.019272,-0.003344,-0.000176,0.011093,0.002947,0.147035,-0.881404,0.086371,0.016367,-0.052721,-0.148403,0.939299,-0.309343,-0.876506,-0.269784,-0.398689,-0.457945,0.211974,0.863338,0.01642,0.007418,0.005894,2.118915,2.146349,-4.50397,-0.640281
1713,0.096901,-0.017816,0.382594,-0.091848,0.920519,-0.379806,-0.887704,-0.248439,-0.387597,-0.451043,0.300409,0.840441,0.018299,0.006282,0.022272,-0.031745,-0.021412,0.065619,-0.583868,-0.090522,0.029649,0.352747,0.06828,0.658075,0.749845,-0.599617,0.627816,-0.496228,-0.79737,-0.416568,0.436505,-0.025491,-0.005217,-0.000826,0.012814,-0.023907,0.139284,-1.404729,0.045826,0.033139,-0.007806,-0.035471,-0.661804,0.748836,0.580111,-0.623779,-0.523803,0.813764,0.415829,0.406046,-0.019093,-0.004017,-0.000675,-0.012195,0.065867,-0.082608,-0.878138,0.086666,0.016491,-0.052571,-0.148681,0.939209,-0.309482,-0.87623,-0.270193,-0.399018,-0.458382,0.211851,0.863136,0.009077,0.002901,0.010933,-0.033781,-0.032196,0.060786,-0.640771
1714,0.097994,-0.017489,0.383114,-0.095024,0.920215,-0.379764,-0.886621,-0.251629,-0.388018,-0.45251,0.29869,0.840266,0.031099,0.00084,0.018219,-0.030935,-0.037127,0.094735,-0.585219,-0.091593,0.029392,0.352687,0.069843,0.652454,0.754598,-0.590201,0.636914,-0.495921,-0.804232,-0.411552,0.428602,-0.025033,-0.006986,-0.002129,1.274769,-0.644251,0.966926,-1.404605,0.04529,0.033013,-0.007834,-0.036043,-0.656857,0.753152,0.571857,-0.631613,-0.52349,0.819559,0.411828,0.398394,-0.012401,-0.003766,-0.001287,4.196881,-2.351694,2.481202,-0.882057,0.0872,0.016651,-0.052319,-0.151902,0.938671,-0.309548,-0.874951,-0.273384,-0.399652,-0.459768,0.210132,0.862819,0.015704,0.004892,0.003908,0.003794,-0.053115,0.112222,-0.641914
1715,0.099054,-0.017342,0.383572,-0.098556,0.91987,-0.379698,-0.885572,-0.255053,-0.388178,-0.453802,0.296847,0.840221,0.030026,-0.00283,0.01536,-0.032097,-0.025573,0.068355,-0.586237,-0.092456,0.029192,0.352631,0.063067,0.645277,0.761335,-0.589581,0.63964,-0.493143,-0.805238,-0.418582,0.419815,-0.025364,-0.005707,-0.001205,0.009315,0.268131,0.079293,-1.40487,0.04485,0.032908,-0.007865,-0.030005,-0.649067,0.760138,0.570155,-0.635741,-0.520341,0.820988,0.417784,0.389144,-0.012685,-0.002841,-0.000575,0.004131,0.254206,0.067306,-0.880587,0.08773,0.016727,-0.052089,-0.155381,0.938122,-0.309487,-0.873713,-0.276698,-0.400077,-0.460956,0.208239,0.862644,0.008453,0.004765,0.003687,0.002922,-0.038162,0.082735,-0.643057
1716,0.100114,-0.017315,0.38395,-0.101975,0.920641,-0.376916,-0.884468,-0.257265,-0.389233,-0.455193,0.292532,0.840983,0.01651,0.008203,0.006362,0.005014,-0.027001,0.086984,-0.587268,-0.093199,0.029078,0.352561,0.057924,0.633453,0.771605,-0.584596,0.648089,-0.488019,-0.809243,-0.423609,0.406872,-0.025346,-0.005772,-0.001261,0.020162,0.443851,0.181159,-1.404598,0.044493,0.032855,-0.007899,-0.025102,-0.638163,0.769491,0.56546,-0.643827,-0.5155,0.824392,0.422177,0.377018,-0.007336,0.003899,-0.004528,0.097084,0.702193,0.412392,-0.876015,0.088264,0.016732,-0.051899,-0.158826,0.938576,-0.306347,-0.872512,-0.278644,-0.401347,-0.462057,0.203548,0.863174,0.014589,-0.002876,0.006533,-0.034316,-0.040525,0.060184,-0.643547
1717,0.100681,-0.017309,0.384114,-0.106086,0.920188,-0.376888,-0.883184,-0.261282,-0.389473,-0.456739,0.290398,0.840884,0.02979,0.004424,0.003648,0.003138,-0.040869,0.085532,-0.587404,-0.09352,0.029002,0.35252,0.05697,0.627401,0.776604,-0.580196,0.653877,-0.485543,-0.812469,-0.423714,0.400279,-0.014472,0.00705,-0.009629,0.052811,0.326777,0.175328,-1.404691,0.044318,0.032814,-0.00792,-0.02324,-0.631097,0.775355,0.561079,-0.650137,-0.512359,0.827435,0.423128,0.369204,-0.007225,0.003478,-0.004836,0.043653,0.299939,0.153506,-0.877321,0.088543,0.016737,-0.051816,-0.162913,0.937806,-0.306559,-0.870995,-0.282662,-0.401833,-0.463494,0.201548,0.862873,0.014865,0.00212,0.001736,0.001813,-0.045787,0.083596,-0.6442
1718,0.101704,-0.017225,0.384392,-0.10946,0.9198,-0.37687,-0.881993,-0.264655,-0.389895,-0.458238,0.288574,0.840696,0.029951,0.005264,0.004239,2.0859,2.113771,-4.560651,-0.589701,-0.094113,0.02886,0.352377,0.049732,0.613549,0.788083,-0.574916,0.662848,-0.479623,-0.816678,-0.430005,0.384702,-0.014079,0.005497,-0.010767,0.035228,0.361437,-0.033817,-1.404568,0.044026,0.032742,-0.007986,-0.015559,-0.617034,0.786782,0.556075,-0.659303,-0.506062,0.830985,0.429636,0.353375,-0.005965,-0.002934,-0.001394,-0.00168,0.272244,0.076703,-0.873239,0.089053,0.016776,-0.05168,-0.160834,0.938156,-0.306583,-0.871472,-0.280805,-0.402098,-0.463322,0.202508,0.862741,0.008161,0.003902,0.002986,-0.005934,0.053227,-0.125726,-0.645343
1719,0.102676,-0.017025,0.384638,-0.10772,0.919995,-0.376896,-0.882225,-0.263167,-0.390378,-0.458207,0.28931,0.84046,0.030024,0.005793,0.004592,0.003114,-0.040988,0.085481,-0.591719,-0.094602,0.02872,0.352139,0.045657,0.599321,0.799201,-0.565478,0.675058,-0.473778,-0.823473,-0.431056,0.368708,-0.011395,-0.008066,-0.004424,0.008412,0.486778,-0.015662,-1.404142,0.04378,0.03268,-0.008106,-0.011397,-0.603394,0.797361,0.546968,-0.6713,-0.500181,0.837075,0.430431,0.337688,-0.006755,0.001609,-0.006208,0.077632,0.449025,0.257874,-0.866708,0.089539,0.016875,-0.051557,-0.164512,0.937507,-0.306618,-0.869946,-0.284416,-0.402865,-0.464896,0.200466,0.862371,0.008219,0.004216,0.003205,0.001987,-0.026453,0.056321,-0.646813
1720,0.103131,-0.016894,0.384777,-0.112606,0.919402,-0.376914,-0.880737,-0.267906,-0.390513,-0.459884,0.286843,0.840389,0.015955,-0.00123,0.016245,-0.033146,-0.011124,0.038671,-0.593133,-0.094777,0.028681,0.351985,0.041039,0.593287,0.803939,-0.56469,0.677599,-0.471082,-0.824251,-0.435393,0.361809,-0.013482,0.003079,-0.01254,0.072537,0.585925,0.325945,-1.404725,0.043694,0.032654,-0.008181,-0.007179,-0.598732,0.800916,0.546504,-0.673091,-0.498277,0.837425,0.434127,0.332042,0.000754,-0.00304,-0.002216,0.027667,0.635825,0.326904,-0.865401,0.089766,0.016939,-0.051495,-0.169221,0.936659,-0.306649,-0.868193,-0.28893,-0.403434,-0.46648,0.197961,0.862094,0.01515,0.003512,0.002729,0.003303,-0.0527,0.112107,-0.647466
1721,0.103925,-0.016611,0.385044,-0.116617,0.918891,-0.37694,-0.879316,-0.271909,-0.390949,-0.461596,0.284714,0.840175,0.01669,0.009666,0.0073,2.08644,2.122768,-4.560941,-0.594255,-0.095027,0.028617,0.351603,0.035133,0.585001,0.810266,-0.563325,0.681319,-0.467336,-0.82545,-0.440763,0.352453,-0.013013,0.001152,-0.013959,0.048355,0.268023,0.108462,-1.40435,0.043568,0.032623,-0.008371,-0.000195,-0.589091,0.808066,0.545199,-0.677469,-0.493753,0.838306,0.440461,0.321304,-0.000158,0.00202,-0.006653,0.056283,0.284299,0.189709,-0.865401,0.090168,0.017079,-0.051356,-0.167926,0.936884,-0.306672,-0.868441,-0.287804,-0.403704,-0.466486,0.198535,0.861959,0.01502,0.003129,0.002423,0.003016,-0.041136,0.085827,-0.648609
1722,0.104704,-0.016302,0.385342,-0.114945,0.920209,-0.374231,-0.879495,-0.269349,-0.392315,-0.461676,0.282894,0.840746,0.016684,0.009834,0.00738,0.002171,-0.025959,0.056064,-0.595586,-0.095245,0.028562,0.351138,0.028066,0.57439,0.818096,-0.56163,0.686123,-0.462323,-0.826866,-0.447217,0.340812,0.000133,0.002175,-0.014698,0.060928,0.402242,0.225037,-1.403165,0.043454,0.032595,-0.008603,0.006813,-0.579097,0.815229,0.543748,-0.682043,-0.489033,0.83922,0.446612,0.310236,8.2e-05,0.001046,-0.007376,0.103735,0.453478,0.496987,-0.867851,0.090564,0.017238,-0.051204,-0.171641,0.937136,-0.303834,-0.866901,-0.290185,-0.405309,-0.467998,0.193827,0.862211,0.008356,0.004986,0.003729,0.001204,-0.032491,0.053188,-0.649262
1723,0.105104,-0.016131,0.385521,-0.120407,0.919641,-0.37391,-0.879195,-0.273629,-0.39002,-0.46085,0.280633,0.841956,0.016783,0.010328,0.00772,0.002126,-0.026257,0.055935,-0.595997,-0.095356,0.028524,0.350881,0.024979,0.570193,0.821126,-0.560872,0.687955,-0.460516,-0.827476,-0.449764,0.335947,-0.012478,-0.001082,-0.01562,0.045527,0.222166,0.08217,-1.402243,0.043403,0.032577,-0.008731,0.010486,-0.574111,0.81871,0.543027,-0.684235,-0.486768,0.839649,0.449686,0.304583,0.000158,0.000743,-0.007602,0.043215,0.21845,0.114507,-0.86785,0.090758,0.01732,-0.051117,-0.177115,0.936202,-0.30357,-0.866329,-0.294666,-0.403292,-0.467015,0.191563,0.863249,0.015276,0.004347,0.003286,0.006113,-0.054187,0.112382,-0.649752
1724,0.105854,-0.015823,0.385878,-0.118733,0.919863,-0.373899,-0.879474,-0.272158,-0.390421,-0.460754,0.281333,0.841775,0.016634,0.009931,0.00738,0.002124,-0.026254,0.055937,-0.595666,-0.095554,0.02849,0.350269,0.014038,0.558283,0.829526,-0.557567,0.693057,-0.456863,-0.82995,-0.456808,0.319958,-0.012147,-0.00248,-0.016673,0.062141,0.452834,0.217369,-1.39832,0.043304,0.032561,-0.009031,0.021018,-0.563353,0.825948,0.53994,-0.688898,-0.483615,0.84144,0.456127,0.289697,-0.005991,-0.001546,-0.008562,0.108906,0.760934,0.383978,-0.863932,0.091128,0.017475,-0.050944,-0.175337,0.936537,-0.303567,-0.866694,-0.2931,-0.40365,-0.467009,0.192325,0.863083,0.015047,0.003566,0.002688,0.003059,-0.041147,0.085817,-0.649915
1725,0.106503,-0.01554,0.386227,-0.123224,0.920381,-0.371161,-0.878059,-0.275331,-0.391378,-0.462264,0.276528,0.842539,0.016427,0.009266,0.00685,0.002719,-0.022132,0.057711,-0.596307,-0.095798,0.028456,0.349565,0.006919,0.543043,0.839672,-0.551099,0.702767,-0.449824,-0.834339,-0.460316,0.303068,0.001136,-0.001956,-0.01781,0.062831,0.409386,0.230846,-1.397696,0.043177,0.032545,-0.009388,0.029061,-0.54722,0.836484,0.533641,-0.699109,-0.475891,0.845211,0.460212,0.271702,-0.005696,-0.002775,-0.009485,0.067106,0.526281,0.229493,-0.859359,0.091458,0.017618,-0.050762,-0.17993,0.936635,-0.300562,-0.865112,-0.296104,-0.404847,-0.468192,0.187176,0.863573,0.008261,0.004843,0.003566,5.7e-05,-0.041918,0.047971,-0.650242
1726,0.107107,-0.015279,0.386609,-0.127509,0.919813,-0.371123,-0.876716,-0.279432,-0.391484,-0.463644,0.274306,0.842507,0.002538,0.010361,0.007554,0.001141,-0.011519,0.026389,-0.596757,-0.09609,0.028293,0.348735,-0.00018,0.524714,0.851273,-0.534628,0.71938,-0.443394,-0.845007,-0.455858,0.279319,-0.010838,-0.008005,-0.020859,0.070664,0.534,0.235372,-1.397023,0.043035,0.032469,-0.009793,0.036191,-0.529568,0.847494,0.517493,-0.715561,-0.469226,0.854921,0.455555,0.24815,-0.005495,-0.003653,-0.010164,0.146633,0.80476,0.435833,-0.862625,0.09176,0.01775,-0.050576,-0.184178,0.935751,-0.300743,-0.863513,-0.300202,-0.405243,-0.469491,0.185059,0.863325,0.008095,0.004248,0.003115,0.000907,-0.026755,0.055824,-0.650405
1727,0.107356,-0.015176,0.386786,-0.127229,0.920957,-0.368371,-0.876835,-0.277973,-0.392255,-0.463497,0.271947,0.843352,0.002488,0.010187,0.007413,0.048442,0.319698,0.168795,-0.596434,-0.096231,0.028237,0.348319,-0.00865,0.514077,0.857696,-0.533243,0.723252,-0.438739,-0.845828,-0.461805,0.266786,-0.013184,0.00428,-0.028106,0.136452,0.903612,0.509067,-1.396255,0.042966,0.03243,-0.010009,0.044117,-0.520226,0.852888,0.516397,-0.718948,-0.465239,0.855211,0.460954,0.236925,0.000951,-0.002531,-0.010093,0.041972,0.542784,0.043942,-0.860176,0.09189,0.017801,-0.050482,-0.183747,0.936293,-0.299318,-0.863737,-0.299153,-0.405542,-0.469249,0.184015,0.86368,0.008037,0.004041,0.002953,0.079316,0.535993,0.310588,-0.650569
1728,0.10777,-0.015066,0.387207,-0.126641,0.921077,-0.368271,-0.877225,-0.277245,-0.391896,-0.462919,0.272279,0.843562,0.015356,-0.002721,0.014901,-0.033201,-0.011334,0.038563,-0.596369,-0.096607,0.028193,0.347411,-0.019386,0.495429,0.868427,-0.521817,0.73592,-0.431352,-0.852735,-0.462148,0.243157,-0.013347,0.004878,-0.027698,0.106023,0.518937,0.250016,-1.395968,0.042779,0.032406,-0.010465,0.056518,-0.499494,0.864471,0.505177,-0.732529,-0.456285,0.861162,0.462499,0.210932,-0.005749,-0.002659,-0.009453,0.062958,0.698325,0.134324,-0.858543,0.092092,0.01786,-0.050275,-0.183319,0.936867,-0.297781,-0.864165,-0.297979,-0.405495,-0.468628,0.182997,0.864233,0.00088,-0.000313,0.008181,-0.042594,0.079136,-0.174678,-0.650569
1729,0.108052,-0.015024,0.38768,-0.126358,0.922262,-0.365393,-0.877675,-0.275536,-0.392095,-0.462144,0.270003,0.844718,0.014871,-0.004657,0.013481,-0.032265,-0.004709,0.041397,-0.596385,-0.097061,0.028287,0.346474,-0.035164,0.47439,0.879607,-0.514265,0.746114,-0.422823,-0.85679,-0.467818,0.216613,-0.013579,0.005783,-0.027045,0.107775,0.505245,0.243076,-1.394542,0.042547,0.032455,-0.010943,0.072976,-0.478152,0.875239,0.497996,-0.742876,-0.447363,0.864102,0.468513,0.183906,-0.006792,0.002962,-0.013461,0.09321,0.465605,0.214166,-0.85936,0.092234,0.017884,-0.050037,-0.183072,0.937916,-0.294614,-0.864722,-0.296195,-0.405614,-0.467695,0.180503,0.865262,0.000595,-0.001476,0.007335,-0.037253,-0.001502,-0.026108,-0.650732
1730,0.10816,-0.015037,0.387909,-0.12605,0.922338,-0.365308,-0.877938,-0.275107,-0.391807,-0.461729,0.270182,0.844888,0.001197,-0.002969,0.014661,-0.034185,0.003393,0.009013,-0.596406,-0.097352,0.028376,0.34597,-0.041885,0.463951,0.884865,-0.508119,0.752693,-0.418572,-0.860139,-0.467735,0.203097,-0.013823,0.006779,-0.026304,0.089672,0.518374,0.054211,-1.393339,0.042412,0.032494,-0.011176,0.079541,-0.467927,0.88018,0.492144,-0.749427,-0.442891,0.866872,0.468403,0.170677,-0.012356,-0.003229,-0.009145,0.062128,0.684683,0.089645,-0.857727,0.092293,0.017876,-0.049923,-0.182736,0.937945,-0.294731,-0.865004,-0.295868,-0.405253,-0.467306,0.180889,0.865392,0.007305,-0.002829,0.006372,-0.034914,-0.004026,0.010291,-0.650895
1731,0.108263,-0.015097,0.388345,-0.12621,0.92346,-0.362405,-0.878379,-0.273741,-0.391775,-0.460845,0.267733,0.846149,0.000635,-0.005294,0.012978,-0.033542,0.027585,-0.011977,-0.596612,-0.097957,0.028667,0.344996,-0.057035,0.442124,0.895134,-0.500111,0.763363,-0.408777,-0.863934,-0.471539,0.176441,-0.014424,0.009275,-0.02442,0.124023,0.596515,0.333351,-1.393497,0.0421,0.032641,-0.011685,0.095173,-0.446315,0.8898,0.484504,-0.760071,-0.433067,0.869596,0.472328,0.143903,-0.007226,0.004758,-0.012107,0.126443,0.607205,0.340563,-0.858216,0.092345,0.017849,-0.049703,-0.182907,0.938922,-0.291495,-0.865536,-0.294403,-0.405184,-0.466253,0.178188,0.866519,0.000608,0.002547,0.00183,-0.00027,-0.025069,0.018439,-0.650895
1732,0.108317,-0.015183,0.388661,-0.131674,0.92275,-0.362271,-0.877111,-0.278667,-0.391144,-0.461725,0.265099,0.846499,0.000711,0.002952,0.002123,0.0,3e-06,1e-06,-0.596911,-0.098597,0.029068,0.344046,-0.068408,0.42115,0.904403,-0.49316,0.773772,-0.397495,-0.867084,-0.47374,0.15362,-0.014685,0.010385,-0.023574,0.098907,0.575628,0.091277,-1.39219,0.041779,0.032843,-0.012159,0.107073,-0.425078,0.898801,0.478086,-0.770615,-0.421408,0.871761,0.474826,0.120712,-0.007347,0.005269,-0.011719,0.089157,0.548594,0.071858,-0.857073,0.092372,0.017802,-0.049542,-0.188342,0.937795,-0.291661,-0.863975,-0.299423,-0.404836,-0.466984,0.17574,0.866626,0.000149,-0.003327,0.005998,-0.034926,0.002413,0.008701,-0.650895
1733,0.108336,-0.015284,0.388878,-0.131818,0.922769,-0.36217,-0.877377,-0.278582,-0.390606,-0.461177,0.265121,0.84679,0.000253,0.001048,0.000754,0.0,0.0,0.0,-0.596579,-0.099378,0.029458,0.343165,-0.075806,0.399564,0.913561,-0.482608,0.787051,-0.384153,-0.872381,-0.470518,0.132015,-0.027891,0.009393,-0.022786,0.107579,0.669626,0.111134,-1.391484,0.041389,0.033038,-0.0126,0.114566,-0.403843,0.907626,0.468122,-0.783897,-0.407879,0.876205,0.471609,0.09924,-0.013956,0.004796,-0.011305,0.112397,0.684196,0.116709,-0.857237,0.092381,0.017752,-0.049433,-0.188476,0.937798,-0.291565,-0.864245,-0.299388,-0.404285,-0.46643,0.175786,0.866915,-0.000104,-0.004384,0.005239,-0.035428,0.014604,-0.01728,-0.651548
1734,0.108348,-0.015323,0.38895,-0.131863,0.922776,-0.362135,-0.87747,-0.278548,-0.390421,-0.460987,0.265132,0.84689,-5e-05,-0.008133,0.010935,-0.034198,0.003299,0.008973,-0.596504,-0.099794,0.029648,0.342761,-0.077804,0.38789,0.918411,-0.472523,0.796834,-0.376447,-0.877706,-0.46375,0.12013,-0.028169,0.010615,-0.02185,0.147865,0.785125,0.413906,-1.391222,0.041198,0.033123,-0.012786,0.115218,-0.394235,0.911757,0.458534,-0.793119,-0.400882,0.881175,0.464261,0.089389,-0.013046,-0.000372,-0.006995,0.071825,0.466235,0.188557,-0.860012,0.092387,0.017732,-0.049403,-0.188521,0.937798,-0.291535,-0.864325,-0.299381,-0.404118,-0.466261,0.175797,0.867003,1.5e-05,7.5e-05,5.5e-05,-6.2e-05,-7.6e-05,0.000157,-0.651712
1735,0.108401,-0.01537,0.389018,-0.131956,0.922773,-0.362107,-0.877559,-0.278558,-0.390215,-0.460792,0.26513,0.846997,0.000133,0.000552,0.000397,0.0,0.0,0.0,-0.596618,-0.100542,0.02993,0.342143,-0.087713,0.36896,0.925293,-0.466082,0.805744,-0.365348,-0.8802,-0.463775,0.100123,-0.01572,0.014936,-0.020077,0.196997,0.382803,0.536871,-1.389547,0.040813,0.033269,-0.013103,0.126826,-0.373835,0.918782,0.452504,-0.80246,-0.388968,0.882696,0.465084,0.067389,-0.013394,0.001127,-0.005851,0.33609,0.102887,1.211351,-0.858216,0.092413,0.017707,-0.049365,-0.188604,0.937792,-0.291502,-0.864426,-0.299394,-0.403893,-0.466042,0.175806,0.867119,0.006846,-0.000771,-0.000543,0.00095,-0.014763,0.029664,-0.651875
1736,0.108492,-0.015414,0.389049,-0.131797,0.922802,-0.362092,-0.877636,-0.278383,-0.390165,-0.46069,0.265213,0.847026,8e-06,3.4e-05,2.4e-05,0.0,0.0,0.0,-0.596545,-0.101273,0.030103,0.341689,-0.099378,0.351005,0.931081,-0.459143,0.813983,-0.355744,-0.882589,-0.463296,0.079094,-0.027067,0.003454,-0.01081,0.080132,0.442829,0.21747,-1.371751,0.040458,0.033356,-0.013331,0.138487,-0.355721,0.924274,0.445949,-0.8109,-0.378906,0.884279,0.464653,0.046334,-0.006051,-0.002869,-0.00142,0.081737,0.665969,0.338165,-0.853644,0.092459,0.017685,-0.049349,-0.188442,0.937829,-0.291486,-0.864515,-0.299224,-0.403829,-0.465943,0.175895,0.867154,-3e-06,-9e-06,-6e-06,-1.1e-05,-3.3e-05,7.6e-05,-0.651712
1737,0.108565,-0.015433,0.38906,-0.131637,0.922827,-0.362088,-0.877678,-0.278233,-0.390179,-0.460657,0.265285,0.847022,1.3e-05,5.5e-05,3.9e-05,0.0,0.0,0.0,-0.597202,-0.101599,0.030155,0.341555,-0.099528,0.341424,0.934621,-0.449531,0.822552,-0.348232,-0.887506,-0.455232,0.070434,-0.01256,-0.003768,-0.001356,0.052846,0.488073,0.259763,-1.364651,0.040284,0.033387,-0.013405,0.138805,-0.346095,0.927874,0.436606,-0.819585,-0.371017,0.888879,0.456615,0.037345,-0.007259,0.003663,-0.004675,0.115447,0.615981,0.363122,-0.850215,0.092495,0.017675,-0.049344,-0.188283,0.937863,-0.291481,-0.864565,-0.299076,-0.403832,-0.465914,0.17597,0.867155,0.006778,-0.00106,-0.000751,0.000969,-0.014731,0.02962,-0.651548
1738,0.108768,-0.01551,0.389106,-0.131476,0.923927,-0.35933,-0.877793,-0.276875,-0.390885,-0.460483,0.262875,0.847867,0.000101,0.000422,0.000303,0.000418,0.002981,0.001263,-0.597721,-0.102306,0.030256,0.341416,-0.108728,0.320415,0.941013,-0.439068,0.833815,-0.334524,-0.891642,-0.449947,0.048838,-0.028051,0.007932,-0.007383,0.136585,0.876538,0.517026,-1.350019,0.039941,0.033432,-0.013474,0.146694,-0.327434,0.933417,0.426807,-0.830316,-0.358344,0.892365,0.450956,0.017948,-0.006524,-0.000783,0.000179,0.06961,0.556229,0.303787,-0.849399,0.092591,0.017636,-0.049321,-0.188187,0.938817,-0.288455,-0.864768,-0.29762,-0.404473,-0.465576,0.173331,0.867867,7.5e-05,0.00031,0.000218,-0.00177,-0.015137,-0.007893,-0.652038
