frame,MLTx,MLTy,MLTz,MLTR1,MLTR2,MLTR3,MLTR4,MLTR5,MLTR6,MLTR7,MLTR8,MLTR9,MLTTVx,MLTTVy,MLTTVz,MLTRVx,MLTRVy,MLTRVz,MLGA,MRTx,MRTy,MRTz,MRTR1,MRTR2,MRTR3,MRTR4,MRTR5,MRTR6,MRTR7,MRTR8,MRTR9,MRTTVx,MRTTVy,MRTTVz,MRTRVx,MRTRVy,MRTRVz,MRGA,SLTx,SLTy,SLTz,SLTR1,SLTR2,SLTR3,SLTR4,SLTR5,SLTR6,SLTR7,SLTR8,SLTR9,SLTTVx,SLTTVy,SLTTVz,SLTRVx,SLTRVy,SLTRVz,SLGA,SRTx,SRTy,SRTz,SRTR1,SRTR2,SRTR3,SRTR4,SRTR5,SRTR6,SRTR7,SRTR8,SRTR9,SRTTVx,SRTTVy,SRTTVz,SRTRVx,SRTRVy,SRTRVz,SRGA
239,0.200682,0.017598,0.431341,-0.492286,0.663049,-0.563973,-0.704695,-0.683861,-0.188973,-0.510372,0.303571,0.804607,-5.4e-05,0.001376,0.000583,0.0,0.0,0.0,0.053502,-0.25424,0.044554,0.382061,0.180068,0.981212,0.069219,-0.982428,0.182951,-0.036045,-0.04824,-0.062756,0.996794,-0.001451,-0.014845,0.00648,0.351026,0.052941,1.545053,-0.262123,-0.007417,0.044904,0.014113,-0.257805,-0.96151,0.09505,0.960727,-0.265555,-0.080514,0.102656,0.07056,0.99221,-0.006478,-0.006124,0.004334,1.073512,0.396915,5.373106,-0.307437,0.115,0.032329,-0.025123,-0.520754,0.717622,-0.462421,-0.704743,-0.667069,-0.241567,-0.481821,0.200091,0.853119,-3.5e-05,0.000816,0.000344,0.000717,-0.009768,0.027092,-0.133591
240,0.200682,0.017598,0.431341,-0.492286,0.663049,-0.563973,-0.704695,-0.683861,-0.188973,-0.510372,0.303571,0.804607,-1e-06,2e-05,9e-06,0.0,0.0,0.0,0.054979,-0.254383,0.044271,0.38222,0.183493,0.980391,0.071804,-0.981253,0.187103,-0.045487,-0.058242,-0.063355,0.996221,-0.001452,-0.014838,0.006486,0.17753,-0.085187,-0.11419,-0.434947,-0.00749,0.044754,0.014194,-0.26271,-0.95986,0.098234,0.958251,-0.271459,-0.089797,0.11286,0.070542,0.991103,-0.000779,-0.007592,0.003155,0.167562,-0.089514,-0.116541,-0.442805,0.115,0.032333,-0.025121,-0.520754,0.717622,-0.462421,-0.704743,-0.667069,-0.241567,-0.48182,0.200091,0.853119,-2e-06,7e-06,3e-06,-0.0,4e-06,0.0,-0.132284
241,0.200672,0.017605,0.431333,-0.492293,0.663047,-0.563969,-0.704679,-0.683873,-0.18899,-0.510387,0.303549,0.804605,-0.0,0.0,0.0,0.0,0.0,0.0,0.05214,-0.254549,0.043704,0.382421,0.199762,0.977234,0.071412,-0.977302,0.204021,-0.056487,-0.070003,-0.059747,0.995687,-0.001891,-0.01657,0.00556,0.042791,-0.144576,0.117879,-0.792862,-0.007572,0.044479,0.014293,-0.278257,-0.955444,0.098479,0.95244,-0.287725,-0.100353,0.124217,0.065871,0.990065,-0.001031,-0.008597,0.002616,0.034147,-0.041112,-0.093303,-0.727421,0.114995,0.032336,-0.025125,-0.520762,0.717619,-0.462417,-0.704727,-0.667079,-0.241586,-0.481836,0.200069,0.853115,0.0,-3e-06,-2e-06,5e-06,1.5e-05,9e-06,-0.131631
242,0.200689,0.017635,0.431313,-0.492191,0.663111,-0.563982,-0.704692,-0.683823,-0.18912,-0.510467,0.303522,0.804565,-2e-05,0.000519,0.00022,0.0,0.0,0.0,0.039605,-0.254628,0.04324,0.382356,0.20008,0.977173,0.071363,-0.977267,0.20431,-0.056046,-0.06958,-0.059766,0.995716,-0.014172,-0.007318,-0.003151,-0.003625,0.029218,-0.054376,-1.369599,-0.007606,0.044246,0.014265,-0.278753,-0.955294,0.098535,0.952381,-0.288177,-0.099613,0.123556,0.066076,0.990134,-0.001166,-0.004619,-0.002484,-0.003563,0.015849,-0.024142,-0.731666,0.115003,0.03235,-0.025135,-0.520661,0.717686,-0.462426,-0.704747,-0.667014,-0.241708,-0.481916,0.200046,0.853075,-1.5e-05,0.000403,0.000172,1.5e-05,7e-06,7e-06,-0.141755
243,0.200679,0.017641,0.431306,-0.492199,0.663109,-0.563979,-0.704676,-0.683834,-0.189138,-0.510482,0.3035,0.804564,-0.0,0.0,0.0,0.0,0.0,0.0,0.038452,-0.254703,0.043224,0.382253,0.201926,0.976624,0.073646,-0.977494,0.205701,-0.046117,-0.060424,-0.063914,0.996056,0.000573,0.011336,-0.008369,-0.604552,0.255318,0.302583,-1.406419,-0.007654,0.044212,0.014206,-0.279378,-0.95504,0.099224,0.953131,-0.288341,-0.091644,0.116134,0.06897,0.990835,-0.005745,0.001663,0.001293,-0.725576,-0.467652,-0.134092,-0.742443,0.114999,0.032354,-0.025138,-0.520668,0.717683,-0.462423,-0.704731,-0.667023,-0.241728,-0.481931,0.200024,0.853072,3e-06,-7e-06,-4e-06,1.7e-05,2.3e-05,1.4e-05,-0.149593
244,0.20067,0.017648,0.431298,-0.492206,0.663107,-0.563975,-0.70466,-0.683846,-0.189155,-0.510497,0.303478,0.804562,-0.0,0.0,0.0,0.0,0.0,0.0,0.038797,-0.254703,0.043458,0.38212,0.205049,0.976338,0.068626,-0.977519,0.207842,-0.034533,-0.04822,-0.061241,0.996889,0.001038,0.013177,-0.007373,-0.197661,0.091377,0.152488,-1.407165,-0.007654,0.04433,0.01414,-0.283512,-0.954136,0.096151,0.953508,-0.291161,-0.077759,0.102188,0.069636,0.992324,0.000612,0.011482,-0.008286,-0.317891,-0.010806,0.169198,-0.740974,0.114994,0.032358,-0.025142,-0.520675,0.71768,-0.462419,-0.704716,-0.667033,-0.241747,-0.481946,0.200002,0.853068,4e-06,-6e-06,-2e-06,1.8e-05,2.8e-05,1.2e-05,-0.14992
245,0.20067,0.017655,0.431291,-0.492192,0.663117,-0.563975,-0.704654,-0.683844,-0.189186,-0.510518,0.303463,0.804555,-0.0,0.0,0.0,0.0,0.0,0.0,0.035591,-0.254789,0.0446,0.381368,0.22014,0.973093,0.067961,-0.975275,0.220842,-0.001293,-0.016528,-0.06723,0.997532,0.001761,0.034098,-0.024988,-0.403729,0.435906,0.351889,-1.408566,-0.007691,0.044887,0.013783,-0.297443,-0.949982,0.095189,0.952035,-0.302621,-0.04526,0.071802,0.077161,0.994429,0.000972,0.017377,-0.01232,-0.530466,0.567641,0.489759,-0.738198,0.114994,0.032361,-0.025146,-0.520661,0.71769,-0.462419,-0.704711,-0.667027,-0.241777,-0.481967,0.199988,0.853059,5e-06,-5e-06,-3e-06,1.8e-05,4e-05,1.5e-05,-0.151879
246,0.200677,0.017678,0.43129,-0.492121,0.663161,-0.563985,-0.704678,-0.6838,-0.189253,-0.510553,0.303464,0.804532,-6.3e-05,0.001621,0.000687,0.000736,-0.009745,0.027112,0.034976,-0.254952,0.045958,0.380064,0.23711,0.96798,0.082367,-0.971422,0.236501,0.018457,-0.001897,-0.085617,0.996257,-3.8e-05,0.044957,-0.047898,-0.378353,0.361257,0.560083,-1.408994,-0.007773,0.04559,0.013139,-0.313522,-0.943075,0.110963,0.947777,-0.31798,-0.024609,0.058492,0.097453,0.993519,-0.000309,0.016756,-0.019826,-0.620494,0.660325,0.454532,-0.751098,0.114998,0.032369,-0.025148,-0.520609,0.717725,-0.462425,-0.704728,-0.66699,-0.241828,-0.481999,0.199986,0.853042,4e-06,-9e-06,-4e-06,2.3e-05,2.1e-05,1.1e-05,-0.154818
247,0.200668,0.017685,0.431282,-0.492128,0.663159,-0.563981,-0.704662,-0.683812,-0.189271,-0.510569,0.303442,0.804531,-1e-06,2e-05,9e-06,0.0,0.0,0.0,0.035214,-0.254947,0.046939,0.379048,0.249247,0.964285,0.089562,-0.968346,0.247504,0.031354,0.007769,-0.095764,0.995305,0.0008,0.057196,-0.055594,-0.471496,0.412399,0.668263,-1.40889,-0.007773,0.046047,0.01265,-0.324265,-0.93857,0.118054,0.944639,-0.327887,-0.012123,0.050087,0.107588,0.992933,0.000201,0.027729,-0.028277,-0.885562,0.477636,0.823521,-0.750118,0.114998,0.032377,-0.02515,-0.520577,0.717746,-0.462426,-0.704734,-0.666969,-0.241869,-0.482025,0.199976,0.85303,1e-06,0.0,0.0,1e-06,-3e-06,-5e-06,-0.154818
248,0.200676,0.017698,0.431256,-0.492084,0.663188,-0.563986,-0.704646,-0.683803,-0.189364,-0.510634,0.303398,0.804505,-0.00054,0.009284,-0.010235,0.035627,-0.006328,0.021492,0.034054,-0.254862,0.049502,0.37661,0.277408,0.954448,0.10984,-0.960291,0.272288,0.060287,0.027297,-0.123412,0.991911,0.000921,0.075424,-0.074132,-0.640698,0.63082,0.789279,-1.409036,-0.00773,0.047347,0.01142,-0.3507,-0.926004,0.139732,0.935919,-0.351758,0.01788,0.032595,0.137048,0.990027,0.000368,0.032729,-0.032592,-0.807843,0.85165,0.725423,-0.749955,0.114997,0.032383,-0.025164,-0.520554,0.717764,-0.462425,-0.70471,-0.666965,-0.241949,-0.482084,0.199928,0.853007,-0.000268,0.004643,-0.005117,0.035641,-0.006319,0.021492,-0.155308
249,0.200685,0.017706,0.431248,-0.492049,0.66321,-0.563991,-0.704651,-0.683786,-0.189407,-0.510661,0.30339,0.804491,0.0,-0.0,-0.0,0.0,0.0,0.0,0.030524,-0.254731,0.051881,0.373548,0.299446,0.945286,0.129449,-0.95335,0.291374,0.078481,0.036105,-0.148109,0.988243,0.008929,0.058685,-0.083578,-0.297697,0.385298,0.437773,-1.40885,-0.007663,0.048532,0.00993,-0.371519,-0.914413,0.160688,0.928075,-0.370521,0.037267,0.025461,0.162976,0.9863,0.004186,0.028074,-0.042488,-0.41471,0.50559,0.527094,-0.747342,0.115002,0.032386,-0.025168,-0.52052,0.717786,-0.462429,-0.704717,-0.666943,-0.241991,-0.482112,0.199921,0.852993,1e-06,1e-06,-0.0,5e-06,-2e-06,-3e-06,-0.158574
250,0.200694,0.017706,0.431248,-0.492028,0.663221,-0.563996,-0.704661,-0.683771,-0.18942,-0.510667,0.303397,0.804485,0.0,-0.0,-0.0,0.0,0.0,0.0,0.02891,-0.254686,0.053012,0.371975,0.312474,0.938986,0.143724,-0.949426,0.304269,0.077103,0.028289,-0.161738,0.986359,-0.00288,0.060148,-0.081821,0.313539,0.95879,0.190073,-1.409038,-0.00764,0.049111,0.009107,-0.384082,-0.906506,0.17529,0.922696,-0.383707,0.037414,0.033344,0.176109,0.983805,-0.001178,0.035396,-0.045186,1.411317,2.434508,0.133685,-0.747015,0.115006,0.032386,-0.025168,-0.520499,0.717799,-0.462433,-0.704728,-0.666927,-0.242002,-0.482118,0.199928,0.852988,1e-06,0.0,-1e-06,4e-06,-1.2e-05,-9e-06,-0.160697
251,0.200703,0.017698,0.431244,-0.492024,0.663221,-0.563999,-0.704662,-0.68377,-0.189422,-0.510669,0.303399,0.804483,0.0,-5e-06,-2e-06,0.0,0.0,0.0,0.028075,-0.25474,0.055246,0.368605,0.33324,0.928755,0.162349,-0.942192,0.322118,0.091916,0.032666,-0.18477,0.982169,-0.005578,0.049362,-0.087459,-0.385945,0.495851,0.379922,-1.40889,-0.007666,0.050259,0.007396,-0.402697,-0.894263,0.195259,0.91479,-0.400537,0.052229,0.031502,0.199654,0.979359,-0.002873,0.024135,-0.044031,-0.409957,0.513336,0.386196,-0.750608,0.115011,0.032382,-0.02517,-0.520496,0.717799,-0.462436,-0.704729,-0.666926,-0.242003,-0.48212,0.199931,0.852986,1e-06,4e-06,1e-06,1e-06,2e-06,-5e-06,-0.163799
252,0.200703,0.017706,0.431248,-0.492006,0.663233,-0.564001,-0.704672,-0.683757,-0.189434,-0.510673,0.303404,0.804478,-1e-06,1.7e-05,7e-06,0.0,0.0,0.0,0.025348,-0.254925,0.056716,0.365325,0.350508,0.91765,0.18723,-0.935898,0.336216,0.10482,0.03281,-0.213131,0.976403,-0.007527,0.023922,-0.07292,1.019002,2.794463,-0.117768,-1.4081,-0.007759,0.050973,0.005777,-0.417826,-0.8821,0.217528,0.907975,-0.413764,0.066172,0.031635,0.225158,0.973807,-0.003558,0.016986,-0.040805,-0.036752,0.079056,0.349008,-0.752404,0.115011,0.032387,-0.025168,-0.520478,0.717811,-0.462437,-0.704739,-0.666912,-0.242013,-0.482125,0.199935,0.852983,-1e-06,5e-06,2e-06,-1e-05,-1e-05,-1.2e-05,-0.165106
253,0.200703,0.017699,0.431255,-0.49202,0.663224,-0.564,-0.704677,-0.68376,-0.189403,-0.510652,0.303419,0.804486,-0.0,0.0,0.0,0.0,0.0,0.0,0.017986,-0.255088,0.057616,0.362562,0.364565,0.906388,0.213412,-0.930691,0.347969,0.112538,0.027296,-0.240794,0.970122,-0.007591,0.014848,-0.063776,-0.203996,1.222096,0.449587,-1.408151,-0.007842,0.051418,0.004387,-0.428723,-0.869492,0.245315,0.902485,-0.424632,0.072161,0.041426,0.25233,0.966753,-0.003819,0.007163,-0.032054,1.186906,2.499035,-0.159593,-0.76612,0.115011,0.032383,-0.025164,-0.520491,0.717801,-0.462437,-0.704744,-0.666918,-0.241982,-0.482103,0.19995,0.852991,1e-06,-3e-06,-2e-06,3e-06,7e-06,-1e-06,-0.173597
254,0.200703,0.017691,0.431252,-0.492038,0.663212,-0.563998,-0.704668,-0.683773,-0.189391,-0.510648,0.303414,0.80449,2e-06,-5.3e-05,-2.3e-05,0.0,0.0,0.0,0.01609,-0.255202,0.057738,0.361348,0.366075,0.903377,0.223362,-0.930062,0.347831,0.118035,0.028489,-0.252093,0.967213,0.002537,-0.002086,-0.059928,-0.572959,0.560619,0.555665,-1.407572,-0.0079,0.05149,0.003759,-0.429789,-0.865725,0.256515,0.901978,-0.424682,0.077977,0.04143,0.264884,0.963389,0.001268,-0.001205,-0.030055,-0.502192,0.50088,0.538436,-0.771999,0.115011,0.032379,-0.025166,-0.520509,0.717789,-0.462436,-0.704733,-0.666933,-0.241972,-0.482099,0.199945,0.852995,3e-06,-2.8e-05,-1.2e-05,1e-05,1.2e-05,5e-06,-0.177679
255,0.200703,0.017707,0.431259,-0.492002,0.663235,-0.564002,-0.704687,-0.683746,-0.189415,-0.510656,0.303423,0.804482,-2.4e-05,0.000612,0.000259,0.0,0.0,0.0,0.017141,-0.255483,0.057392,0.35945,0.365409,0.898419,0.243539,-0.930342,0.344643,0.124976,0.0279,-0.273377,0.961431,-0.008642,-0.015588,-0.038391,-1.546956,-0.543954,-5.05616,-1.407597,-0.008041,0.051308,0.002816,-0.433481,-0.857245,0.277893,0.900067,-0.42705,0.086637,0.044405,0.287678,0.956696,0.001694,-0.008376,-0.019871,-0.213345,0.148176,0.30387,-0.790287,0.115011,0.032386,-0.025163,-0.520474,0.717814,-0.462438,-0.704754,-0.666904,-0.241992,-0.482108,0.199955,0.852988,-1.5e-05,0.000402,0.000171,2e-06,6e-06,-1e-06,-0.180129
256,0.200703,0.017692,0.431263,-0.491909,0.663295,-0.564013,-0.70475,-0.68367,-0.189455,-0.510658,0.303465,0.804465,8e-06,-0.000196,-8.3e-05,0.0,0.0,0.0,0.014462,-0.255588,0.057013,0.35823,0.357295,0.89811,0.256381,-0.933443,0.334724,0.128754,0.029381,-0.286454,0.957572,0.005709,-0.016479,-0.025173,-0.105282,0.124519,0.051011,-1.4069,-0.008098,0.051106,0.002188,-0.419797,-0.860055,0.289957,0.906636,-0.412221,0.089913,0.042197,0.300631,0.952806,0.003009,-0.007725,-0.012275,-0.058149,0.083456,0.036488,-0.803514,0.115011,0.03238,-0.02516,-0.520382,0.717875,-0.462446,-0.704819,-0.666824,-0.24202,-0.482111,0.199998,0.852976,5e-06,-0.000108,-4.6e-05,1.3e-05,8e-06,1e-05,-0.180945
257,0.200713,0.017685,0.431259,-0.491906,0.663295,-0.564016,-0.704751,-0.683669,-0.189456,-0.51066,0.303467,0.804463,1.5e-05,-0.000378,-0.00016,0.0,0.0,0.0,0.011581,-0.255627,0.056687,0.357788,0.349772,0.899189,0.262887,-0.936122,0.325199,0.133624,0.034236,-0.293967,0.95513,0.004791,-0.028919,-0.018049,-0.292929,0.264129,0.124403,-1.406559,-0.008117,0.050963,0.001979,-0.411667,-0.862081,0.295542,0.910531,-0.402684,0.093689,0.038243,0.307669,0.950724,-0.003045,-0.007331,-0.011744,-0.366092,0.336653,0.152299,-0.809229,0.115015,0.032376,-0.025162,-0.520379,0.717876,-0.462449,-0.70482,-0.666823,-0.242021,-0.482113,0.200001,0.852974,1.2e-05,-0.000243,-0.000105,5e-06,-4e-06,-8e-06,-0.183394
258,0.200704,0.017685,0.43127,-0.491923,0.663285,-0.564012,-0.704756,-0.683673,-0.189424,-0.510637,0.30348,0.804472,-0.0,1.2e-05,5e-06,0.0,0.0,0.0,0.0101,-0.255626,0.055383,0.357082,0.348508,0.895404,0.277102,-0.936701,0.322864,0.135215,0.03118,-0.307815,0.950863,0.004328,-0.030879,-0.019436,1.342728,2.344784,-0.743337,-1.40671,-0.008115,0.050315,0.001628,-0.410565,-0.858351,0.307683,0.910971,-0.40077,0.097538,0.039588,0.320337,0.946475,0.001855,-0.021117,-0.005791,-0.057611,0.0494,-0.009623,-0.819517,0.115011,0.032376,-0.025156,-0.520395,0.717865,-0.462446,-0.704824,-0.66683,-0.24199,-0.48209,0.200013,0.852985,1e-06,5e-06,2e-06,4e-06,-3e-06,-4e-06,-0.187966
259,0.200704,0.017685,0.43127,-0.491923,0.663285,-0.564012,-0.704756,-0.683673,-0.189424,-0.510637,0.30348,0.804472,-0.0,0.0,0.0,0.0,0.0,0.0,0.010599,-0.255265,0.054566,0.356474,0.327802,0.900012,0.287255,-0.944033,0.300933,0.134817,0.034493,-0.316507,0.947891,0.020397,-0.00801,-0.021021,-0.182575,0.143552,0.175711,-1.40603,-0.007944,0.049883,0.001316,-0.388348,-0.864703,0.318549,0.920648,-0.379033,0.093487,0.039902,0.329577,0.943284,0.003942,-0.008731,-0.005682,-0.368984,0.294174,0.161424,-0.824905,0.115011,0.032376,-0.025156,-0.520395,0.717865,-0.462446,-0.704824,-0.66683,-0.24199,-0.48209,0.200013,0.852984,1e-06,-2e-06,-1e-06,3e-06,5e-06,-3e-06,-0.188946
260,0.200713,0.017686,0.43127,-0.491902,0.663297,-0.564017,-0.704766,-0.683658,-0.189437,-0.510643,0.303487,0.804466,-6.4e-05,0.001619,0.000686,0.000736,-0.009746,0.027112,0.013555,-0.254902,0.053995,0.355838,0.318839,0.900712,0.295045,-0.946896,0.289688,0.139291,0.039601,-0.324923,0.944838,0.006935,-0.021238,-0.013754,-0.118311,0.111461,0.049804,-1.405795,-0.007751,0.049612,0.001001,-0.379558,-0.865592,0.326628,0.92452,-0.368073,0.098912,0.034605,0.339517,0.939962,0.003475,-0.010624,-0.006884,-0.078187,0.082676,0.038343,-0.822292,0.115016,0.032373,-0.025158,-0.520374,0.717878,-0.46245,-0.704835,-0.666814,-0.242001,-0.482096,0.20002,0.852979,-3.2e-05,0.000814,0.000346,0.000732,-0.009744,0.027104,-0.187803
261,0.200713,0.017686,0.43127,-0.491902,0.663297,-0.564017,-0.704766,-0.683658,-0.189437,-0.510643,0.303487,0.804466,-1e-06,2.4e-05,1e-05,0.0,0.0,0.0,0.014144,-0.25469,0.053484,0.35556,0.320887,0.898071,0.300819,-0.946022,0.289249,0.145985,0.043702,-0.332558,0.941997,0.006214,-0.024158,-0.015615,-0.372122,0.435167,0.003218,-1.40616,-0.007646,0.049371,0.000871,-0.380601,-0.86329,0.33147,0.924193,-0.367409,0.104288,0.031754,0.346035,0.937683,0.009214,-0.012517,-0.008407,-0.557108,0.440181,0.300001,-0.824579,0.115016,0.032377,-0.025156,-0.520375,0.717878,-0.46245,-0.704835,-0.666815,-0.242001,-0.482096,0.20002,0.852979,-1e-06,9e-06,3e-06,-2e-06,4e-06,-2e-06,-0.186497
262,0.200704,0.017693,0.431274,-0.491905,0.663297,-0.564014,-0.704766,-0.68366,-0.189436,-0.510641,0.303484,0.804468,-0.0,0.0,0.0,0.0,0.0,0.0,0.013103,-0.253991,0.052787,0.354832,0.317554,0.895397,0.312111,-0.947178,0.284578,0.147655,0.043003,-0.343642,0.938042,0.020772,-0.007187,-0.020697,0.04557,0.05191,0.043753,-1.406189,-0.007314,0.049004,0.000508,-0.37709,-0.860141,0.343451,0.925612,-0.362923,0.107363,0.032299,0.358389,0.933013,0.010424,-0.003477,-0.010285,0.50103,0.711913,-0.212448,-0.826865,0.115011,0.032381,-0.025154,-0.520378,0.717877,-0.462447,-0.704834,-0.666816,-0.242,-0.482094,0.200017,0.852981,2e-06,-1e-05,-4e-06,1.1e-05,2.9e-05,1.2e-05,-0.186007
263,0.200703,0.017692,0.431263,-0.491909,0.663295,-0.564013,-0.70475,-0.68367,-0.189455,-0.510658,0.303465,0.804465,-2.5e-05,0.000631,0.000267,0.0,0.0,0.0,0.010343,-0.253146,0.052859,0.353998,0.296035,0.901098,0.316826,-0.953557,0.260004,0.151858,0.054103,-0.348201,0.935784,0.022614,0.009029,-0.02551,-0.03058,0.032079,0.123229,-1.405531,-0.006884,0.049033,8.6e-05,-0.355666,-0.867736,0.34718,0.934358,-0.33879,0.110429,0.021798,0.363667,0.931273,0.011074,-0.000981,-0.00874,-0.075998,0.163273,-0.049801,-0.829477,0.115011,0.032374,-0.025157,-0.520395,0.717865,-0.462446,-0.704824,-0.66683,-0.24199,-0.48209,0.200013,0.852985,-1.8e-05,0.000512,0.000215,1e-05,8e-06,5e-06,-0.18764
264,0.200703,0.0177,0.431266,-0.491891,0.663306,-0.564015,-0.70476,-0.683657,-0.189467,-0.510663,0.303469,0.804461,-3.4e-05,0.000855,0.000362,0.0,0.0,0.0,0.010652,-0.252812,0.052849,0.353602,0.29433,0.900165,0.321037,-0.953738,0.2556,0.158069,0.059874,-0.353843,0.933313,0.021375,-0.004985,-0.019366,-0.49947,0.412268,0.337112,-1.405712,-0.006706,0.049039,-0.000117,-0.352856,-0.867683,0.350169,0.935514,-0.334142,0.114724,0.017462,0.368069,0.929633,0.010717,-0.002415,-0.00965,-0.457935,0.383184,0.325365,-0.832906,0.115011,0.032382,-0.025159,-0.520364,0.717887,-0.462447,-0.70483,-0.66681,-0.24203,-0.482115,0.200003,0.852973,-2.2e-05,0.000573,0.000242,-1e-05,-1.6e-05,-1.1e-05,-0.188456
265,0.200703,0.017702,0.431277,-0.491887,0.663308,-0.564016,-0.704775,-0.683646,-0.189448,-0.510645,0.303489,0.804464,-1e-06,2.4e-05,1e-05,0.0,0.0,0.0,0.010014,-0.252054,0.052701,0.352912,0.296265,0.89392,0.336339,-0.953354,0.255981,0.159761,0.056357,-0.369107,0.927603,0.022461,-0.000757,-0.016729,-0.106552,0.157653,0.154994,-1.405344,-0.006337,0.048958,-0.00046,-0.354212,-0.860328,0.366562,0.934927,-0.334612,0.118088,0.021061,0.384537,0.922868,0.011086,-0.001009,-0.008776,-0.053841,0.351733,0.093673,-0.83307,0.115011,0.032385,-0.025153,-0.52036,0.71789,-0.462448,-0.704844,-0.666802,-0.24201,-0.482098,0.200022,0.852978,-2e-06,-1e-06,0.0,-6e-06,-1.6e-05,-1e-05,-0.188456
266,0.200703,0.017709,0.43127,-0.491998,0.663237,-0.564003,-0.704702,-0.683736,-0.189396,-0.510639,0.303443,0.804486,-0.0,0.0,0.0,0.0,0.0,0.0,0.008877,-0.2512,0.052944,0.352209,0.300181,0.881801,0.363744,-0.95254,0.257506,0.162145,0.048949,-0.396263,0.916757,0.023066,0.001688,-0.015188,-0.340232,0.381165,0.099589,-1.405438,-0.005901,0.049083,-0.000816,-0.355696,-0.847486,0.394013,0.934116,-0.335955,0.120666,0.030108,0.410975,0.911149,0.011584,0.001,-0.007508,-0.345325,0.365452,0.106624,-0.826211,0.11501,0.032388,-0.025156,-0.520469,0.717816,-0.46244,-0.704769,-0.666895,-0.241971,-0.48209,0.199975,0.852993,5e-06,-8e-06,-3e-06,3.2e-05,3.8e-05,2e-05,-0.190089
267,0.200703,0.017709,0.43127,-0.491998,0.663237,-0.564003,-0.704702,-0.683736,-0.189396,-0.510639,0.303443,0.804486,-0.0,0.0,0.0,0.0,0.0,0.0,0.009871,-0.250423,0.052679,0.35143,0.307435,0.864966,0.396622,-0.950162,0.257044,0.176222,0.050104,-0.432119,0.900348,0.019196,-0.023474,-0.01621,-0.407673,0.618066,0.085306,-1.405963,-0.005526,0.04899,-0.001179,-0.35965,-0.830177,0.425978,0.932564,-0.335076,0.134335,0.031214,0.445566,0.894704,0.009743,-0.006542,-0.012332,-0.047661,1.092715,1.598314,-0.827354,0.11501,0.032388,-0.025157,-0.520469,0.717816,-0.46244,-0.704769,-0.666895,-0.241971,-0.48209,0.199975,0.852993,6e-06,-7e-06,-3e-06,2.4e-05,4.4e-05,1.7e-05,-0.190742
268,0.200694,0.0177,0.431266,-0.492037,0.663214,-0.563997,-0.704682,-0.683763,-0.189371,-0.510629,0.303432,0.804496,3e-06,-8.7e-05,-3.7e-05,0.0,0.0,0.0,0.00962,-0.249954,0.052271,0.351061,0.32269,0.852413,0.411406,-0.94564,0.27264,0.177103,0.038406,-0.447262,0.893502,0.031135,-0.025902,-0.018447,-0.421672,0.676098,-0.158816,-1.405955,-0.005286,0.04877,-0.001374,-0.37322,-0.816137,0.441164,0.926678,-0.350709,0.135162,0.04441,0.459262,0.887189,0.015463,-0.013421,-0.009534,-0.346882,0.667499,-0.05974,-0.824252,0.115006,0.032383,-0.025158,-0.520508,0.717791,-0.462434,-0.704747,-0.666925,-0.241951,-0.48208,0.199962,0.853002,6e-06,-5.2e-05,-2.4e-05,8e-06,1.4e-05,3e-06,-0.190416
269,0.200703,0.017707,0.431259,-0.492002,0.663235,-0.564002,-0.704687,-0.683746,-0.189415,-0.510656,0.303423,0.804482,0.0,-0.0,-0.0,0.0,0.0,0.0,0.009428,-0.248671,0.051815,0.350161,0.354285,0.825756,0.438863,-0.935009,0.307775,0.175973,0.009808,-0.473722,0.880542,0.032839,-0.010058,-0.023449,2.048252,1.614976,4.676856,-1.405578,-0.00466,0.048529,-0.00182,-0.396624,-0.789137,0.468989,0.915178,-0.379809,0.134886,0.071683,0.482708,0.872842,0.010802,0.002164,-0.014346,-0.65765,0.880257,-0.000864,-0.822456,0.115011,0.032387,-0.025162,-0.520474,0.717814,-0.462438,-0.704754,-0.666903,-0.241992,-0.482107,0.199955,0.852988,0.0,3e-06,1e-06,3e-06,-1e-06,-6e-06,-0.190579
270,0.200701,0.017739,0.431261,-0.491934,0.66328,-0.564009,-0.704711,-0.683704,-0.189481,-0.510689,0.303422,0.804462,-5.8e-05,0.00148,0.000626,0.0,0.0,0.0,0.009786,-0.247571,0.051405,0.34923,0.40828,0.779553,0.474969,-0.912634,0.357952,0.19724,-0.016757,-0.514979,0.856959,0.032064,-0.023071,-0.016834,0.081492,1.273252,1.428475,-1.405319,-0.004105,0.048331,-0.002287,-0.444999,-0.738294,0.50685,0.889935,-0.427742,0.158274,0.099948,0.521496,0.847379,0.016079,-0.011386,-0.008343,-0.90666,1.135222,0.227676,-0.824742,0.11501,0.032399,-0.025162,-0.520424,0.717847,-0.462441,-0.70477,-0.666868,-0.242042,-0.482137,0.19995,0.852972,-3e-06,6.5e-05,2.9e-05,2e-06,-0.0,-2e-06,-0.190579
271,0.200692,0.017754,0.431268,-0.491919,0.663291,-0.564008,-0.704719,-0.683692,-0.189492,-0.510691,0.303424,0.80446,-4.5e-05,0.001158,0.00049,0.0,0.0,0.0,0.009898,-0.247058,0.051097,0.348828,0.431393,0.748413,0.503756,-0.900969,0.385261,0.199406,-0.045368,-0.540828,0.839828,0.0323,-0.022332,-0.016404,0.630379,3.117475,-1.405886,-1.405846,-0.003849,0.048175,-0.002489,-0.470098,-0.702281,0.53461,0.872941,-0.459378,0.164148,0.130311,0.543849,0.829003,0.016259,-0.006081,-0.01249,-0.366205,1.019944,0.452466,-0.826865,0.115005,0.032408,-0.025158,-0.520392,0.717871,-0.462441,-0.70479,-0.666841,-0.242061,-0.482143,0.199957,0.852967,-3.5e-05,0.00089,0.000376,1e-06,-1e-06,-0.0,-0.190416
272,0.200673,0.017778,0.431279,-0.491907,0.663303,-0.564005,-0.704728,-0.683681,-0.189502,-0.510691,0.303424,0.80446,-8e-06,0.000212,9e-05,0.0,0.0,0.0,0.012099,-0.245847,0.050786,0.347872,0.459895,0.700748,0.545381,-0.883955,0.419152,0.207049,-0.084072,-0.578189,0.811475,0.033088,-0.00996,-0.023591,-0.582924,1.009619,-0.159592,-1.405604,-0.003237,0.048011,-0.002973,-0.490513,-0.651433,0.578818,0.854062,-0.491329,0.170797,0.173128,0.578125,0.797368,0.016638,-0.004653,-0.011602,-0.596402,1.046768,-0.101536,-0.825885,0.114996,0.032423,-0.025152,-0.52038,0.717882,-0.462437,-0.704798,-0.666829,-0.242069,-0.482144,0.199957,0.852967,-5e-06,0.000125,5.4e-05,-5e-06,-1.1e-05,-1.1e-05,-0.188783
273,0.200672,0.017793,0.431274,-0.491875,0.663324,-0.564008,-0.704731,-0.683665,-0.189544,-0.510717,0.303413,0.804448,-5e-06,0.00012,5.1e-05,0.0,0.0,0.0,-0.001313,-0.244633,0.050401,0.34692,0.477177,0.658649,0.581786,-0.871519,0.43936,0.217604,-0.112874,-0.611696,0.782912,0.032744,-0.011901,-0.024956,-0.522966,1.21004,-0.174856,-1.405408,-0.002616,0.047817,-0.003456,-0.502067,-0.607149,0.615871,0.840628,-0.509896,0.182617,0.203155,0.609405,0.766389,0.016371,-0.006023,-0.012552,-0.602497,1.283412,-0.128967,-0.816577,0.114995,0.032431,-0.025154,-0.520348,0.717905,-0.462438,-0.704805,-0.666808,-0.242109,-0.482169,0.199948,0.852955,-3e-06,4.4e-05,1.8e-05,7e-06,-1.1e-05,-1e-05,-0.193518
274,0.200669,0.017852,0.431246,-0.491752,0.663407,-0.564017,-0.704732,-0.683612,-0.189733,-0.510835,0.303351,0.804396,-0.000558,0.009755,-0.010035,0.035627,-0.006332,0.021491,-0.024806,-0.243542,0.049974,0.34591,0.513161,0.605449,0.60835,-0.845025,0.480225,0.235057,-0.150459,-0.635448,0.757253,0.033142,-0.001012,-0.033107,-0.707959,1.214932,0.115947,-1.405107,-0.002071,0.047603,-0.003962,-0.531859,-0.551648,0.642503,0.811701,-0.548359,0.201103,0.241384,0.628479,0.739423,0.016576,-0.000538,-0.016604,-0.690345,1.210959,0.096592,-0.800085,0.114994,0.032456,-0.025165,-0.52024,0.71798,-0.462443,-0.704817,-0.666739,-0.24226,-0.482267,0.199904,0.85291,-1.2e-05,0.000281,0.000119,4e-06,-8e-06,-2e-06,-0.210664
275,0.200666,0.017918,0.431211,-0.490892,0.661977,-0.566442,-0.7044,-0.684118,-0.189143,-0.512118,0.305326,0.802832,-7.1e-05,0.001823,0.000771,-0.062158,-0.554593,-0.197852,-0.044635,-0.243025,0.049888,0.34534,0.541272,0.579674,0.609092,-0.82542,0.504118,0.253931,-0.160523,-0.640925,0.75054,0.020759,-0.010044,-0.023247,-0.599147,1.10194,0.274115,-1.405324,-0.001813,0.047557,-0.004249,-0.557802,-0.523145,0.644341,0.791013,-0.57015,0.221868,0.251302,0.633441,0.731846,0.010405,-0.004967,-0.011616,-0.526372,1.056889,0.21861,-0.795023,0.114992,0.03249,-0.025187,-0.519995,0.717902,-0.462838,-0.704762,-0.66675,-0.242392,-0.482612,0.200148,0.852657,-3.8e-05,0.001004,0.000423,-0.062255,-0.554573,-0.197787,-0.220135
276,0.200769,0.018336,0.430842,-0.486812,0.660442,-0.571731,-0.703165,-0.684554,-0.192139,-0.517679,0.307659,0.798362,-0.001121,0.019554,-0.020037,0.062106,-0.095364,0.013352,-0.145216,-0.241932,0.049728,0.344191,0.601449,0.524272,0.602818,-0.78138,0.542902,0.307632,-0.16673,-0.656708,0.73539,0.033369,-0.000438,-0.03285,2.606175,2.585752,4.843105,-1.405324,-0.001286,0.047483,-0.0048,-0.610064,-0.467791,0.639525,0.750494,-0.600005,0.277038,0.254123,0.648971,0.717116,0.016704,-0.00019,-0.01643,-0.677147,0.461531,0.956068,-0.801065,0.11504,0.032691,-0.025359,-0.515489,0.715734,-0.471162,-0.703262,-0.667526,-0.244602,-0.489583,0.205261,0.847452,-0.000293,0.005323,-0.004827,0.028406,-0.068515,-0.00141,-0.268142
277,0.200803,0.019054,0.430316,-0.482349,0.651308,-0.585818,-0.701455,-0.687695,-0.187104,-0.524133,0.319861,0.789303,-0.000814,0.016142,-0.007323,-0.007471,-0.248027,-0.049125,-0.249687,-0.240891,0.049404,0.343058,0.634782,0.471423,0.612212,-0.748985,0.569843,0.337986,-0.190315,-0.67367,0.714011,0.020515,-0.002175,-0.033504,-0.066211,0.56705,0.924057,-1.405667,-0.000745,0.04732,-0.005386,-0.641594,-0.405422,0.651144,0.713345,-0.627412,0.312237,0.281949,0.66482,0.69175,0.010265,-0.001136,-0.016808,-0.010705,0.512399,0.897594,-0.806453,0.115061,0.033047,-0.025634,-0.511423,0.708277,-0.48661,-0.701302,-0.671257,-0.239975,-0.49661,0.218532,0.840013,-0.000668,0.012639,-0.008801,-0.011506,-0.206556,-0.074504,-0.344236
278,0.200781,0.019989,0.429713,-0.487009,0.628779,-0.60622,-0.700704,-0.695573,-0.158632,-0.520817,0.346739,0.780095,-0.001867,0.033912,-0.028062,-0.045159,-0.74403,-0.459541,-0.357597,-0.240001,0.049155,0.34198,0.646489,0.444588,0.619988,-0.737068,0.573421,0.357564,-0.197345,-0.688686,0.697588,0.020966,-0.010106,-0.023577,-0.235999,0.195328,0.428685,-1.406071,-0.000309,0.047193,-0.005921,-0.650415,-0.378001,0.658842,0.702196,-0.629948,0.33179,0.28962,0.678438,0.675159,0.016849,0.000124,-0.016302,-0.249206,0.319054,0.34537,-0.80776,0.11505,0.033516,-0.025924,-0.517049,0.689211,-0.507589,-0.699729,-0.681884,-0.2131,-0.492988,0.244992,0.834829,-0.000669,0.012816,-0.008725,-0.252282,-1.106193,-0.481629,-0.420166
279,0.200832,0.020549,0.42928,-0.493053,0.610864,-0.619507,-0.698977,-0.702062,-0.136051,-0.517435,0.365177,0.773908,-0.001841,0.03316,-0.028356,-0.676083,-0.83587,-1.215642,-0.427095,-0.239546,0.04909,0.341457,0.655019,0.42808,0.622646,-0.727094,0.581027,0.365615,-0.206072,-0.692738,0.691022,0.021711,0.003116,-0.030025,-0.035865,0.630048,0.740722,-1.405902,-7.4e-05,0.047155,-0.006192,-0.657268,-0.361824,0.66112,0.692182,-0.63682,0.339623,0.298131,0.680839,0.66901,0.010898,0.001706,-0.014929,-0.129077,0.712894,0.794683,-0.815598,0.115075,0.03381,-0.026151,-0.523465,0.673045,-0.522488,-0.696993,-0.690959,-0.191766,-0.490086,0.263788,0.830801,-0.000898,0.016586,-0.014185,-0.722702,-0.755511,-1.227744,-0.46801
280,0.200845,0.021788,0.428308,-0.486217,0.581188,-0.652579,-0.713579,-0.695075,-0.087449,-0.503818,0.422421,0.753496,-0.001901,0.034589,-0.027706,-0.207856,-1.427947,-0.77794,-0.575626,-0.238818,0.048906,0.34065,0.667844,0.394357,0.631235,-0.709236,0.594133,0.379373,-0.226255,-0.701545,0.675653,0.010071,-0.002321,-0.017712,-0.221797,0.445041,0.422305,-1.406039,0.000285,0.047061,-0.006592,-0.666708,-0.326716,0.669893,0.674026,-0.647908,0.354827,0.318102,0.688092,0.65218,0.01101,-0.007678,-0.005923,-0.151892,0.713927,0.736532,-0.817884,0.115082,0.034414,-0.026628,-0.517739,0.648241,-0.558326,-0.710025,-0.689648,-0.142301,-0.477295,0.322751,0.817325,-0.000954,0.017912,-0.013595,-0.424254,-1.045514,-0.563364,-0.572842
281,0.200752,0.023189,0.427156,-0.478966,0.550323,-0.683945,-0.728644,-0.683706,-0.03994,-0.489008,0.478535,0.729316,-0.002402,0.04287,-0.038217,-1.355287,-0.860229,-0.029345,-0.683303,-0.238323,0.048581,0.340139,0.680409,0.355522,0.640811,-0.690246,0.604379,0.397768,-0.246719,-0.713401,0.655783,0.010036,-0.012499,-0.009264,-0.491199,0.61657,0.480607,-1.406645,0.00053,0.046906,-0.006841,-0.675238,-0.288239,0.678949,0.655433,-0.65668,0.373065,0.33832,0.696913,0.632337,0.004976,-0.006498,-0.004815,0.117114,0.444494,0.522066,-0.815108,0.115035,0.035114,-0.027198,-0.511292,0.619562,-0.595585,-0.722074,-0.685505,-0.093224,-0.466035,0.382392,0.797863,-0.001014,0.016951,-0.014003,-4.542165,-1.10261,2.283346,-0.674246
282,0.200694,0.023933,0.426532,-0.478991,0.528828,-0.700681,-0.726527,-0.686773,-0.021748,-0.492121,0.497986,0.714041,-0.001887,0.034294,-0.027734,-0.155898,-1.209076,-1.201036,-0.742589,-0.238126,0.048393,0.339916,0.683776,0.344657,0.643159,-0.685096,0.606373,0.403596,-0.251737,-0.71702,0.649904,0.00984,-0.013525,-0.009993,-0.142188,0.748759,0.700924,-1.406472,0.000637,0.046811,-0.00696,-0.677648,-0.276587,0.68139,0.65027,-0.658082,0.379573,0.343426,0.700305,0.625804,0.004941,-0.006673,-0.004946,-0.071523,0.687106,0.661417,-0.818537,0.115005,0.0355,-0.027526,-0.511468,0.601172,-0.613996,-0.72022,-0.689647,-0.075289,-0.468703,0.403705,0.785709,-0.000901,0.017105,-0.013888,-0.192706,-1.387353,-1.25139,-0.716865
283,0.200662,0.025299,0.425221,-0.483259,0.488187,-0.72676,-0.724197,-0.689326,0.01844,-0.491379,0.534618,0.687574,-0.002244,0.038968,-0.039699,-0.175952,-1.355139,-1.05704,-0.94096,-0.237724,0.047842,0.33953,0.688718,0.323008,0.649095,-0.673999,0.614909,0.409323,-0.267771,-0.719795,0.640357,0.009574,-0.015,-0.011064,-0.04888,0.06331,0.053269,-1.406439,0.000835,0.046544,-0.007147,-0.680637,-0.252549,0.687715,0.638373,-0.665023,0.387586,0.359462,0.702824,0.61386,0.010875,-0.008639,-0.006643,0.011165,0.017474,0.033937,-0.816904,0.11499,0.036174,-0.028164,-0.516489,0.565459,-0.643034,-0.716689,-0.696422,-0.036757,-0.468608,0.441871,0.764954,-0.00081,0.014658,-0.014871,-0.160531,-0.99059,-1.143583,-0.831821
284,0.200742,0.026576,0.42403,-0.492602,0.453756,-0.742627,-0.721564,-0.68998,0.056971,-0.485941,0.563349,0.668226,-0.002403,0.042691,-0.038056,-0.045592,-0.596015,-0.772184,-1.042694,-0.237256,0.047259,0.339082,0.687377,0.309176,0.657202,-0.671492,0.615112,0.413122,-0.277375,-0.725656,0.629563,0.009868,-0.013748,-0.010241,-0.179688,0.314937,-0.008132,-1.406324,0.001068,0.046248,-0.007374,-0.677716,-0.239732,0.695146,0.63617,-0.665257,0.390795,0.368765,0.70708,0.603365,0.004905,-0.007042,-0.005248,-0.237682,0.279018,0.176337,-0.817557,0.115031,0.036802,-0.028764,-0.525567,0.530785,-0.664864,-0.712171,-0.702,0.002531,-0.465392,0.474828,0.746958,0.004977,0.017324,-0.013897,-0.109863,-0.779112,-0.791687,-0.893708
285,0.200728,0.027326,0.423452,-0.498721,0.435031,-0.749714,-0.718153,-0.691668,0.076307,-0.484744,0.575922,0.658305,-0.00197,0.036113,-0.026804,-0.088494,-0.592508,-0.766146,-1.049599,-0.237022,0.046999,0.338898,0.689477,0.293837,0.662022,-0.66444,0.620205,0.416892,-0.288943,-0.727671,0.621989,0.010291,-0.011735,-0.008849,-0.038222,0.740341,0.463966,-1.406434,0.001181,0.046119,-0.007466,-0.677681,-0.227116,0.699404,0.630391,-0.669138,0.393523,0.378623,0.707581,0.596634,0.005152,-0.006058,-0.004468,3.593099,2.375866,3.517705,-0.813965,0.115024,0.037163,-0.029048,-0.531732,0.513934,-0.67315,-0.708262,-0.705644,0.020725,-0.464354,0.487787,0.739214,-0.000939,0.017574,-0.013604,-0.110363,-0.749553,-0.867837,-0.892239
286,0.200642,0.02876,0.422356,-0.507126,0.399209,-0.763872,-0.708566,-0.697657,0.105735,-0.490086,0.594376,0.63762,-0.001943,0.035462,-0.027012,-1.392727,-0.498408,0.256532,-1.049434,-0.236657,0.046552,0.33862,0.691832,0.267553,0.670652,-0.653946,0.625739,0.425134,-0.306762,-0.733019,0.606996,-0.00173,-0.00864,-0.006083,3.397952,2.725287,3.598969,-1.406132,0.001372,0.04589,-0.007608,-0.676536,-0.202524,0.708012,0.622621,-0.670718,0.403085,0.393242,0.713526,0.579862,0.005215,-0.010616,4.3e-05,-0.498281,0.638525,0.201355,-0.809392,0.11498,0.0379,-0.029604,-0.541255,0.478683,-0.691306,-0.695976,-0.716401,0.048852,-0.471868,0.507573,0.720908,-0.001027,0.017254,-0.013722,-4.431872,-0.29666,2.415526,-0.889136
287,0.200508,0.030426,0.421069,-0.505474,0.376049,-0.776613,-0.712605,-0.68941,0.129921,-0.485927,0.61862,0.617424,-0.01432,0.047034,-0.035674,-0.133149,-0.403061,-0.411018,-1.046158,-0.236327,0.046098,0.338374,0.687619,0.245334,0.683362,-0.650416,0.62622,0.429816,-0.323336,-0.740317,0.589278,0.010523,-0.010831,-0.008267,-0.260547,0.416496,0.067309,-1.40625,0.001533,0.045668,-0.007728,-0.671136,-0.176001,0.720138,0.615189,-0.674269,0.408538,0.413664,0.717206,0.5608,0.00526,-0.005432,-0.004154,-0.361431,0.516027,0.144464,-0.798779,0.114918,0.038725,-0.030246,-0.539068,0.456904,-0.707561,-0.700145,-0.71006,0.0749,-0.468189,0.535772,0.702671,-0.00127,0.02368,-0.017941,-0.421277,-0.343278,-0.373985,-0.889463
288,0.200376,0.031407,0.420313,-0.508318,0.358854,-0.782867,-0.706806,-0.693166,0.141128,-0.491387,0.624625,0.606967,-0.014864,0.056982,-0.045352,-0.001271,-0.481919,-0.504535,-1.046407,-0.236111,0.045789,0.338224,0.682634,0.24305,0.68915,-0.653841,0.624083,0.427723,-0.326971,-0.742868,0.584038,0.010251,-0.012286,-0.009313,-0.031187,0.144195,-0.135666,-1.406157,0.001637,0.045521,-0.007797,-0.665946,-0.173021,0.725657,0.618349,-0.672188,0.407195,0.417325,0.719879,0.554628,0.005067,-0.006457,-0.004886,0.01041,0.114715,-0.183104,-0.788002,0.114852,0.039213,-0.030619,-0.542008,0.440898,-0.715427,-0.694013,-0.714901,0.085211,-0.473891,0.542701,0.693471,-0.001269,0.02377,-0.017872,-0.069149,-0.517019,-0.721463,-0.889299
289,0.200149,0.033509,0.418654,-0.515655,0.326413,-0.792212,-0.699312,-0.694543,0.168948,-0.494444,0.640714,0.587399,-0.002495,0.045454,-0.036475,-0.124748,-0.838011,-0.46021,-1.047896,-0.235599,0.045367,0.337931,0.676825,0.243512,0.694694,-0.658355,0.622232,0.423474,-0.329975,-0.74427,0.580553,0.011203,-0.007611,-0.006023,-0.00617,0.098935,-0.133412,-1.405726,0.001895,0.045295,-0.007955,-0.659724,-0.174576,0.730949,0.622993,-0.671008,0.402027,0.420289,0.720604,0.55144,0.005526,-0.004212,-0.003309,-0.007678,0.112871,-0.159321,-0.785389,0.114734,0.040275,-0.03145,-0.549963,0.411105,-0.727002,-0.685448,-0.719508,0.111661,-0.47718,0.559731,0.677495,-0.001514,0.028085,-0.022929,-0.108063,-0.875259,-0.634304,-0.892075
290,0.200053,0.035583,0.41681,-0.526686,0.29555,-0.797055,-0.687912,-0.699001,0.195308,-0.498771,0.6508,0.572463,-0.014497,0.049991,-0.04786,-0.005389,-0.524263,-0.346822,-1.065795,-0.235154,0.04521,0.337867,0.65983,0.29192,0.692386,-0.700211,0.572931,0.425897,-0.273176,-0.766191,0.58154,0.01261,-0.000474,-0.000955,-3.987316,-2.817835,-2.758665,-1.404998,0.002121,0.045209,-0.007992,-0.647228,-0.223234,0.728876,0.668136,-0.626458,0.401426,0.366999,0.746804,0.554612,0.00638,-4.1e-05,-0.000232,-4.010521,-2.864121,-2.69269,-0.787511,0.11469,0.041315,-0.032365,-0.560578,0.379709,-0.735916,-0.672865,-0.726872,0.137507,-0.482704,0.572256,0.662962,-0.001394,0.025136,-0.024042,-0.061306,-0.533135,-0.732751,-0.893708
291,0.199908,0.037536,0.414793,-0.535293,0.262091,-0.803004,-0.675376,-0.70373,0.22046,-0.506658,0.660012,0.554715,-0.014823,0.054801,-0.059377,-0.105271,-0.828447,-0.671091,-1.108067,-0.234641,0.045194,0.337925,0.649437,0.308784,0.694893,-0.717808,0.550253,0.426506,-0.25147,-0.776164,0.578096,0.012726,-0.010055,0.007979,-0.117189,0.088611,0.075534,-1.404976,0.002379,0.045207,-0.007959,-0.637909,-0.242153,0.731049,0.688744,-0.60408,0.400897,0.344534,0.759242,0.552129,0.006396,-0.004845,0.004104,-0.118201,0.091199,0.077324,-0.793717,0.114617,0.042291,-0.033369,-0.569314,0.348761,-0.744476,-0.659557,-0.734349,0.160359,-0.490779,0.58232,0.648103,-0.001267,0.022051,-0.025204,0.029735,-0.322537,-0.481715,-0.909221
292,0.199863,0.038452,0.41367,-0.537718,0.244389,-0.806957,-0.669039,-0.7061,0.231906,-0.512455,0.664279,0.544197,-0.002983,0.049514,-0.06176,-0.101428,-0.697156,-0.830782,-1.140344,-0.234421,0.045207,0.337983,0.649327,0.306333,0.696079,-0.717755,0.549119,0.428054,-0.251904,-0.777934,0.575523,0.013166,0.002445,0.001111,-0.040271,0.141305,-0.101929,-1.404813,0.002484,0.045213,-0.00793,-0.63767,-0.239381,0.73217,0.688745,-0.602842,0.402753,0.344972,0.761103,0.549287,0.000444,0.002305,0.001623,-0.009724,0.006781,0.042635,-0.794043,0.114591,0.042742,-0.033908,-0.571473,0.332105,-0.750415,-0.653064,-0.737785,0.170821,-0.496915,0.587689,0.63851,-0.001442,0.024422,-0.031019,-0.001283,-0.498008,-0.530879,-0.915589
293,0.199843,0.03991,0.411428,-0.54056,0.215268,-0.813326,-0.658665,-0.709722,0.249855,-0.522784,0.670501,0.526453,-0.002101,0.031722,-0.055224,-0.042622,-0.458248,-0.573462,-1.184133,-0.234068,0.045379,0.337982,0.645153,0.31579,0.695734,-0.726419,0.535467,0.430726,-0.23732,-0.783663,0.573946,0.000528,0.00275,0.001949,-0.00421,-0.014885,0.016185,-1.404777,0.002666,0.045304,-0.007927,-0.63428,-0.24943,0.73176,0.6987,-0.590093,0.404482,0.330917,0.767837,0.548561,0.000269,0.001401,0.000983,0.00251,-0.016298,0.008862,-0.79486,0.114579,0.043502,-0.035072,-0.574272,0.3015,-0.761123,-0.641277,-0.743593,0.189291,-0.508895,0.596796,0.62037,-0.000997,0.015469,-0.027771,-0.050683,-0.473282,-0.578229,-0.918039
294,0.199767,0.041244,0.409174,-0.54241,0.189224,-0.818554,-0.649345,-0.71263,0.265482,-0.532423,0.675286,0.510433,-0.002028,0.029952,-0.055805,0.003003,-0.405525,-0.337722,-1.204215,-0.23367,0.045552,0.337884,0.647055,0.324674,0.689853,-0.729072,0.527902,0.435554,-0.223561,-0.785176,0.577392,0.012769,0.000479,-0.00029,0.002044,-0.015205,0.029245,-1.404926,0.002865,0.045391,-0.007976,-0.637209,-0.25826,0.72613,0.702242,-0.582739,0.408986,0.31752,0.77053,0.552688,0.006387,0.000243,-0.000153,0.003511,-0.011022,0.025111,-0.79241,0.114542,0.044153,-0.03618,-0.576015,0.276347,-0.76931,-0.631435,-0.748098,0.204056,-0.519129,0.603309,0.605411,-0.00097,0.014842,-0.027957,-0.03854,-0.510334,-0.381452,-0.918039
