frame,MLTx,MLTy,MLTz,MLTR1,MLTR2,MLTR3,MLTR4,MLTR5,MLTR6,MLTR7,MLTR8,MLTR9,MLTTVx,MLTTVy,MLTTVz,MLTRVx,MLTRVy,MLTRVz,MLGA,MRTx,MRTy,MRTz,MRTR1,MRTR2,MRTR3,MRTR4,MRTR5,MRTR6,MRTR7,MRTR8,MRTR9,MRTTVx,MRTTVy,MRTTVz,MRTRVx,MRTRVy,MRTRVz,MRGA,SLTx,SLTy,SLTz,SLTR1,SLTR2,SLTR3,SLTR4,SLTR5,SLTR6,SLTR7,SLTR8,SLTR9,SLTTVx,SLTTVy,SLTTVz,SLTRVx,SLTRVy,SLTRVz,SLGA,SRTx,SRTy,SRTz,SRTR1,SRTR2,SRTR3,SRTR4,SRTR5,SRTR6,SRTR7,SRTR8,SRTR9,SRTTVx,SRTTVy,SRTTVz,SRTRVx,SRTRVy,SRTRVz,SRGA
2272,0.186576,0.092577,0.254858,-0.097348,-0.744652,-0.66035,-0.40374,-0.576926,0.710016,-0.909573,0.336652,-0.243657,-0.011527,-0.030151,0.004977,-0.041017,-0.040142,0.143105,-1.69347,-0.206327,0.028703,0.346101,-0.761406,0.24049,0.602011,0.268869,-0.7277,0.630949,0.590761,0.641958,0.488625,0.012757,-0.015096,0.004481,-0.025014,0.000482,-0.02082,0.245298,0.024355,0.058832,-0.008543,0.61268,-0.224431,0.757795,-0.300573,0.820616,0.48605,-0.730943,-0.525566,0.435317,0.006411,-0.007183,0.002493,-0.046318,0.007236,0.018209,0.13508,0.094592,0.084557,-0.097614,0.014337,0.762772,-0.646508,0.276206,0.618396,0.735729,0.960991,-0.189117,-0.201816,0.000606,-0.021745,0.00423,-0.074129,-0.00765,0.144632,-0.92604
2273,0.186359,0.091049,0.255217,-0.096537,-0.734364,-0.67189,-0.406901,-0.586957,0.699918,-0.908252,0.341872,-0.241309,0.001192,-0.041291,0.010906,-0.02039,0.103766,0.320304,-1.698167,-0.20588,0.027772,0.346178,-0.759218,0.23987,0.605014,0.272043,-0.727381,0.629955,0.592121,0.642552,0.486193,0.011648,-0.026382,-0.003544,-0.037345,0.029297,-0.035958,0.242729,0.02458,0.058381,-0.008494,0.609919,-0.223503,0.760292,-0.303623,0.820285,0.484711,-0.731991,-0.526477,0.432447,0.005955,-0.018992,0.002104,-0.072872,0.024904,-0.022784,0.139489,0.094479,0.083797,-0.097437,0.015626,0.752657,-0.658226,0.278154,0.629049,0.725897,0.960408,-0.194431,-0.199525,0.000793,-0.027338,0.007471,-0.041119,0.160604,0.349243,-0.929796
2274,0.186458,0.088939,0.255839,-0.097714,-0.720191,-0.686894,-0.408846,-0.600234,0.687413,-0.90725,0.348897,-0.234937,0.002002,-0.066269,0.021137,0.002541,0.388622,0.573959,-1.728533,-0.205258,0.026205,0.34593,-0.744126,0.234594,0.625487,0.288226,-0.731782,0.617539,0.603509,0.639504,0.476103,0.023624,-0.051157,-0.006109,-0.059001,-0.019278,0.059863,0.23054,0.024887,0.05761,-0.008614,0.591866,-0.214415,0.776994,-0.316876,0.824458,0.46889,-0.741136,-0.523731,0.420026,0.005153,-0.020303,-0.00692,-0.017762,0.085619,-0.095615,0.132631,0.094528,0.082771,-0.097136,0.018816,0.740466,-0.671828,0.279008,0.641366,0.714705,0.960103,-0.200893,-0.194528,0.000995,-0.033214,0.010471,-0.129821,0.075185,0.205731,-0.932082
2275,0.18645,0.087659,0.256294,-0.102719,-0.713328,-0.693295,-0.406447,-0.60606,0.683714,-0.907769,0.352903,-0.226809,0.002405,-0.076933,0.028312,1.747932,1.619688,-1.139115,-1.799054,-0.204867,0.025315,0.345636,-0.735165,0.231598,0.637092,0.297015,-0.734613,0.609966,0.610189,0.637352,0.470441,0.022918,-0.044771,-0.017764,0.00629,0.424107,-0.561124,0.218438,0.025091,0.057144,-0.008764,0.581497,-0.209377,0.786143,-0.323742,0.826955,0.459713,-0.746359,-0.521829,0.413088,0.011405,-0.022933,-0.009286,0.010322,0.463334,-0.612991,0.121364,0.094525,0.082083,-0.096896,0.025165,0.733198,-0.679549,0.276275,0.648189,0.709593,0.960748,-0.205599,-0.186253,0.001202,-0.038374,0.014252,1.773498,1.663985,-1.077417,-0.93845
2276,0.186405,0.084639,0.257518,-0.119721,-0.692495,-0.711451,-0.397961,-0.623057,0.673349,-0.909423,0.364602,-0.200104,0.0028,-0.08694,0.036527,1.697466,1.876502,-1.028792,-1.865142,-0.203747,0.023646,0.344623,-0.719276,0.217284,0.659864,0.321874,-0.737357,0.59383,0.616471,0.639239,0.459565,0.035308,-0.038913,-0.030906,0.032125,-0.046167,0.119622,0.177019,0.025636,0.056316,-0.009264,0.563109,-0.190916,0.804026,-0.345103,0.829719,0.438713,-0.750874,-0.524515,0.401336,0.017622,-0.019822,-0.015729,0.059132,0.337117,-0.408976,0.08299,0.094503,0.080574,-0.096284,0.046119,0.715398,-0.697192,0.265602,0.664031,0.69894,0.962978,-0.21741,-0.159387,0.001393,-0.043265,0.018475,1.712202,1.910169,-0.968148,-0.942042
2277,0.186458,0.080877,0.259129,-0.159048,-0.672296,-0.723026,-0.378149,-0.635029,0.673582,-0.911798,0.381378,-0.152324,-0.008615,-0.126352,0.051316,1.742046,2.536247,-1.157193,-1.867893,-0.202221,0.022221,0.343184,-0.691583,0.208327,0.691595,0.344041,-0.746756,0.569144,0.635871,0.631277,0.44387,0.034969,-0.03099,-0.041867,0.045728,0.151977,-0.199928,0.144159,0.026381,0.055609,-0.009966,0.531783,-0.176113,0.828366,-0.361136,0.837587,0.409911,-0.76602,-0.517137,0.381813,0.023986,-0.015818,-0.021594,0.146133,1.62853,-2.23248,0.032044,0.094533,0.078746,-0.095492,0.085994,0.702503,-0.706464,0.245737,0.672228,0.698371,0.965513,-0.23366,-0.114823,0.001788,-0.056178,0.023529,0.433236,1.014748,0.098565,-0.946615
2278,0.186402,0.076134,0.261321,-0.209722,-0.653419,-0.727396,-0.353287,-0.643054,0.679441,-0.911461,0.400284,-0.095072,0.004006,-0.117531,0.061184,0.479628,1.688724,0.225257,-1.908885,-0.200285,0.021022,0.341422,-0.652157,0.19408,0.732813,0.373907,-0.758427,0.533774,0.660179,0.621857,0.421095,0.060983,-0.022009,-0.05382,0.158687,1.807421,-2.513596,0.137518,0.027357,0.05499,-0.010861,0.489258,-0.154675,0.858313,-0.381882,0.846793,0.37028,-0.784087,-0.508937,0.355233,0.030725,-0.016469,-0.022802,0.014207,0.16278,-0.242159,0.006897,0.0945,0.076359,-0.094412,0.140354,0.692396,-0.707733,0.218159,0.675614,0.704238,0.965767,-0.253241,-0.056227,0.002194,-0.064561,0.033716,1.445857,2.197381,-1.190421,-0.972578
2279,0.186504,0.073755,0.262718,-0.228787,-0.644095,-0.729961,-0.332304,-0.653149,0.680398,-0.914736,0.399034,-0.06369,0.004445,-0.123303,0.074216,0.481043,1.71565,0.234988,-1.910404,-0.199076,0.020528,0.340456,-0.641887,0.189972,0.742888,0.381352,-0.761298,0.524338,0.665953,0.619621,0.415258,0.061376,-0.020175,-0.052726,0.051846,0.423279,-0.622122,0.132234,0.02796,0.054739,-0.011348,0.476005,-0.147603,0.866966,-0.388052,0.849403,0.357672,-0.789197,-0.506682,0.347043,0.030886,-0.016097,-0.022679,0.041673,0.839712,-1.195581,0.000365,0.094551,0.075166,-0.093724,0.160806,0.685875,-0.709729,0.195703,0.682652,0.70405,0.967388,-0.252112,-0.024453,0.008596,-0.060818,0.037683,1.494953,2.30888,-1.340781,-0.99152
2280,0.186849,0.068783,0.265972,-0.237542,-0.649092,-0.722703,-0.244009,-0.680282,0.69112,-0.939952,0.34132,0.004116,0.005335,-0.141335,0.093669,4.161852,-2.110871,0.121095,-1.910642,-0.196237,0.019674,0.338341,-0.628101,0.186522,0.75544,0.390923,-0.763669,0.513733,0.673496,0.617753,0.405767,0.074894,-0.022714,-0.056179,-0.163639,0.638041,-0.406297,0.128126,0.029375,0.054317,-0.0124,0.461259,-0.140426,0.876081,-0.394929,0.851695,0.344448,-0.794525,-0.50487,0.337394,0.04383,-0.005721,-0.032556,-0.242413,0.689514,-0.067138,-0.010248,0.094724,0.07269,-0.092102,0.172352,0.691245,-0.701765,0.107722,0.694927,0.710965,0.979127,-0.198132,0.04531,0.002443,-0.06456,0.04393,0.675452,1.339242,-0.483439,-1.012421
2281,0.186719,0.062667,0.27027,-0.263274,-0.66484,-0.699085,-0.155123,-0.68606,0.710796,-0.951857,0.296402,0.078365,-0.01984,-0.155452,0.118965,0.180706,2.139898,-0.160106,-1.910945,-0.192809,0.018778,0.335632,-0.611946,0.185275,0.768887,0.400294,-0.765783,0.503264,0.682789,0.615511,0.393458,0.100856,-0.02276,-0.075722,0.056492,0.287636,-0.338984,0.124918,0.031042,0.05389,-0.013708,0.4425,-0.137777,0.886121,-0.402472,0.852509,0.333532,-0.80138,-0.504227,0.321784,0.050392,-0.01207,-0.038433,0.070265,0.276437,-0.383566,-0.013514,0.094672,0.069695,-0.090015,0.187932,0.710758,-0.677867,0.014452,0.688088,0.725482,0.982075,-0.146138,0.119042,-0.003216,-0.08374,0.062282,2.358831,2.103019,-1.985746,-1.021728
2282,0.186441,0.059487,0.272733,-0.283152,-0.667217,-0.688979,-0.126516,-0.68613,0.716374,-0.950358,0.290836,0.110729,-0.019208,-0.175245,0.136606,-0.075892,2.171641,-0.253017,-1.910853,-0.190796,0.018257,0.334134,-0.605992,0.185852,0.773449,0.402845,-0.766596,0.49998,0.686584,0.614323,0.388681,0.114316,-0.028655,-0.081973,0.083481,0.161474,-0.180285,0.119511,0.032081,0.053627,-0.014481,0.435452,-0.136999,0.889726,-0.404443,0.853214,0.32932,-0.804243,-0.503247,0.316125,0.057145,-0.014819,-0.041422,0.091719,0.235889,-0.370648,-0.017433,0.09453,0.06805,-0.088742,0.208832,0.715476,-0.666694,-0.015218,0.68402,0.729303,0.977832,-0.142156,0.153734,-0.009633,-0.087176,0.068754,0.033273,2.24412,-0.119865,-1.022055
2283,0.185432,0.052234,0.278717,-0.358064,-0.649699,-0.670617,-0.088604,-0.691367,0.717031,-0.929055,0.316967,0.190829,-0.018881,-0.189436,0.161426,0.339408,2.866074,0.269292,-1.911119,-0.185858,0.016801,0.330641,-0.595357,0.18269,0.78241,0.406986,-0.77094,0.489845,0.693405,0.609826,0.38362,0.141948,-0.042434,-0.097008,0.093115,0.166207,-0.194888,0.084672,0.03454,0.052912,-0.016214,0.423883,-0.131482,0.896122,-0.406207,0.85672,0.317845,-0.809517,-0.49874,0.309739,0.064582,-0.027503,-0.044631,0.05637,0.222572,-0.283123,-0.043397,0.094039,0.064502,-0.085817,0.280454,0.71115,-0.644677,-0.052979,0.682076,0.729358,0.958403,-0.170397,0.228967,-0.009484,-0.094505,0.080904,0.50778,2.879642,0.592919,-1.014543
2284,0.184626,0.044794,0.285299,-0.430113,-0.619824,-0.656404,-0.055625,-0.707531,0.70447,-0.900542,0.340282,0.270664,-0.018892,-0.194444,0.177159,0.752403,2.185252,0.295097,-1.911089,-0.180308,0.014388,0.326645,-0.577294,0.165855,0.799509,0.431274,-0.769384,0.471154,0.693974,0.616586,0.371599,0.144573,-0.071377,-0.107036,-0.253092,1.488546,-2.495797,0.054933,0.037313,0.051723,-0.018202,0.407088,-0.112564,0.906426,-0.425539,0.854724,0.297259,-0.808205,-0.506731,0.300047,0.072255,-0.036734,-0.054436,-1.272871,-0.617074,-0.88303,-0.083239,0.093624,0.06072,-0.082464,0.359406,0.690846,-0.627342,-0.087809,0.694315,0.714293,0.92904,-0.201636,0.310203,-0.009498,-0.097543,0.088286,1.761306,1.711696,0.247838,-1.009971
2285,0.184262,0.040954,0.288786,-0.455332,-0.61083,-0.647769,-0.024828,-0.718584,0.694977,-0.889426,0.333285,0.312841,-0.01909,-0.193328,0.179415,1.584464,1.398038,-0.118899,-1.909579,-0.177288,0.012746,0.324383,-0.568085,0.155845,0.808074,0.446082,-0.766719,0.461612,0.692195,0.622499,0.364999,0.146834,-0.09049,-0.108099,-0.100396,0.305746,-0.536597,0.031003,0.038767,0.050939,-0.019289,0.396313,-0.100198,0.912631,-0.439105,0.852282,0.284255,-0.806301,-0.513395,0.293773,0.073334,-0.046313,-0.054934,-1.24944,1.0632,-3.150754,-0.107406,0.093442,0.058804,-0.080717,0.386295,0.685085,-0.617602,-0.118537,0.700899,0.703341,0.914726,-0.198489,0.351962,-0.009665,-0.09724,0.089084,4.333498,-0.943519,-1.078859,-1.01389
2286,0.183655,0.032889,0.296087,-0.505535,-0.590918,-0.628725,0.032707,-0.741307,0.670347,-0.861573,0.319051,0.394873,-0.019531,-0.195894,0.179349,0.597667,2.334423,0.329107,-1.910054,-0.171334,0.009032,0.319873,-0.560833,0.142521,0.815565,0.455586,-0.769282,0.447863,0.691909,0.622549,0.365455,0.150464,-0.096938,-0.118981,0.151421,0.033528,-0.454548,-0.037144,0.04174,0.049084,-0.021551,0.388473,-0.085404,0.917493,-0.446517,0.853536,0.26851,-0.806045,-0.513986,0.293442,0.082055,-0.048545,-0.060102,0.249499,-0.136222,-0.540763,-0.186602,0.09314,0.054785,-0.077054,0.437498,0.672956,-0.596426,-0.178744,0.715118,0.675762,0.881274,-0.189037,0.43315,-0.002914,-0.103857,0.092892,0.828348,2.552885,0.515292,-1.013074
2287,0.183356,0.024974,0.302998,-0.553074,-0.55949,-0.617354,0.061893,-0.766553,0.63917,-0.830158,0.31599,0.459364,-0.005997,-0.212924,0.183382,0.617219,2.168334,0.442881,-1.910451,-0.165535,0.004815,0.315482,-0.57951,0.112825,0.807113,0.468213,-0.764399,0.443175,0.667661,0.634576,0.389109,0.141348,-0.109869,-0.117176,0.437526,-0.62741,-0.510069,-0.040009,0.044699,0.046929,-0.023797,0.41067,-0.059626,0.909832,-0.458954,0.848709,0.262778,-0.787852,-0.525487,0.321173,0.078111,-0.060559,-0.055289,0.465623,-0.658648,-0.717589,-0.222363,0.092985,0.05084,-0.073594,0.488469,0.649206,-0.583034,-0.209294,0.735835,0.644004,0.847109,-0.19255,0.495307,-0.003245,-0.100744,0.087931,0.505291,2.003181,0.331251,-1.004909
2288,0.183106,0.017081,0.309884,-0.588646,-0.540114,-0.601513,0.091875,-0.783966,0.613945,-0.802436,0.3068,0.511856,-0.006874,-0.190526,0.17017,0.828402,1.474309,0.066063,-1.911108,-0.159948,0.000432,0.311031,-0.617657,0.08622,0.781702,0.456666,-0.76979,0.445885,0.640944,0.632265,0.43508,0.131788,-0.113604,-0.106639,0.257136,-2.599172,1.74152,-0.10015,0.047546,0.044679,-0.026084,0.455148,-0.037851,0.88961,-0.44759,0.853968,0.265333,-0.769742,-0.518947,0.37174,0.065921,-0.05672,-0.053304,0.318572,-2.673733,1.656058,-0.254531,0.092858,0.04681,-0.070085,0.527603,0.63437,-0.564985,-0.240033,0.749312,0.617183,0.814873,-0.190013,0.547609,-0.003522,-0.095693,0.084693,0.701567,1.398905,0.005512,-1.005073
2289,0.183002,0.013212,0.313315,-0.598914,-0.538275,-0.592965,0.111163,-0.789166,0.604012,-0.79233,0.296501,0.533223,-0.007296,-0.179123,0.163497,0.750039,1.318253,-0.059587,-1.910482,-0.15731,-0.001523,0.309003,-0.648156,0.071957,0.758094,0.441969,-0.775025,0.45159,0.62083,0.627658,0.469552,0.13304,-0.102414,-0.09806,0.357264,-3.052764,1.936361,-0.11855,0.048815,0.043726,-0.027075,0.488323,-0.029356,0.872168,-0.434606,0.858492,0.272229,-0.756741,-0.511985,0.406463,0.065967,-0.045177,-0.052594,0.783444,-1.518773,-0.342401,-0.282291,0.092808,0.044941,-0.068433,0.536898,0.634068,-0.556505,-0.258731,0.751608,0.606748,0.802993,-0.181776,0.56759,-0.003568,-0.096177,0.084754,1.154265,0.252009,-0.742622,-1.004256
2290,0.182737,0.006388,0.319405,-0.605144,-0.541311,-0.583806,0.139536,-0.794082,0.591554,-0.783053,0.277182,0.556799,-0.008222,-0.161305,0.144935,0.054335,0.787428,-0.162968,-1.910483,-0.152281,-0.004562,0.305606,-0.726489,0.038377,0.686099,0.399073,-0.789116,0.466873,0.560224,0.612928,0.557074,0.11875,-0.061306,-0.077424,1.017276,-2.711049,0.594619,-0.095253,0.051382,0.042143,-0.028835,0.583904,-0.012674,0.811723,-0.392782,0.870646,0.296137,-0.710477,-0.491746,0.503395,0.05936,-0.029437,-0.037526,1.027242,-2.763434,0.608251,-0.292251,0.092673,0.041467,-0.065322,0.544134,0.636898,-0.546148,-0.287568,0.7531,0.591729,0.788175,-0.164926,0.592939,-0.004202,-0.081095,0.072065,-0.019151,0.738133,-0.195349,-1.009971
2291,0.18178,-0.000109,0.324904,-0.614267,-0.545845,-0.56989,0.160932,-0.793681,0.586637,-0.771761,0.269312,0.576092,-0.037121,-0.159121,0.130926,0.124013,0.895643,0.056934,-1.910562,-0.147894,-0.006034,0.30372,-0.814153,0.00406,0.580629,0.337895,-0.80975,0.479652,0.473122,0.586692,0.657124,0.088433,-0.01794,-0.029598,1.250933,-3.303175,1.242966,-0.089339,0.053545,0.041384,-0.029801,0.690438,0.001454,0.723389,-0.334149,0.88756,0.317144,-0.641591,-0.460689,0.613291,0.051424,-0.00711,-0.013761,0.731561,-4.511429,2.702907,-0.280168,0.092208,0.038284,-0.062617,0.549913,0.643532,-0.532411,-0.307749,0.748719,0.58712,0.776457,-0.159016,0.609776,-0.018643,-0.080132,0.064947,-0.281505,0.46439,-0.197205,-1.016176
2292,0.181158,-0.003042,0.327216,-0.61814,-0.549615,-0.562023,0.170138,-0.791578,0.586881,-0.766677,0.267833,0.583523,-0.038145,-0.141504,0.110829,1.149119,-0.054229,-0.885167,-1.909925,-0.146367,-0.006015,0.303525,-0.840832,-0.009922,0.541197,0.312861,-0.824652,0.47117,0.442669,0.565504,0.695782,0.072406,0.005611,-0.002766,1.445231,-1.874459,0.543965,-0.08262,0.054316,0.041376,-0.029918,0.726388,0.009469,0.687218,-0.306283,0.899585,0.311345,-0.615264,-0.436641,0.656349,0.028234,0.010061,-0.002806,2.070805,-0.654282,-0.849036,-0.276085,0.091896,0.036812,-0.061453,0.553392,0.647084,-0.524442,-0.31487,0.745442,0.587514,0.771111,-0.159994,0.616269,-0.012208,-0.071099,0.054797,2.976353,-2.720993,-3.290914,-1.016013
2293,0.179866,-0.007777,0.330591,-0.60935,-0.558459,-0.562905,0.187507,-0.791285,0.581963,-0.769664,0.24976,0.587592,-0.026162,-0.093544,0.062771,-0.164298,0.244238,-0.152186,-1.910637,-0.14517,-0.005276,0.304492,-0.837213,-0.047448,0.544806,0.323337,-0.846245,0.423388,0.441991,0.530681,0.723109,0.00043,0.005751,0.045879,-2.504247,-2.69597,-3.248423,-0.075052,0.054941,0.041773,-0.02941,0.726901,0.047506,0.685097,-0.303513,0.917109,0.258439,-0.616031,-0.395796,0.681066,4.9e-05,0.00458,0.024761,-2.678221,-2.505028,-3.140523,-0.267105,0.091235,0.034386,-0.059728,0.544429,0.65423,-0.524955,-0.333889,0.743143,0.579875,0.769489,-0.140424,0.623029,-0.013153,-0.047229,0.030983,-0.253718,0.193243,-0.193149,-1.022218
2294,0.178629,-0.010966,0.332573,-0.582565,-0.572071,-0.577407,0.209904,-0.792198,0.573005,-0.784497,0.213319,0.582312,-0.027423,-0.064367,0.034307,0.004475,-0.520368,0.612001,-1.910497,-0.146216,-0.005166,0.306655,-0.812881,-0.036843,0.581255,0.334716,-0.846141,0.414662,0.477555,0.531672,0.699378,-0.04202,-0.001558,0.06269,-0.668652,0.488354,0.336024,-0.050357,0.054444,0.041852,-0.028344,0.695491,0.044632,0.717147,-0.314358,0.916382,0.247834,-0.646119,-0.397807,0.651366,-0.021046,-0.000727,0.031429,-0.295146,0.205604,0.055148,-0.253062,0.090626,0.032811,-0.058755,0.516285,0.66466,-0.540069,-0.355727,0.740074,0.570743,0.779042,-0.102549,0.618527,-0.020859,-0.03265,0.016993,0.396363,-1.742031,1.997179,-1.024667
2295,0.177192,-0.012849,0.333348,-0.552127,-0.583155,-0.595929,0.213188,-0.78973,0.575195,-0.805366,0.191256,0.561101,-0.028442,-0.031572,0.008907,-0.572091,-0.739465,-0.055501,-1.910371,-0.147699,-0.004685,0.309436,-0.821914,-0.031425,0.568737,0.334081,-0.835153,0.436856,0.462274,0.5491,0.696172,-0.029887,0.030142,0.073381,-0.974678,-1.611155,1.547262,-0.004852,0.053704,0.042068,-0.026971,0.704583,0.036158,0.708699,-0.319198,0.90811,0.271011,-0.633778,-0.417165,0.651381,-0.014435,0.010035,0.041325,-0.727615,-0.035958,0.385069,-0.21975,0.089896,0.031837,-0.058363,0.486246,0.670469,-0.560388,-0.358763,0.737941,0.571604,0.796777,-0.076894,0.599361,-0.014241,-0.015852,0.00442,-0.753864,-0.882776,-0.10941,-1.011604
2296,0.176474,-0.013271,0.333442,-0.538355,-0.580906,-0.610548,0.20236,-0.792411,0.57542,-0.817401,0.186947,0.544916,-0.042922,-0.017102,0.004107,-0.16108,-2.334183,2.092706,-1.909978,-0.148341,-0.004011,0.311013,-0.829359,-0.03025,0.557889,0.331615,-0.830123,0.448175,0.450589,0.556738,0.697765,-0.030275,0.03871,0.081367,-0.390631,0.177673,0.093065,0.033443,0.053378,0.0424,-0.026186,0.715228,0.033078,0.698107,-0.318728,0.904394,0.283693,-0.62198,-0.425412,0.657392,-0.015248,0.019894,0.041305,-1.210103,-1.454184,1.911349,-0.189215,0.089563,0.031628,-0.058322,0.474751,0.668073,-0.572964,-0.349537,0.740585,0.573896,0.807734,-0.072186,0.58511,-0.014329,-0.008812,0.001619,-0.342814,-0.371892,-0.12768,-1.001154
2297,0.175412,-0.013284,0.333213,-0.50194,-0.58727,-0.634992,0.17764,-0.788526,0.588763,-0.845849,0.18345,0.500912,-0.014766,0.006016,-0.012579,-0.754172,-1.13651,0.019424,-1.910131,-0.149595,-0.002075,0.314295,-0.851954,-0.024536,0.523033,0.313096,-0.82435,0.471542,0.420653,0.56552,0.709297,-0.030587,0.049851,0.090535,-0.237534,-0.796472,0.828962,0.140105,0.052739,0.04339,-0.024505,0.742017,0.02055,0.670065,-0.306079,0.899652,0.311354,-0.596427,-0.436123,0.673847,-0.023095,0.030571,0.042173,-0.63794,-2.177167,2.063869,-0.081443,0.089005,0.031616,-0.058434,0.43693,0.668166,-0.602199,-0.323334,0.741405,0.588024,0.839372,-0.062215,0.539983,-0.007381,0.003097,-0.006189,-0.810323,-1.185557,-0.010844,-0.98711
2298,0.174614,-0.013196,0.332566,-0.456429,-0.597281,-0.659525,0.154388,-0.783162,0.602324,-0.875706,0.173834,0.450498,-0.015106,-0.001093,-0.019179,-0.657124,-1.162627,0.195561,-1.909462,-0.151367,-0.000109,0.317967,-0.85989,-0.018653,0.510131,0.302353,-0.823616,0.479764,0.412273,0.566804,0.713181,-0.043097,0.039479,0.098521,-0.084804,-0.170253,0.241927,0.196772,0.051857,0.044393,-0.022656,0.751925,0.012265,0.659134,-0.296791,0.899072,0.321842,-0.588662,-0.437627,0.679675,-0.029254,0.024966,0.045726,-0.037368,-0.273543,0.401558,0.034656,0.088612,0.031671,-0.05874,0.391771,0.672028,-0.628405,-0.30073,0.73902,0.602835,0.869526,-0.047193,0.491626,-0.014692,-0.000285,-0.009124,-0.870426,-1.377206,0.076376,-0.982049
2299,0.174245,-0.013273,0.332226,-0.429454,-0.604734,-0.670754,0.15072,-0.780314,0.606932,-0.889899,0.160301,0.427095,-0.014948,-0.012998,-0.011647,-0.733004,-1.251524,0.152113,-1.909765,-0.152411,0.00052,0.319739,-0.857499,-0.018432,0.514147,0.304349,-0.82374,0.478288,0.415775,0.566631,0.711283,-0.056276,0.028468,0.088547,-0.099147,-0.001686,-0.017343,0.201025,0.051339,0.044732,-0.021747,0.748907,0.012638,0.662554,-0.298332,0.899198,0.320063,-0.591723,-0.437359,0.677185,-0.02121,0.015027,0.044351,-0.085512,-0.001302,0.008554,0.060946,0.088428,0.031634,-0.058915,0.365085,0.67533,-0.640813,-0.29743,0.736861,0.607099,0.882182,-0.031046,0.469881,-0.007601,-0.001652,-0.01061,-0.744967,-1.374061,0.071222,-0.97617
2300,0.173745,-0.013513,0.331612,-0.376382,-0.617615,-0.690604,0.144952,-0.775499,0.614461,-0.914597,0.131931,0.382274,-0.000452,-0.009168,-0.008545,-0.466763,-0.867614,0.172186,-1.912166,-0.154462,0.001105,0.322818,-0.838896,-0.023968,0.543756,0.323462,-0.825265,0.462865,0.438691,0.564207,0.699346,-0.040925,0.01252,0.070957,-0.087105,0.037361,-0.046533,0.25469,0.050307,0.045042,-0.02019,0.725918,0.023333,0.687384,-0.314118,0.900349,0.301164,-0.611859,-0.43454,0.660909,-0.027456,0.004729,0.03481,-0.052839,0.19071,-0.211115,0.108464,0.088171,0.031501,-0.059234,0.310231,0.680907,-0.663415,-0.290865,0.732366,0.615659,0.90507,0.001968,0.425255,-0.007482,0.001061,-0.008115,-0.528344,-0.877229,-0.072471,-0.962453
2301,0.173516,-0.013392,0.331508,-0.349334,-0.626284,-0.696979,0.142915,-0.770756,0.620872,-0.925611,0.118057,0.35963,-0.014161,0.00367,0.003822,-0.164368,-0.384312,0.119635,-1.912864,-0.156173,0.001404,0.325054,-0.817027,-0.027441,0.575939,0.344255,-0.824358,0.449283,0.463465,0.565378,0.68221,-0.040922,0.005502,0.045602,0.49457,2.141634,-2.021708,0.307483,0.049461,0.045193,-0.019072,0.701228,0.031289,0.712249,-0.330996,0.899127,0.286376,-0.631443,-0.436567,0.640849,-0.020471,0.00199,0.022138,-0.121666,0.154585,-0.200382,0.190436,0.088062,0.031546,-0.059301,0.282025,0.685611,-0.671117,-0.28861,0.72774,0.622173,0.914967,0.018223,0.403115,0.000134,0.002554,0.002393,-0.132855,-0.341896,-0.001553,-0.941063
2302,0.173181,-0.013247,0.331709,-0.334502,-0.632408,-0.698723,0.14799,-0.767489,0.623724,-0.930297,0.106015,0.351193,-0.014111,0.004448,0.004536,-0.179836,-0.336093,0.037437,-1.913586,-0.157245,0.001661,0.32594,-0.799733,-0.029178,0.59964,0.361032,-0.821257,0.441733,0.48056,0.569791,0.666531,-0.014292,0.008834,0.009341,-0.381122,0.700166,-0.326128,0.363748,0.048905,0.045331,-0.018597,0.679051,0.039652,0.733019,-0.346932,0.897324,0.272849,-0.646937,-0.439586,0.623085,-0.014075,0.002905,0.003995,-0.357385,0.769696,-0.296116,0.256568,0.087895,0.031629,-0.059191,0.26749,0.688994,-0.673599,-0.293898,0.7241,0.623941,0.917645,0.031072,0.396183,0.000202,-0.003568,0.006009,-0.314064,-0.418075,-0.023606,-0.940899
2303,0.173092,-0.013334,0.331924,-0.326678,-0.633413,-0.701508,0.14297,-0.766812,0.625724,-0.933863,0.104898,0.341939,0.000424,-0.006652,0.012443,-0.169488,-0.28246,0.079227,-1.913091,-0.157619,0.001768,0.325963,-0.793835,-0.031004,0.607336,0.36778,-0.819693,0.439062,0.485199,0.571945,0.661306,-0.013953,0.000465,0.001766,-0.072911,0.266936,-0.33667,0.386085,0.048717,0.045385,-0.018585,0.671378,0.041198,0.739968,-0.353642,0.895258,0.271017,-0.651297,-0.443638,0.615626,-0.007485,0.004939,-0.003931,-0.016402,0.325443,-0.511119,0.296738,0.087845,0.031592,-0.059084,0.258919,0.689108,-0.676823,-0.288256,0.723914,0.626782,0.921883,0.032813,0.386074,0.000194,-0.003621,0.005957,-0.157925,-0.266202,0.055251,-0.93845
2304,0.173013,-0.01355,0.332172,-0.31132,-0.63614,-0.706011,0.133492,-0.764844,0.63021,-0.940506,0.102736,0.323916,-5.6e-05,-0.001085,-0.001008,-0.050193,-0.172015,0.132411,-1.912381,-0.158071,0.002137,0.325438,-0.807182,-0.022763,0.589857,0.359885,-0.810891,0.461381,0.468808,0.584723,0.661952,-0.001952,0.017956,-0.020099,-0.726171,-1.737021,1.917536,0.388872,0.048487,0.045544,-0.018857,0.684925,0.030977,0.727954,-0.351741,0.889021,0.293118,-0.638087,-0.456815,0.619809,-0.00094,0.0081,-0.010834,-0.196021,0.129905,0.147838,0.330702,0.087806,0.031491,-0.058946,0.243236,0.689647,-0.682071,-0.278623,0.723232,0.631904,0.929088,0.036339,0.368068,5.7e-05,-0.006325,0.003438,-0.018897,-0.10427,0.143659,-0.943838
2305,0.172678,-0.013861,0.33199,-0.307278,-0.63413,-0.70958,0.130904,-0.766739,0.628449,-0.942201,0.101005,0.319501,-0.000503,-0.009577,-0.008922,-0.000975,0.014103,-0.025116,-1.912495,-0.157654,0.003133,0.32464,-0.817782,-0.005124,0.575497,0.341863,-0.808594,0.478788,0.463905,0.588288,0.662248,0.010676,0.034623,-0.024496,0.586797,1.889118,-1.562511,0.420474,0.048691,0.046019,-0.019268,0.699517,0.009023,0.714558,-0.335809,0.886791,0.317543,-0.630799,-0.462082,0.623355,0.012289,0.017809,-0.012476,0.035377,-0.070619,0.342451,0.349481,0.087639,0.031345,-0.059028,0.240371,0.686778,-0.685971,-0.276803,0.725845,0.629705,0.930377,0.038516,0.364574,-0.007447,-0.005185,-0.00463,0.00859,-0.060803,0.122884,-0.944982
2306,0.172495,-0.014033,0.331792,-0.306503,-0.632838,-0.711067,0.130474,-0.767907,0.62711,-0.942515,0.100217,0.318826,-0.014836,-0.008945,-0.00796,0.003767,-0.069848,0.11793,-1.912502,-0.157268,0.003705,0.32423,-0.814787,0.002418,0.579748,0.340236,-0.807527,0.48174,0.470338,0.589759,0.656376,0.011737,0.022988,-0.016853,0.38414,2.033442,-1.492285,0.450096,0.048874,0.046302,-0.019468,0.695154,0.003419,0.718851,-0.334912,0.886371,0.319655,-0.636076,-0.462962,0.617309,0.005348,0.016986,-0.012542,-0.307369,0.253702,0.550543,0.378546,0.087553,0.031251,-0.059127,0.240047,0.685549,-0.687313,-0.276515,0.726971,0.628532,0.930546,0.039176,0.364071,-0.007431,-0.004781,-0.004261,-0.003116,0.032141,-0.052779,-0.944818
2307,0.172032,-0.013946,0.331508,-0.30784,-0.630376,-0.712675,0.131787,-0.770086,0.624157,-0.941894,0.098998,0.321031,-0.014562,0.010795,-0.00821,0.073588,-0.051833,0.186083,-1.912717,-0.15659,0.00432,0.323597,-0.804157,0.017329,0.594157,0.335259,-0.812037,0.477631,0.49175,0.583261,0.646414,0.013056,0.005608,-0.014441,0.273807,0.284837,0.383343,0.493757,0.049227,0.046636,-0.019789,0.67854,-0.008776,0.73451,-0.329828,0.889821,0.315326,-0.65635,-0.456224,0.600885,0.006552,0.002539,-0.007472,0.307827,0.242023,0.372301,0.444679,0.08732,0.031273,-0.05929,0.242046,0.683199,-0.688949,-0.278119,0.729121,0.625325,0.929549,0.040253,0.366492,-0.007169,0.00018,0.000367,0.01714,0.05303,-0.008279,-0.947104
2308,0.17144,-0.013898,0.331514,-0.307264,-0.62954,-0.713662,0.131557,-0.770845,0.623267,-0.942115,0.098399,0.320567,-0.01435,0.000241,0.0006,-0.000977,0.014724,-0.029548,-1.912794,-0.155957,0.004387,0.322911,-0.793101,0.020196,0.608748,0.343209,-0.810707,0.474231,0.504076,0.585012,0.635241,0.027176,0.001239,-0.01982,-0.043222,0.160612,-0.093396,0.521684,0.049533,0.046669,-0.020125,0.665031,-0.008952,0.746761,-0.336891,0.88881,0.310676,-0.66651,-0.458187,0.588071,0.007206,-0.005323,-0.005545,-0.055434,0.04749,0.04368,0.494809,0.087025,0.031307,-0.059284,0.241526,0.682223,-0.690098,-0.277691,0.730004,0.624485,0.929812,0.040805,0.365762,-0.007169,0.000213,0.000395,0.002397,-0.084416,0.142831,-0.948574
2309,0.171077,-0.013888,0.331603,-0.309938,-0.625996,-0.715621,0.12619,-0.773116,0.621562,-0.94197,0.103115,0.319508,7.5e-05,0.00131,0.001224,0.0,0.0,0.0,-1.912752,-0.155324,0.004228,0.322333,-0.789094,0.020185,0.613933,0.347071,-0.809836,0.472907,0.507708,0.586217,0.631225,0.013201,0.003128,-0.016769,0.036133,-0.009134,0.023835,0.527794,0.049855,0.046578,-0.020425,0.660206,-0.007666,0.751045,-0.340583,0.888177,0.308455,-0.669426,-0.459437,0.583768,0.007164,-0.004078,-0.004435,-0.005207,0.098403,-0.168488,0.514731,0.086838,0.031313,-0.059238,0.244838,0.679167,-0.691943,-0.272609,0.733096,0.6231,0.93045,0.036072,0.364637,4.1e-05,0.000732,0.000693,-0.000443,0.000516,0.000411,-0.949717
2310,0.170914,-0.01388,0.331573,-0.311019,-0.62464,-0.716336,0.120273,-0.773531,0.622219,-0.942387,0.108138,0.316607,-0.000104,-0.001798,-0.00168,-0.077845,-0.034077,-0.019876,-1.912926,-0.155054,0.004196,0.322193,-0.789793,0.020036,0.613039,0.346903,-0.809522,0.473568,0.506735,0.586656,0.631599,0.014056,-0.002596,-0.003767,-0.525369,-1.819402,1.791244,0.526948,0.049991,0.046555,-0.020508,0.659111,-0.006788,0.752015,-0.341451,0.888249,0.307286,-0.670063,-0.459311,0.583136,0.00704,-0.001381,-0.001969,0.00324,-0.016511,0.0283,0.516853,0.086757,0.031324,-0.059248,0.246022,0.678047,-0.692622,-0.266648,0.734359,0.624192,0.931864,0.031121,0.361468,-5.8e-05,-0.00104,-0.000963,-0.061535,-0.020225,-0.011997,-0.950534
2311,0.170571,-0.014011,0.331431,-0.307981,-0.624479,-0.717788,0.118657,-0.773787,0.622211,-0.943592,0.107231,0.313309,-0.000495,0.005429,-0.013614,0.040157,-0.097225,0.165928,-1.91274,-0.154575,0.004396,0.322231,-0.796959,0.022166,0.603619,0.341017,-0.808166,0.480113,0.499454,0.588443,0.635723,0.013583,0.007081,0.005088,0.003947,-0.03066,0.053554,0.523122,0.05023,0.046647,-0.020497,0.669622,-0.01148,0.742612,-0.336075,0.886972,0.316754,-0.662313,-0.461679,0.590078,-0.000152,0.003174,0.002896,0.004241,-0.008409,0.017527,0.517997,0.086586,0.031258,-0.059312,0.243222,0.67752,-0.694124,-0.26525,0.734794,0.624274,0.932997,0.032279,0.35843,-0.007336,-0.00257,-0.002213,0.01102,-0.078079,0.146266,-0.951187
2312,0.170331,-0.014181,0.33118,-0.304697,-0.623898,-0.719692,0.117011,-0.774423,0.621731,-0.944867,0.105999,0.309868,-0.000512,0.005162,-0.013876,0.040292,-0.097078,0.166009,-1.912984,-0.154322,0.004546,0.322698,-0.798252,0.020581,0.601964,0.3404,-0.808941,0.479245,0.497806,0.587437,0.637942,0.013321,0.012027,0.00958,0.012424,-0.052344,0.073263,0.52045,0.050362,0.046729,-0.020257,0.671383,-0.010034,0.741042,-0.335206,0.887671,0.315715,-0.66097,-0.460368,0.592603,0.006643,0.006276,0.005024,-0.005589,-0.03431,0.086134,0.516364,0.086465,0.031169,-0.059441,0.240192,0.676472,-0.696198,-0.263722,0.735693,0.623863,0.934215,0.033756,0.355108,-0.007337,-0.002505,-0.002165,0.001528,0.032657,-0.052562,-0.951513
2313,0.170184,-0.014217,0.331051,-0.302167,-0.624568,-0.720177,0.115852,-0.773958,0.622527,-0.945825,0.105445,0.307124,-0.000495,0.005468,-0.013593,-0.022423,-0.183016,0.11868,-1.913062,-0.154232,0.004602,0.323028,-0.799065,0.018653,0.600949,0.340346,-0.809775,0.477874,0.496536,0.586354,0.639925,0.014406,0.001295,0.017984,-0.008388,-0.044205,0.018249,0.520521,0.050402,0.046756,-0.0201,0.672542,-0.008198,0.740013,-0.334839,0.888364,0.314151,-0.659977,-0.459066,0.594717,0.000267,0.0001,0.009185,-0.025243,-0.014058,-8.3e-05,0.5162,0.086392,0.03115,-0.059506,0.237676,0.676737,-0.696804,-0.262432,0.735421,0.624728,0.935221,0.034381,0.35239,-0.007326,-0.002293,-0.001969,-0.076171,-0.073493,-0.111057,-0.952003
2314,0.169839,-0.014233,0.33082,-0.301715,-0.623935,-0.720915,0.116005,-0.774565,0.621743,-0.945951,0.10473,0.30698,-0.000367,0.007565,-0.011629,0.035657,-0.012327,0.018633,-1.912629,-0.154073,0.0048,0.323628,-0.799827,0.019152,0.599917,0.339793,-0.809311,0.47905,0.495686,0.586977,0.640013,-0.000601,0.011877,0.010764,0.001919,-0.015372,0.024298,0.521753,0.050486,0.04686,-0.019789,0.673355,-0.009174,0.739261,-0.334581,0.887887,0.31577,-0.659278,-0.459969,0.594794,0.007159,0.001186,0.009457,-0.031601,-0.035297,0.05993,0.516527,0.086219,0.031141,-0.05963,0.237295,0.675975,-0.697674,-0.26276,0.736078,0.623815,0.935226,0.035293,0.352287,-0.000179,0.003805,-0.005787,0.036773,-0.01069,0.019551,-0.952166
2315,0.16966,-0.014055,0.330584,-0.298064,-0.624566,-0.721887,0.108297,-0.77351,0.62444,-0.948023,0.108717,0.299098,-0.014389,-4.4e-05,0.00031,-0.196617,-0.361584,-0.01036,-1.912445,-0.153931,0.005052,0.324167,-0.800373,0.019516,0.599177,0.339406,-0.808962,0.479914,0.495069,0.587446,0.64006,-0.000508,0.009924,0.008956,0.001912,-0.015351,0.024312,0.523134,0.050558,0.046988,-0.019517,0.673966,-0.009668,0.738698,-0.334409,0.887613,0.316722,-0.658741,-0.460487,0.594988,0.007205,8.2e-05,0.008437,-0.032551,-0.020888,0.03495,0.518323,0.086134,0.031223,-0.059747,0.234993,0.675692,-0.698725,-0.255645,0.736511,0.626255,0.937775,0.03146,0.345812,-7.9e-05,0.00538,-0.004307,-0.38241,-0.521307,-0.262738,-0.952656
2316,0.169636,-0.013915,0.330478,-0.29326,-0.626313,-0.722341,0.106204,-0.772231,0.62638,-0.949762,0.107751,0.293886,-0.014523,0.011241,-0.007818,-0.247212,-0.493575,-0.058104,-1.91262,-0.153886,0.005207,0.324343,-0.800406,0.019545,0.599132,0.339398,-0.808917,0.479996,0.495021,0.587507,0.640041,0.013355,0.01015,0.007764,0.003957,-0.030554,0.053559,0.522976,0.050575,0.047069,-0.019425,0.674003,-0.009702,0.738664,-0.334423,0.887578,0.316806,-0.658696,-0.460554,0.594985,-0.000238,0.00448,0.004034,-0.01128,0.090557,-0.143487,0.51914,0.086117,0.031299,-0.059802,0.229827,0.676657,-0.699509,-0.253375,0.735564,0.628287,0.93967,0.032841,0.3405,-0.007252,0.005714,-0.003819,-0.372508,-0.606846,-0.121219,-0.952493
2317,0.169588,-0.013708,0.330266,-0.293697,-0.624131,-0.72405,0.100603,-0.773434,0.62582,-0.950236,0.111732,0.290852,-0.000233,0.009708,-0.00961,0.040405,-0.112865,0.190186,-1.911918,-0.153634,0.005552,0.324599,-0.800829,0.019891,0.598555,0.338786,-0.808963,0.48035,0.494756,0.587431,0.640316,0.013454,0.007844,0.005668,0.002045,-0.015205,0.029245,0.52398,0.0507,0.047244,-0.019295,0.674497,-0.010161,0.738206,-0.333871,0.887618,0.317274,-0.658469,-0.460466,0.595304,0.006695,0.004452,0.003306,0.003963,-0.030552,0.053554,0.519466,0.086093,0.031406,-0.059904,0.229374,0.675048,-0.70121,-0.24752,0.737189,0.628717,0.941339,0.029352,0.33618,-0.000113,0.004821,-0.004833,0.052857,-0.100939,0.196884,-0.951187
2318,0.169484,-0.013711,0.33011,-0.294372,-0.622351,-0.725306,0.094696,-0.774198,0.625797,-0.950633,0.116302,0.287745,-0.000159,-0.002543,-0.002395,-0.00051,-0.000117,-8.7e-05,-1.912216,-0.153191,0.005832,0.324844,-0.801537,0.020463,0.597587,0.337849,-0.808942,0.481045,0.49425,0.58744,0.640698,-0.000335,0.006227,0.005581,0.001917,-0.015348,0.024314,0.527397,0.050922,0.04738,-0.019176,0.675291,-0.010894,0.73747,-0.333093,0.887608,0.31812,-0.65805,-0.46047,0.595765,0.006714,0.003898,0.002795,0.003971,-0.030553,0.053556,0.520119,0.086041,0.031406,-0.059981,0.230445,0.67339,-0.702453,-0.241833,0.738866,0.628962,0.942555,0.024935,0.333116,-9.4e-05,-0.001597,-0.001498,0.005398,0.006746,0.004089,-0.943512
2319,0.169195,-0.013886,0.33001,-0.29411,-0.622012,-0.725703,0.094467,-0.77449,0.625469,-0.950737,0.116171,0.287454,-0.000135,-0.015481,0.004167,-0.036454,0.026819,-0.043535,-1.911129,-0.152657,0.006004,0.325052,-0.802177,0.021,0.59671,0.337056,-0.80884,0.481773,0.493754,0.58756,0.64097,0.013558,0.005237,0.003302,0.002045,-0.015205,0.029245,0.523683,0.051189,0.047471,-0.019068,0.676032,-0.011597,0.73678,-0.332444,0.887534,0.319003,-0.657618,-0.460595,0.596146,0.006763,0.002868,0.001866,0.003977,-0.030552,0.053554,0.520119,0.085897,0.031325,-0.060032,0.230322,0.672969,-0.702896,-0.24169,0.739244,0.628573,0.942622,0.025109,0.332914,-0.007309,-0.001841,-0.001561,-0.001199,0.015121,-0.029316,-0.945145
2320,0.168964,-0.014022,0.329986,-0.292814,-0.619792,-0.728123,0.093263,-0.776386,0.623296,-0.951258,0.115369,0.286052,-0.01448,-0.014573,0.005363,-0.03121,-0.072381,0.123983,-1.909698,-0.152299,0.005999,0.32516,-0.802806,0.023876,0.595755,0.332081,-0.811814,0.480223,0.496103,0.58333,0.643017,0.013664,0.003275,0.001542,0.394207,-0.375556,-0.224212,0.522768,0.051372,0.047472,-0.019011,0.675856,-0.016352,0.736851,-0.327299,0.889109,0.319936,-0.660373,-0.457402,0.595558,0.006838,0.00149,0.000627,0.395943,-0.378025,-0.225234,0.519629,0.085793,0.031256,-0.060045,0.229525,0.670659,-0.70536,-0.240689,0.741309,0.62652,0.943072,0.025971,0.331569,-0.000127,-0.002022,-0.001904,-0.000167,0.002291,-0.003535,-0.946288
2321,0.168547,-0.014231,0.329953,-0.291037,-0.616865,-0.731314,0.091704,-0.778875,0.620415,-0.951956,0.114262,0.284167,-0.014499,-0.001444,-0.001028,-0.000984,0.014715,-0.029553,-1.906663,-0.151492,0.005851,0.325299,-0.803668,0.024599,0.594562,0.331208,-0.811438,0.481459,0.49529,0.583822,0.643198,0.013843,0.000219,-0.0012,0.002127,-0.015284,0.029189,0.521045,0.051776,0.047398,-0.018942,0.677527,-0.015536,0.735333,-0.326369,0.889605,0.319508,-0.65912,-0.456465,0.597661,0.00693,-6.7e-05,-0.000769,-0.000826,-0.012513,0.031188,0.517343,0.085578,0.031141,-0.060065,0.228366,0.667517,-0.708709,-0.23935,0.744097,0.623722,0.943694,0.027193,0.329697,-6.2e-05,-0.000964,-0.000905,0.005294,-0.098828,0.171403,-0.947431
2322,0.168093,-0.014277,0.329963,-0.290038,-0.615421,-0.732925,0.091098,-0.780126,0.618932,-0.95232,0.113506,0.283248,-0.014423,-0.000243,0.0001,0.004432,-0.084725,0.142611,-1.904816,-0.150616,0.005862,0.325341,-0.804781,0.025542,0.593015,0.329749,-0.81133,0.482641,0.494455,0.583931,0.643741,0.027454,0.004277,0.001015,0.006018,-0.045723,0.082826,0.517285,0.052204,0.047393,-0.018928,0.678742,-0.016738,0.734185,-0.325217,0.889512,0.320937,-0.658439,-0.456603,0.598306,0.013763,0.001554,-3.2e-05,0.00401,-0.030389,0.058496,0.514731,0.085351,0.031119,-0.060059,0.227725,0.666071,-0.710274,-0.238893,0.745364,0.622383,0.943965,0.027947,0.328858,-0.007213,-0.000117,6e-05,-0.001068,0.01484,-0.029537,-0.946124
2323,0.167854,-0.014284,0.329962,-0.289412,-0.614508,-0.733939,0.090764,-0.780919,0.61798,-0.952543,0.112995,0.282701,-0.014439,-0.000466,-0.000114,0.004425,-0.084725,0.142612,-1.90443,-0.150163,0.005941,0.325364,-0.805336,0.026024,0.59224,0.328953,-0.811344,0.483161,0.494082,0.583889,0.644065,0.013612,0.003904,0.002081,0.003976,-0.030518,0.053581,0.517508,0.052436,0.047432,-0.018918,0.679388,-0.017372,0.733572,-0.324514,0.889526,0.321609,-0.658119,-0.456551,0.598696,0.01373,0.002069,0.000423,0.004069,-0.03042,0.058455,0.512935,0.085232,0.031117,-0.060058,0.227298,0.665091,-0.711328,-0.238637,0.746217,0.621459,0.944132,0.028493,0.328329,-3.3e-05,-0.00047,-0.000436,-6.4e-05,9.4e-05,3.6e-05,-0.946288
2324,0.167592,-0.014307,0.329919,-0.287997,-0.612375,-0.736274,0.090042,-0.782763,0.615748,-0.953042,0.111795,0.281495,-0.01447,-0.000886,-0.000514,-0.000984,0.014715,-0.029553,-1.899263,-0.149401,0.006047,0.32538,-0.805712,0.02645,0.59171,0.328348,-0.81135,0.483563,0.493872,0.583862,0.644251,0.013768,0.001413,-0.000155,0.002045,-0.015205,0.029245,0.51912,0.052817,0.047492,-0.018904,0.67982,-0.0179,0.733159,-0.32398,0.889533,0.322127,-0.657936,-0.456518,0.598924,0.006887,0.000667,-0.000127,0.002025,-0.015213,0.029218,0.514567,0.085101,0.031107,-0.060078,0.226303,0.662713,-0.71386,-0.238071,0.748278,0.619194,0.944515,0.029824,0.327111,-5.1e-05,-0.000764,-0.000718,0.00538,-0.099395,0.1722,-0.946615
2325,0.167429,-0.014314,0.329902,-0.287251,-0.611254,-0.737496,0.089664,-0.783727,0.614576,-0.953304,0.111166,0.280857,-5.5e-05,-0.000801,-0.000758,-0.0,-0.0,-0.0,-1.893154,-0.148909,0.00616,0.325456,-0.806462,0.027075,0.590658,0.327312,-0.811338,0.484285,0.493335,0.583848,0.644674,0.013544,0.004684,0.002763,0.002045,-0.015205,0.029245,0.512382,0.053063,0.047541,-0.018873,0.680677,-0.01871,0.732343,-0.323098,0.889527,0.323029,-0.657483,-0.456497,0.599436,0.006746,0.002744,0.001733,0.003986,-0.03053,0.053566,0.509995,0.085014,0.031103,-0.060086,0.225803,0.661532,-0.715113,-0.237792,0.749296,0.618069,0.944704,0.030487,0.3265,-3.4e-05,-0.000499,-0.000468,-2.6e-05,2.3e-05,4.3e-05,-0.946614
2326,0.167243,-0.01437,0.329881,-0.286459,-0.610061,-0.738791,0.089187,-0.78474,0.613351,-0.953588,0.110564,0.28013,-3.3e-05,-0.000479,-0.000453,0.005392,-0.099444,0.172163,-1.889095,-0.148366,0.006419,0.325629,-0.805598,0.027303,0.591826,0.327523,-0.811739,0.48347,0.494607,0.58328,0.644214,0.013354,0.007208,0.005004,0.003986,-0.030515,0.053581,0.510194,0.053335,0.04767,-0.018787,0.679565,-0.018699,0.733376,-0.323141,0.889842,0.322118,-0.658613,-0.455884,0.598663,0.00669,0.003408,0.002317,0.003209,-0.032874,0.055791,0.504117,0.084921,0.031073,-0.060099,0.225307,0.660356,-0.716355,-0.237441,0.750308,0.616975,0.944911,0.031084,0.325845,-1.7e-05,-0.000254,-0.000237,-3e-06,3.1e-05,3e-06,-0.946614
