frame,MLTx,MLTy,MLTz,MLTR1,MLTR2,MLTR3,MLTR4,MLTR5,MLTR6,MLTR7,MLTR8,MLTR9,MLTTVx,MLTTVy,MLTTVz,MLTRVx,MLTRVy,MLTRVz,MLGA,MRTx,MRTy,MRTz,MRTR1,MRTR2,MRTR3,MRTR4,MRTR5,MRTR6,MRTR7,MRTR8,MRTR9,MRTTVx,MRTTVy,MRTTVz,MRTRVx,MRTRVy,MRTRVz,MRGA,SLTx,SLTy,SLTz,SLTR1,SLTR2,SLTR3,SLTR4,SLTR5,SLTR6,SLTR7,SLTR8,SLTR9,SLTTVx,SLTTVy,SLTTVz,SLTRVx,SLTRVy,SLTRVz,SLGA,SRTx,SRTy,SRTz,SRTR1,SRTR2,SRTR3,SRTR4,SRTR5,SRTR6,SRTR7,SRTR8,SRTR9,SRTTVx,SRTTVy,SRTTVz,SRTRVx,SRTRVy,SRTRVz,SRGA
94,0.149837,-0.046644,0.284372,-0.099448,0.079919,-0.991851,-0.381808,-0.923518,-0.036185,-0.918767,0.374994,0.12359,0.013569,-0.018511,-0.026322,0.155742,-0.066685,0.10718,0.487731,-0.167189,-0.024929,0.296834,-0.508596,0.331971,0.794428,0.063613,-0.905584,0.41929,0.859229,0.263373,0.438432,0.042622,0.043469,-0.017042,0.047121,0.098736,0.064315,-1.401664,0.042705,0.030213,-0.019671,0.538029,-0.285782,0.793002,-0.010999,0.938313,0.345611,-0.842854,-0.194671,0.501696,0.021329,0.021794,-0.00848,0.033163,0.074645,0.119934,-1.0122,0.073869,0.019382,-0.075386,0.24168,-0.106627,-0.964479,0.290989,0.956164,-0.032791,0.925697,-0.272728,0.262112,0.006758,-0.009561,-0.013596,1.704939,0.092999,-0.241815,0.466339
95,0.150004,-0.047057,0.283871,-0.103365,0.074732,-0.991855,-0.332217,-0.942484,-0.036444,-0.937409,0.325645,0.123482,0.013246,-0.031596,-0.021067,5.596974,0.250214,-0.763995,0.488143,-0.166574,-0.024074,0.296532,-0.507393,0.338475,0.79245,0.061043,-0.90311,0.424971,0.860126,0.26358,0.436545,0.027422,0.044708,-0.014018,0.030569,0.04394,0.254156,-1.40192,0.043039,0.03067,-0.019837,0.536394,-0.292329,0.791723,-0.008215,0.936243,0.351255,-0.843927,-0.194915,0.499794,0.013727,0.02243,-0.006948,0.052401,0.017864,0.230966,-1.016282,0.073957,0.019163,-0.075655,0.244919,-0.101205,-0.964246,0.241464,0.969566,-0.040431,0.938993,-0.222929,0.261902,0.006531,-0.016061,-0.010999,5.592433,0.239556,-0.770837,0.470584
96,0.150372,-0.047938,0.282655,-0.107514,0.063039,-0.992226,-0.241469,-0.969744,-0.0355,-0.964315,0.23569,0.120719,0.013035,-0.022954,-0.033231,5.528108,0.225296,-0.718628,0.495615,-0.165417,-0.022138,0.295929,-0.503016,0.35356,0.788646,0.055453,-0.897325,0.437798,0.863067,0.263512,0.430742,0.026281,0.05775,-0.019921,0.026194,0.106605,0.288632,-1.402206,0.043608,0.031618,-0.02013,0.531262,-0.307313,0.789505,-0.00248,0.931323,0.364183,-0.847203,-0.195435,0.494014,0.013633,0.023633,-0.005541,-0.011426,0.112123,0.301963,-1.018894,0.074136,0.01873,-0.076252,0.24759,-0.089492,-0.964722,0.153203,0.986813,-0.052223,0.956675,-0.134869,0.258036,0.006504,-0.011811,-0.017088,0.149445,-0.036284,0.084634,0.476789
97,0.150698,-0.048829,0.281298,-0.101956,0.049201,-0.993594,-0.182747,-0.982689,-0.029962,-0.977747,0.178454,0.110419,-0.003102,-0.022647,-0.033435,0.155507,-0.368688,-0.339551,0.503357,-0.164483,-0.020128,0.295417,-0.496374,0.369856,0.785373,0.050862,-0.890664,0.451734,0.86718,0.263714,0.422275,0.012035,0.047405,-0.009332,-0.113056,0.357831,0.192534,-1.401767,0.044085,0.032645,-0.020393,0.524395,-0.323253,0.787729,0.002833,0.925791,0.378023,-0.85147,-0.196001,0.486396,0.00603,0.023757,-0.004622,-0.139902,0.390472,0.210072,-1.021834,0.074305,0.018281,-0.076936,0.242397,-0.076556,-0.967151,0.087919,0.994513,-0.056687,0.966184,-0.07129,0.247797,0.0065,-0.012035,-0.017628,0.495483,-0.695154,-0.337834,0.490506
98,0.150934,-0.049679,0.279985,-0.094727,0.03679,-0.994846,-0.123429,-0.992025,-0.024986,-0.987718,0.120373,0.099751,-0.002869,-0.020961,-0.031316,1.651043,-0.057124,-0.324818,0.50644,-0.163681,-0.0182,0.29506,-0.498581,0.376999,0.780564,0.05604,-0.884479,0.463131,0.865595,0.274181,0.418847,0.011894,0.048718,-0.007851,0.017013,0.069872,0.2354,-1.401884,0.044486,0.033609,-0.020571,0.525807,-0.331151,0.783495,-0.001993,0.920623,0.390446,-0.850601,-0.206861,0.48341,0.005955,0.02441,-0.003882,0.032204,0.054026,0.220913,-1.026242,0.074422,0.017851,-0.077599,0.232568,-0.064018,-0.97047,0.029223,0.99784,-0.058821,0.97214,-0.01468,0.233936,-0.001511,-0.010596,-0.016014,5.50386,-0.044349,-0.528764,0.496221
99,0.150964,-0.050088,0.279374,-0.088634,0.028488,-0.99568,-0.087531,-0.995932,-0.020757,-0.992115,0.08527,0.092006,-0.002681,-0.019555,-0.029382,5.521912,-0.168982,-0.779679,0.510413,-0.1633,-0.017294,0.294935,-0.501787,0.378939,0.777564,0.058019,-0.882071,0.467459,0.863612,0.279205,0.41962,0.027738,0.038435,-0.000416,0.05829,-0.049272,0.166561,-1.401843,0.044666,0.034049,-0.020633,0.528597,-0.333516,0.780609,-0.003936,0.918611,0.395142,-0.848863,-0.211944,0.484262,0.005925,0.024375,-0.003942,0.12516,-0.077819,0.128623,-1.027712,0.074438,0.017653,-0.077896,0.226939,-0.057414,-0.972215,-0.002816,0.998218,-0.059606,0.973904,0.016265,0.226373,0.006794,-0.010096,-0.015021,0.15358,-0.615874,-0.216717,0.50014
100,0.15086,-0.050777,0.278371,-0.082407,0.009064,-0.99658,-0.045336,-0.998943,-0.00539,-0.995478,0.044718,0.083971,-0.002155,-0.01562,-0.023695,0.095083,0.17564,-0.706304,0.511616,-0.162545,-0.015676,0.294835,-0.505496,0.380216,0.774532,0.063969,-0.878594,0.473196,0.861028,0.28827,0.418801,0.027572,0.039108,0.000269,-0.278937,0.206479,0.335357,-1.40205,0.045054,0.034872,-0.020683,0.533592,-0.33376,0.777099,-0.009208,0.91649,0.399951,-0.845691,-0.220566,0.485958,0.01379,0.019598,0.000172,-0.42183,0.361782,0.437478,-1.029998,0.074384,0.01729,-0.078424,0.2178,-0.037675,-0.975265,-0.052796,0.997336,-0.050318,0.974563,0.06245,0.21523,-0.001024,-0.007637,-0.011569,0.079189,0.285585,-0.740541,0.506018
101,0.150511,-0.051261,0.277611,-0.079094,-0.015308,-0.996772,-0.02059,-0.99963,0.016932,-0.996569,0.021875,0.07999,-0.017725,-0.009784,-0.015234,0.044699,-0.059949,-0.113076,0.51143,-0.16182,-0.014281,0.294934,-0.508357,0.382047,0.771754,0.065241,-0.876444,0.476995,0.859249,0.292357,0.419622,0.028438,0.027321,0.007471,-0.014504,0.026113,0.159683,-1.402039,0.045406,0.035562,-0.020633,0.53508,-0.336985,0.77468,-0.010825,0.914187,0.405147,-0.844732,-0.225172,0.485515,0.006289,0.019529,0.000848,0.000427,0.137158,0.015621,-1.032611,0.074216,0.017049,-0.078802,0.212217,-0.01355,-0.977128,-0.080279,0.996282,-0.031251,0.973918,0.085075,0.21034,-0.008863,-0.005013,-0.007786,0.149423,0.112074,-0.274032,0.507161
102,0.150243,-0.05143,0.277367,-0.078245,-0.025205,-0.996638,-0.020122,-0.999424,0.026802,-0.996647,0.022176,0.078934,-0.017399,-0.00732,-0.011507,8.8e-05,-0.0657,-0.111043,0.511194,-0.16151,-0.013621,0.295047,-0.507663,0.385237,0.770624,0.063817,-0.875096,0.479653,0.859765,0.2922,0.418672,0.012513,0.039639,0.002341,0.036705,-0.007139,0.156936,-1.402447,0.045572,0.035899,-0.020577,0.534089,-0.340457,0.773845,-0.009295,0.912909,0.408055,-0.845376,-0.225131,0.484411,0.006255,0.019898,0.001247,0.059533,-0.031747,0.140318,-1.032774,0.074082,0.016964,-0.078926,0.210582,-0.003922,-0.977567,-0.082034,0.996393,-0.021669,0.974127,0.084757,0.209501,-0.008677,-0.003576,-0.005611,0.003224,-0.032263,-0.080677,0.507325
103,0.149595,-0.051635,0.277155,-0.082622,-0.0324,-0.996077,-0.019989,-0.999205,0.034107,-0.996291,0.022762,0.083149,-0.016537,-0.001068,-0.001958,-0.005828,0.116395,-0.200422,0.511458,-0.16089,-0.01247,0.295358,-0.505697,0.390956,0.769035,0.061935,-0.872575,0.48447,0.861059,0.292137,0.416049,0.012438,0.038589,0.001021,0.056558,-0.036166,0.136279,-1.402014,0.045877,0.036463,-0.020418,0.53176,-0.346193,0.772904,-0.007348,0.910712,0.412975,-0.846863,-0.225283,0.481737,0.006732,0.013486,0.004248,0.045579,-0.051602,0.100821,-1.033264,0.073757,0.016856,-0.079039,0.214603,0.003221,-0.976695,-0.083002,0.996437,-0.014951,0.973167,0.084277,0.214106,-0.008244,-0.000394,-0.000749,-0.004168,0.01727,-0.02677,0.506835
104,0.149003,-0.05169,0.277364,-0.085201,-0.036659,-0.995712,-0.020173,-0.999043,0.038455,-0.996067,0.023401,0.085619,-0.015811,-0.00658,0.014845,-0.040642,0.115343,-0.193607,0.511071,-0.160429,-0.011532,0.295613,-0.49752,0.397724,0.770896,0.063454,-0.869533,0.489714,0.865691,0.292062,0.406375,0.013481,0.023177,0.004095,-0.303066,0.449854,0.425014,-1.401882,0.046107,0.036943,-0.020287,0.525273,-0.350629,0.775336,-0.008218,0.909027,0.416655,-0.850893,-0.225229,0.474606,-0.000635,0.011195,0.002402,0.004607,0.017106,0.110952,-1.034734,0.073461,0.016832,-0.07894,0.216703,0.007699,-0.976206,-0.083309,0.996467,-0.010634,0.972675,0.083631,0.216579,-0.007866,0.002274,0.003332,-0.002723,-5e-06,-0.004224,0.506345
105,0.14845,-0.051643,0.277935,-0.09165,-0.035901,-0.995167,-0.021031,-0.999045,0.037925,-0.995468,0.024442,0.092047,0.001109,0.007587,0.011605,-0.000944,0.496143,0.328123,0.50735,-0.16012,-0.010769,0.295681,-0.485311,0.40765,0.77349,0.06667,-0.864735,0.497717,0.872344,0.292606,0.391486,0.013549,0.018433,-0.001353,-0.377199,0.555668,0.502375,-1.40193,0.046261,0.037329,-0.020248,0.512791,-0.359951,0.77941,-0.011265,0.904961,0.425344,-0.858438,-0.226893,0.460001,-0.000578,0.008373,-0.000833,-0.078654,0.166767,0.148062,-1.03555,0.073179,0.016853,-0.078649,0.220683,0.009019,-0.975303,-0.082648,0.996533,-0.009486,0.971837,0.0827,0.220663,-0.007563,-0.000918,0.011044,-0.039095,0.00126,-0.029348,0.502589
106,0.148232,-0.0516,0.278355,-0.09461,-0.035062,-0.994919,-0.021629,-0.999059,0.037211,-0.995175,0.025076,0.095001,-0.014887,-0.000356,0.024278,-0.03641,0.287094,0.13943,0.507179,-0.160011,-0.010445,0.295601,-0.474921,0.418823,0.77397,0.05766,-0.862693,0.502364,0.878672,0.282687,0.38456,0.01361,0.015292,-0.004934,-0.352399,0.533901,0.451853,-1.402078,0.046316,0.037494,-0.020285,0.501915,-0.370857,0.781374,-0.002065,0.902893,0.429858,-0.864914,-0.217366,0.452409,-0.000552,0.007182,-0.002189,-0.027848,0.099551,0.102333,-1.031794,0.07307,0.016877,-0.078434,0.225655,0.007481,-0.974178,-0.081718,0.996591,-0.011276,0.970773,0.082152,0.225497,-0.007413,9.6e-05,0.01257,-0.030944,0.356315,0.179139,0.500957
107,0.14788,-0.05142,0.279468,-0.100808,-0.033787,-0.994355,-0.022976,-0.999065,0.036223,-0.994528,0.026533,0.101175,-0.014021,0.005374,0.032827,-0.03986,0.29594,-0.053333,0.506126,-0.15987,-0.009925,0.295223,-0.449803,0.443762,0.775077,0.029243,-0.85995,0.509474,0.893153,0.251274,0.372829,-0.000956,0.007988,-0.011623,-0.018732,0.154651,0.102542,-1.402017,0.046392,0.037758,-0.020469,0.474237,-0.39649,0.786062,0.02616,0.898802,0.437573,-0.880008,-0.18695,0.436617,-0.000478,0.004017,-0.005788,0.100322,0.157658,0.145456,-1.021997,0.072894,0.016966,-0.077879,0.232175,0.006685,-0.97265,-0.08015,0.996706,-0.012282,0.969365,0.08081,0.231946,-0.006981,0.002995,0.016891,-0.038552,0.320417,-0.039198,0.499324
108,0.14769,-0.051054,0.280855,-0.104078,-0.037975,-0.993866,-0.029833,-0.99869,0.04123,-0.994005,0.033982,0.104046,-0.013243,0.010472,0.04022,-0.038539,0.070976,-0.119438,0.507637,-0.159857,-0.009661,0.294523,-0.416231,0.470951,0.777785,0.004207,-0.854309,0.519685,0.909712,0.218993,0.352603,-0.001854,0.013514,-0.026074,-0.241318,0.450734,0.343827,-1.402387,0.046399,0.037887,-0.020815,0.441024,-0.421087,0.792579,0.051848,0.89358,0.445897,-0.895995,-0.155558,0.415923,-0.000391,0.000487,-0.009818,-0.410761,0.634774,0.456529,-1.018241,0.072804,0.017145,-0.077201,0.234992,0.011037,-0.971934,-0.073904,0.997243,-0.006544,0.969183,0.073368,0.23516,0.001464,0.010065,0.015101,0.001922,-0.047509,0.074171,0.49916
109,0.147652,-0.050791,0.2816,-0.107374,-0.036637,-0.993566,-0.036321,-0.998497,0.040691,-0.993435,0.040496,0.107119,0.003147,0.010955,0.041101,-0.032601,-0.021485,0.095084,0.511254,-0.159864,-0.009613,0.294094,-0.409988,0.475615,0.778262,0.005961,-0.851767,0.523824,0.912526,0.218807,0.345373,-0.000759,-0.000229,-0.02105,-0.104097,0.218565,0.113939,-1.401974,0.046394,0.037915,-0.021033,0.433566,-0.426489,0.793805,0.04992,0.890923,0.451402,-0.899737,-0.156086,0.407564,-0.000895,0.005664,-0.014298,-0.05712,0.285823,-0.019569,-1.02265,0.072779,0.017278,-0.076826,0.238679,0.010072,-0.971045,-0.067427,0.997704,-0.006225,0.968754,0.06696,0.23881,0.001576,0.010836,0.016162,-0.00629,0.053475,-0.096565,0.501773
110,0.14776,-0.050173,0.283033,-0.111323,-0.042724,-0.992888,-0.036818,-0.998201,0.047027,-0.992977,0.041837,0.110786,0.00317,0.02169,0.03194,-0.003221,0.060386,-0.102654,0.514111,-0.159831,-0.0096,0.293164,-0.395581,0.48622,0.779164,-0.001938,-0.848715,0.528785,0.918866,0.20706,0.335671,-0.000714,-0.002137,-0.023319,-0.161906,0.394852,-0.002397,-1.402216,0.04641,0.037917,-0.021511,0.41987,-0.435569,0.796233,0.058473,0.88847,0.455192,-0.905698,-0.144564,0.398511,-0.000341,-0.001203,-0.011813,-0.221919,0.457974,0.043269,-1.012363,0.072835,0.017589,-0.076097,0.241555,0.016615,-0.970244,-0.067717,0.997704,0.000227,0.968021,0.065647,0.242126,0.001549,0.005533,0.020447,-0.037857,0.06303,-0.104407,0.506019
111,0.147994,-0.049565,0.28433,-0.118211,-0.046778,-0.991909,-0.043169,-0.997693,0.052142,-0.991916,0.049034,0.117154,0.018769,0.007139,0.035115,-0.037065,0.083349,-0.069261,0.516523,-0.15973,-0.009771,0.292264,-0.393084,0.483543,0.782089,-0.001297,-0.850758,0.525494,0.919936,0.204945,0.334036,-0.000696,-0.002885,-0.02428,0.032651,0.021574,-0.029608,-1.402287,0.046462,0.03783,-0.021955,0.417163,-0.432979,0.799063,0.05758,0.890046,0.452218,-0.907005,-0.142639,0.396226,-0.000335,-0.001414,-0.012104,0.03367,0.016825,-0.032319,-1.012363,0.072946,0.017904,-0.075442,0.248104,0.02125,-0.968499,-0.062131,0.998049,0.005982,0.966738,0.05869,0.248941,0.001338,0.009386,0.013673,-0.006016,0.069863,-0.113386,0.510264
112,0.148116,-0.049274,0.284882,-0.121655,-0.045485,-0.991553,-0.049315,-0.997428,0.051751,-0.991209,0.055244,0.120334,0.002525,0.017516,0.025392,0.006407,0.390697,0.329504,0.51649,-0.159672,-0.009849,0.291867,-0.392886,0.483369,0.782296,-0.001636,-0.85098,0.525133,0.920019,0.204434,0.334118,0.013999,0.000569,-0.021973,0.036646,-0.009788,0.023418,-1.402111,0.046485,0.037784,-0.02216,0.417009,-0.432715,0.799287,0.057865,0.890254,0.451773,-0.907057,-0.142142,0.396283,-0.000357,-0.000519,-0.011087,0.031491,0.020137,-0.030637,-1.014975,0.073014,0.018047,-0.075161,0.249216,0.02167,-0.968204,-0.056258,0.998385,0.007865,0.966812,0.05251,0.250033,0.001195,0.008412,0.012196,0.001136,0.574309,0.175061,0.51157
113,0.148368,-0.048809,0.28581,-0.130017,-0.047388,-0.990402,-0.049634,-0.997283,0.054179,-0.990121,0.056254,0.128545,0.017997,0.012719,0.018577,-0.001455,0.131879,-0.048194,0.516614,-0.159494,-0.009973,0.291291,-0.392939,0.48354,0.782163,-0.002361,-0.851018,0.525067,0.919995,0.203869,0.334529,0.014957,-0.006691,-0.009481,0.000129,0.000931,0.005447,-1.402531,0.046574,0.037725,-0.022453,0.417029,-0.432797,0.799232,0.058512,0.890307,0.451584,-0.907007,-0.141559,0.396608,-0.000424,0.002089,-0.008076,0.03354,0.004819,-0.006363,-1.016608,0.073134,0.018282,-0.074691,0.25953,0.023033,-0.965459,-0.055967,0.998393,0.008774,0.964111,0.051757,0.260403,0.000929,0.006617,0.009515,-0.007448,0.124635,-0.08815,0.512224
114,0.148604,-0.048537,0.286476,-0.139673,-0.044654,-0.989214,-0.05608,-0.997012,0.052871,-0.988449,0.062908,0.137984,0.001217,0.008579,0.01227,-0.002993,0.152525,-0.107711,0.517051,-0.159388,-0.010053,0.29098,-0.392904,0.483563,0.782167,-0.002682,-0.85108,0.524967,0.920009,0.20356,0.334679,-0.000959,0.007867,-0.011852,0.036518,-0.010703,0.017978,-1.402259,0.046633,0.037675,-0.022613,0.417064,-0.432876,0.799172,0.058812,0.890307,0.451546,-0.906972,-0.141322,0.396773,5.5e-05,-0.001933,-0.002263,-0.002632,0.015732,-0.024155,-1.017262,0.073258,0.018422,-0.074354,0.269242,0.021241,-0.962837,-0.049358,0.998746,0.008231,0.961806,0.045308,0.269953,0.000551,-0.001262,0.01025,-0.045598,0.130014,-0.14496,0.512223
115,0.148828,-0.048509,0.286952,-0.146761,-0.04455,-0.988191,-0.056643,-0.996956,0.053304,-0.98738,0.063846,0.145021,0.000656,0.004656,0.006638,-0.004627,0.113086,-0.164206,0.51545,-0.159323,-0.010097,0.290842,-0.392979,0.483682,0.782056,-0.002876,-0.851032,0.525044,0.919977,0.203478,0.334818,4.3e-05,-0.001689,-0.001977,-0.0,0.0,0.0,-1.402252,0.046665,0.037659,-0.022682,0.417148,-0.433005,0.799058,0.059013,0.890257,0.451617,-0.90692,-0.141236,0.396922,2.4e-05,-0.00081,-0.00095,-0.0024,0.015872,-0.024038,-1.018078,0.073371,0.018438,-0.074112,0.276003,0.022089,-0.960902,-0.048846,0.998766,0.00893,0.959914,0.044471,0.276742,0.000294,0.002155,0.003066,-0.009854,0.076444,-0.184393,0.511897
116,0.148888,-0.048548,0.287186,-0.150325,-0.044529,-0.987656,-0.057015,-0.996921,0.053571,-0.986818,0.064413,0.148553,0.000606,-0.006154,0.015282,-0.032697,0.084792,0.056944,0.513628,-0.159303,-0.010087,0.290804,-0.393065,0.483794,0.781943,-0.00302,-0.850976,0.525133,0.919939,0.203446,0.334939,2.6e-05,-0.001033,-0.001209,-0.0,0.0,0.0,-1.402298,0.046675,0.037665,-0.0227,0.417229,-0.433124,0.798951,0.05915,0.890204,0.451704,-0.906874,-0.141206,0.397038,1.4e-05,-0.000429,-0.000504,-0.000393,-0.00023,-0.000199,-1.019058,0.0734,0.018417,-0.074006,0.279297,0.022555,-0.959939,-0.048598,0.998774,0.009328,0.958974,0.044046,0.28005,0.00025,-0.003404,0.007171,-0.039317,0.186922,-0.11318,0.510591
117,0.148874,-0.048621,0.287621,-0.154761,-0.045804,-0.986912,-0.057573,-0.996798,0.055237,-0.986094,0.065418,0.152858,0.0007,0.004981,0.007076,-0.003282,0.118004,-0.128016,0.507576,-0.159285,-0.010033,0.290769,-0.391568,0.482173,0.783693,-0.002178,-0.852096,0.523317,0.920578,0.202606,0.333691,0.0,-0.0,-0.0,-0.0,0.0,-0.0,-1.402611,0.046684,0.037693,-0.022716,0.415883,-0.431298,0.800638,0.058234,0.891209,0.449839,-0.907551,-0.140456,0.395755,-0.0,5.6e-05,6.5e-05,0.012919,-0.112317,0.164918,-1.018894,0.073392,0.018373,-0.073791,0.283507,0.024124,-0.958666,-0.048184,0.998778,0.010884,0.957758,0.043107,0.284323,0.000276,-0.003217,0.007435,-0.038681,0.00548,0.011781,0.505039
118,0.148712,-0.048667,0.288183,-0.156016,-0.047623,-0.986629,-0.05824,-0.996645,0.057262,-0.985856,0.066447,0.153948,0.000841,-0.004475,0.017622,-0.039755,0.099189,-0.164905,0.50106,-0.159301,-0.009982,0.290735,-0.389603,0.483857,0.783635,-0.001566,-0.851126,0.524897,0.92141,0.202671,0.331347,1e-06,-3e-05,-3.5e-05,-0.034811,0.050403,0.037088,-1.402709,0.046676,0.03772,-0.022732,0.413754,-0.433004,0.800821,0.057552,0.890329,0.451666,-0.908567,-0.14079,0.393297,2e-06,-6e-06,-7e-06,-0.038265,0.059371,0.043854,-1.019874,0.073317,0.018353,-0.073524,0.284204,0.026195,-0.958405,-0.047828,0.998769,0.013116,0.957569,0.042111,0.285107,0.000451,0.003262,0.004622,0.001017,-0.015689,0.02407,0.494588
119,0.148347,-0.048584,0.288868,-0.159109,-0.046949,-0.986167,-0.059093,-0.996614,0.056926,-0.985307,0.067384,0.157025,-0.014651,0.01041,0.014415,0.001507,0.018065,0.039013,0.500525,-0.159304,-0.009953,0.290706,-0.387699,0.485611,0.783494,-0.000948,-0.850094,0.526567,0.922212,0.2028,0.329029,2e-06,-7.2e-05,-8.4e-05,-0.003585,0.00519,0.00382,-1.402602,0.046675,0.037735,-0.022746,0.411724,-0.434746,0.800923,0.057015,0.889438,0.453484,-0.909523,-0.141045,0.39099,-0.000524,0.005718,-0.003836,0.049387,-0.023339,0.008887,-1.019874,0.073134,0.018385,-0.073177,0.287624,0.025886,-0.957393,-0.046959,0.998813,0.012898,0.956591,0.041248,0.288498,-0.007408,-0.00052,0.011087,-0.039528,0.022364,-0.016552,0.490506
120,0.148076,-0.048495,0.289294,-0.159429,-0.047442,-0.986092,-0.059468,-0.996558,0.057506,-0.985232,0.067861,0.157287,-0.014422,0.00153,0.025729,-0.035066,-0.000116,0.002568,0.500477,-0.159294,-0.009955,0.290686,-0.385695,0.48725,0.783466,-0.000181,-0.849119,0.528139,0.92305,0.202951,0.326577,2e-05,-0.000787,-0.000922,-0.056725,0.082145,0.060462,-1.402578,0.04668,0.037736,-0.022753,0.409864,-0.43614,0.801119,0.05632,0.888704,0.455008,-0.910406,-0.141373,0.388811,1.7e-05,-0.00061,-0.000715,-0.084091,0.120619,0.088695,-1.021344,0.073003,0.018427,-0.072977,0.287667,0.026518,-0.957362,-0.04667,0.998817,0.013642,0.956591,0.040756,0.288564,-0.007249,0.000583,0.012616,-0.036956,0.00557,-0.02721,0.489853
121,0.147451,-0.048229,0.29028,-0.163366,-0.053417,-0.985141,-0.060025,-0.996135,0.063913,-0.984549,0.069634,0.160756,-0.013799,0.015981,0.022043,-0.29342,1.354789,-2.328224,0.500299,-0.159281,-0.010018,0.290612,-0.382016,0.487048,0.785391,0.00175,-0.849375,0.527724,0.924573,0.202365,0.322609,6.7e-05,-0.002652,-0.003109,-0.015051,0.035194,-0.009773,-1.402056,0.046686,0.037707,-0.022787,0.406059,-0.435861,0.803206,0.054335,0.888889,0.454888,-0.91223,-0.141069,0.384624,2.6e-05,-0.000951,-0.001114,0.006528,-0.002646,-0.000519,-1.018078,0.072685,0.018558,-0.072478,0.289466,0.030366,-0.956706,-0.046512,0.998761,0.017628,0.956056,0.039396,0.29052,-0.007006,0.002189,0.014802,-0.0348,-0.000833,0.002371,0.488873
122,0.146787,-0.047901,0.291523,-0.168463,-0.055792,-0.984151,-0.061012,-0.995882,0.066847,-0.983622,0.071369,0.165591,-0.013384,0.008214,0.034702,-0.03349,0.008529,0.040805,0.499858,-0.15929,-0.010112,0.290487,-0.379808,0.488451,0.78559,0.002677,-0.848554,0.529039,0.925477,0.202427,0.319966,6.4e-05,-0.002542,-0.002983,-0.004945,0.007177,0.005282,-1.402078,0.046682,0.037657,-0.022853,0.403856,-0.437116,0.803635,0.053481,0.888238,0.456258,-0.913257,-0.141283,0.382098,4.2e-05,-0.001578,-0.001853,0.012201,-0.011812,-0.008523,-1.020364,0.072353,0.018725,-0.07186,0.29571,0.035746,-0.954608,-0.046397,0.998657,0.023023,0.954149,0.037482,0.296971,-0.014694,0.004505,0.01777,-0.044494,0.095626,-0.173171,0.488383
123,0.146444,-0.047722,0.292224,-0.173318,-0.057789,-0.983192,-0.061548,-0.99568,0.069319,-0.982739,0.072593,0.170237,-0.029115,0.010327,0.037189,-0.028027,0.414674,0.006972,0.500374,-0.159289,-0.010167,0.290407,-0.37977,0.488409,0.785635,0.00268,-0.848587,0.528986,0.925493,0.202388,0.319945,7.2e-05,-0.002856,-0.003353,-7.2e-05,0.000105,7.7e-05,-1.402124,0.046682,0.03763,-0.022893,0.403973,-0.436943,0.80367,0.053561,0.888338,0.456054,-0.913201,-0.141188,0.382267,4.5e-05,-0.001678,-0.001971,0.000924,0.012561,-0.026419,-1.018568,0.072188,0.018815,-0.071509,0.298627,0.038971,-0.953573,-0.046345,0.998578,0.026297,0.953243,0.03634,0.300009,-0.00661,0.004726,0.018154,0.010107,0.514009,0.332069,0.488383
124,0.145803,-0.047352,0.293738,-0.179785,-0.056864,-0.982084,-0.062994,-0.995603,0.069125,-0.981478,0.074357,0.176636,-0.012937,0.010747,0.03775,-0.03238,0.031989,0.054185,0.500013,-0.159288,-0.010263,0.290262,-0.379715,0.48835,0.785698,0.002669,-0.848638,0.528905,0.925516,0.202321,0.319922,6.4e-05,-0.002537,-0.002983,-0.0,0.0,0.0,-1.402394,0.046683,0.037581,-0.022967,0.403959,-0.436848,0.803729,0.053576,0.888396,0.455939,-0.913206,-0.14112,0.382281,3.8e-05,-0.00145,-0.001706,-0.002078,0.015967,-0.02392,-1.019221,0.071862,0.019002,-0.070749,0.306621,0.037974,-0.951073,-0.044722,0.998674,0.025456,0.950779,0.034728,0.307913,-0.00648,0.005454,0.019002,-0.045597,0.094863,-0.136771,0.48822
125,0.145351,-0.046989,0.295339,-0.19103,-0.052466,-0.980204,-0.064927,-0.995698,0.065894,-0.979211,0.076288,0.188023,-0.012709,0.001853,0.04865,-0.064597,0.084951,0.091727,0.500366,-0.159297,-0.010321,0.290195,-0.3781,0.486573,0.787577,0.003757,-0.849829,0.526982,0.926171,0.201604,0.318476,1.4e-05,-0.000557,-0.000655,-0.0,1e-06,-1e-06,-1.401962,0.046678,0.037548,-0.023004,0.402489,-0.434835,0.805556,0.052409,0.889483,0.453952,-0.913923,-0.140492,0.380796,7e-06,-0.000194,-0.000228,-0.000318,-0.002803,0.003503,-1.020201,0.071636,0.019187,-0.069953,0.318024,0.03477,-0.947444,-0.042416,0.998848,0.022418,0.947132,0.033058,0.319133,-0.006381,0.005991,0.019562,-0.045099,0.146054,-0.106966,0.488383
126,0.145196,-0.046815,0.296126,-0.199282,-0.048929,-0.978743,-0.066007,-0.995804,0.063167,-0.977483,0.077246,0.196435,-0.012763,0.011516,0.038309,-0.015614,0.584174,0.139976,0.50291,-0.159297,-0.010327,0.290189,-0.378089,0.486561,0.78759,0.003765,-0.849837,0.526969,0.926175,0.201599,0.318466,1e-06,-4e-05,-4.7e-05,-0.0,0.0,0.0,-1.402008,0.046678,0.037546,-0.023007,0.402499,-0.434842,0.805547,0.052408,0.889478,0.453962,-0.913918,-0.140502,0.380803,0.0,5.9e-05,6.8e-05,-0.00015,-0.000439,0.000424,-1.020527,0.071554,0.019278,-0.069536,0.324747,0.032994,-0.945224,-0.041141,0.998937,0.020734,0.944904,0.032154,0.325759,-0.006407,0.005754,0.019159,0.011058,0.7312,0.217262,0.48871
127,0.145069,-0.046571,0.297641,-0.208663,-0.046992,-0.976881,-0.067737,-0.995741,0.062314,-0.975394,0.079225,0.205808,0.002605,0.007382,0.032812,-0.036063,0.141523,-0.107779,0.514435,-0.159275,-0.010302,0.290215,-0.378155,0.486644,0.787507,0.003713,-0.849783,0.527056,0.926148,0.201626,0.318526,-1.4e-05,0.000552,0.000649,-0.0,0.0,0.0,-1.401938,0.046689,0.037559,-0.022993,0.402563,-0.434936,0.805464,0.052459,0.889428,0.454055,-0.913887,-0.140532,0.380867,-1e-05,0.000373,0.000438,-8.1e-05,-5.3e-05,-3.5e-05,-1.020038,0.07149,0.019402,-0.068784,0.335405,0.031135,-0.941558,-0.039023,0.999054,0.019135,0.941265,0.030324,0.336302,0.001258,-0.001515,0.020994,-0.081538,0.092749,-0.125263,0.501446
128,0.145102,-0.046508,0.298843,-0.21519,-0.046034,-0.97551,-0.069293,-0.99564,0.062215,-0.973858,0.081035,0.212277,0.001957,0.003082,0.026959,-0.03871,0.090058,-0.137007,0.516234,-0.159231,-0.010268,0.290266,-0.378348,0.486876,0.787271,0.003592,-0.849626,0.527311,0.926071,0.201727,0.318688,-1.5e-05,0.000612,0.000719,-0.0,0.0,0.0,-1.402565,0.046711,0.037578,-0.022965,0.402736,-0.435192,0.805239,0.052585,0.889287,0.454315,-0.913804,-0.140625,0.381032,-9e-06,0.000306,0.000359,-5.4e-05,-3.8e-05,-2.1e-05,-1.020854,0.071507,0.019437,-0.068179,0.341476,0.031035,-0.939377,-0.037431,0.99911,0.019402,0.939144,0.028536,0.342334,0.000866,-0.004135,0.01744,-0.074935,-0.026304,0.00128,0.509121
129,0.145158,-0.046546,0.299753,-0.220978,-0.043987,-0.974309,-0.070822,-0.995611,0.060957,-0.972444,0.08252,0.218107,0.001293,-0.00136,0.021033,-0.033083,0.002445,0.04183,0.515581,-0.159188,-0.010231,0.290304,-0.376808,0.485206,0.789039,0.004611,-0.850744,0.525497,0.926692,0.201044,0.317311,-1.3e-05,0.000499,0.000587,-0.0,0.0,-0.0,-1.402183,0.046733,0.037597,-0.022946,0.401343,-0.433319,0.806943,0.051505,0.890295,0.452461,-0.914478,-0.140031,0.379632,-7e-06,0.000284,0.000332,-8.9e-05,-0.000756,0.00094,-1.021017,0.071536,0.019419,-0.067713,0.34729,0.029749,-0.937285,-0.035775,0.999189,0.018459,0.937074,0.027121,0.348073,0.000592,-0.00095,0.010161,-0.039405,-0.032198,0.023833,0.510427
130,0.145178,-0.046593,0.300102,-0.223557,-0.042502,-0.973787,-0.071577,-0.995624,0.059834,-0.971796,0.083124,0.22075,0.000944,-0.003711,0.017929,-0.035646,0.170689,-0.124731,0.514933,-0.159155,-0.010206,0.29033,-0.376885,0.485306,0.788941,0.004549,-0.85068,0.525602,0.926661,0.201075,0.317382,-4e-05,0.001549,0.00182,0.00192,-0.016162,0.02378,-1.402261,0.046749,0.037607,-0.022936,0.401407,-0.433421,0.806857,0.051563,0.890241,0.45256,-0.914447,-0.140057,0.379697,-7e-06,0.000269,0.000315,-3.8e-05,-0.000125,0.000102,-1.02118,0.071545,0.019399,-0.067552,0.349719,0.028522,-0.936419,-0.034948,0.999237,0.017384,0.936201,0.026646,0.35045,0.000485,0.003362,0.004404,0.003796,0.073448,0.075022,0.510427
131,0.145188,-0.046707,0.30055,-0.225978,-0.040737,-0.973303,-0.072674,-0.995625,0.05849,-0.971151,0.083995,0.223242,-0.01538,0.003662,0.00452,-0.000866,0.016787,-0.02839,0.512313,-0.159123,-0.010175,0.290362,-0.376974,0.485418,0.788829,0.00448,-0.850607,0.525721,0.926625,0.201111,0.317463,-3.1e-05,0.001215,0.001427,-0.0,0.0,0.0,-1.402305,0.046765,0.037623,-0.022919,0.401497,-0.43356,0.806737,0.051643,0.890168,0.452695,-0.914402,-0.140094,0.37979,-1.7e-05,0.000649,0.000762,-2e-05,-4.5e-05,2.4e-05,-1.021017,0.071556,0.019339,-0.067315,0.352227,0.027137,-0.93552,-0.033614,0.999301,0.016332,0.93531,0.025694,0.352893,0.00014,-0.00404,0.006099,-0.038221,-0.001583,-0.025881,0.507651
132,0.145132,-0.046869,0.300763,-0.225989,-0.040664,-0.973304,-0.073326,-0.995573,0.058565,-0.9711,0.084647,0.22322,-0.015774,0.001009,0.001049,-0.000984,0.014715,-0.029553,0.5088,-0.159123,-0.010147,0.290396,-0.377108,0.48557,0.788672,0.004384,-0.850507,0.525882,0.926571,0.201166,0.317586,-1.6e-05,0.000613,0.000719,-0.0,0.0,0.0,-1.402341,0.046765,0.037639,-0.022901,0.401619,-0.433728,0.806586,0.051743,0.890078,0.45286,-0.914343,-0.140142,0.379915,-1e-05,0.000364,0.000427,-6e-06,-1.2e-05,-5e-06,-1.021507,0.071528,0.019256,-0.06721,0.35209,0.027152,-0.935571,-0.033,0.999317,0.016583,0.935383,0.025035,0.352746,-8.4e-05,-0.005588,0.004077,-0.03502,0.013242,-0.018434,0.504712
133,0.14508,-0.046958,0.300783,-0.226023,-0.040692,-0.973295,-0.073524,-0.995554,0.058642,-0.971077,0.084859,0.223239,-0.000227,-0.001531,-0.002001,0.0,0.0,0.0,0.502819,-0.159124,-0.010135,0.290409,-0.377053,0.485508,0.788736,0.004424,-0.850548,0.525816,0.926594,0.201143,0.317536,-1.7e-05,0.000666,0.000782,-0.0,0.0,0.0,-1.401991,0.046765,0.037644,-0.022894,0.401569,-0.433658,0.806648,0.0517,0.890115,0.452792,-0.914367,-0.140123,0.379863,-1e-05,0.000406,0.000476,-3e-06,-1.6e-05,1.7e-05,-1.021344,0.071496,0.019212,-0.0672,0.352126,0.027212,-0.935556,-0.032832,0.99932,0.016709,0.935375,0.024832,0.352781,-0.008044,-0.000535,-0.000833,-0.001257,0.028788,-0.0549,0.500793
134,0.145,-0.047072,0.30077,-0.22606,-0.040728,-0.973285,-0.073721,-0.995534,0.058728,-0.971054,0.085071,0.22326,-0.000141,-0.000947,-0.001239,0.0,0.0,0.0,0.486381,-0.159146,-0.010125,0.290423,-0.377132,0.485588,0.788649,0.004371,-0.850494,0.525904,0.926562,0.201176,0.317608,-4e-06,0.000164,0.000193,0.0,0.0,0.0,-1.401997,0.046753,0.03765,-0.022886,0.401642,-0.433748,0.806564,0.051755,0.890067,0.452881,-0.914332,-0.140152,0.379937,-2e-06,8.1e-05,9.6e-05,1e-06,-2.2e-05,3.6e-05,-1.02167,0.071455,0.01915,-0.067213,0.352157,0.027258,-0.935543,-0.032663,0.999324,0.016821,0.93537,0.024634,0.352809,-8.9e-05,-0.0006,-0.00078,0.000325,-2e-06,-0.000141,0.484791
135,0.144888,-0.04713,0.300761,-0.226123,-0.04083,-0.973266,-0.073802,-0.995521,0.058856,-0.971033,0.085182,0.22331,-6.4e-05,-0.000432,-0.000565,0.0,0.0,0.0,0.476101,-0.159158,-0.010123,0.290411,-0.377118,0.485569,0.788668,0.004359,-0.850512,0.525875,0.926568,0.201148,0.317609,0.0,-5e-06,-5e-06,0.0,0.0,0.0,-1.402079,0.046748,0.03765,-0.022893,0.401629,-0.433727,0.806581,0.051767,0.890081,0.452851,-0.914337,-0.140123,0.379935,-0.0,-7e-06,-8e-06,-3e-06,9e-06,-9e-06,-1.021507,0.071399,0.01912,-0.06722,0.352206,0.02737,-0.935521,-0.032611,0.999324,0.01696,0.935353,0.024535,0.352861,-0.007929,0.000251,0.000192,-0.000763,0.014727,-0.029612,0.464543
136,0.144692,-0.047094,0.300822,-0.226194,-0.040971,-0.973244,-0.0738,-0.995512,0.059006,-0.971016,0.085217,0.223367,-0.015643,0.001936,0.002251,-0.000984,0.014715,-0.029553,0.476223,-0.159158,-0.010123,0.290411,-0.377118,0.485569,0.788668,0.004359,-0.850512,0.525875,0.926568,0.201148,0.317609,0.0,-0.0,-0.0,0.0,0.0,0.0,-1.401829,0.046748,0.03765,-0.022893,0.401628,-0.433727,0.806582,0.051767,0.890081,0.452851,-0.914338,-0.140123,0.379935,-1e-06,-1e-06,-4e-06,-3e-06,-8e-06,7e-06,-1.021344,0.071301,0.019137,-0.06719,0.352259,0.027522,-0.935497,-0.032641,0.99932,0.017108,0.935332,0.024509,0.352918,-0.007815,0.001022,0.001199,-0.000848,0.014699,-0.029604,0.458338
137,0.144588,-0.047082,0.30087,-0.22628,-0.041115,-0.973217,-0.073822,-0.995501,0.059166,-0.970994,0.085277,0.223439,-0.015582,0.00234,0.002777,-0.000984,0.014715,-0.029553,0.476653,-0.159147,-0.010122,0.290411,-0.377129,0.485585,0.788652,0.004349,-0.850501,0.525892,0.926563,0.201152,0.317618,0.0,-0.0,-0.0,0.0,0.0,0.0,-1.402078,0.046753,0.037651,-0.022893,0.401638,-0.433745,0.806567,0.051778,0.890072,0.452868,-0.914333,-0.140127,0.379945,-1e-06,-0.0,-3e-06,-6e-06,-0.0,6e-06,-1.02167,0.071255,0.019141,-0.067168,0.352326,0.027671,-0.935467,-0.032641,0.999317,0.017267,0.935307,0.024451,0.352989,-1.3e-05,-0.005113,0.004701,-0.035409,0.013614,-0.01809,0.458174
138,0.144325,-0.047041,0.301004,-0.226559,-0.041573,-0.973133,-0.073856,-0.995468,0.059667,-0.970926,0.085435,0.223675,-0.015526,-0.007345,0.012866,-0.035767,0.014246,-0.022434,0.478763,-0.159136,-0.01011,0.290424,-0.377162,0.485627,0.788611,0.004323,-0.850474,0.525936,0.92655,0.201166,0.317649,-2e-06,7.4e-05,8.7e-05,0.0,0.0,0.0,-1.40191,0.046759,0.037657,-0.022886,0.401668,-0.433791,0.806528,0.051804,0.890048,0.452913,-0.914318,-0.140139,0.379976,-2e-06,3.7e-05,4e-05,8e-06,-1.8e-05,2.7e-05,-1.02216,0.071123,0.019165,-0.067106,0.352536,0.028146,-0.935374,-0.032696,0.999307,0.017747,0.935226,0.024326,0.353212,0.000132,0.000888,0.001161,8.5e-05,1.1e-05,-6.4e-05,0.458827
139,0.143937,-0.04699,0.301234,-0.229255,-0.040403,-0.972551,-0.074194,-0.995496,0.058791,-0.970265,0.085679,0.226436,-0.015445,-0.006814,0.013545,-0.036179,0.033816,-0.044502,0.480407,-0.159115,-0.010086,0.29045,-0.377228,0.485711,0.788527,0.004271,-0.85042,0.526024,0.926523,0.201193,0.31771,-3.3e-05,0.001287,0.00151,0.00192,-0.016163,0.02378,-1.40177,0.046769,0.037666,-0.022877,0.401717,-0.433869,0.806461,0.051849,0.890007,0.452988,-0.914294,-0.140159,0.380027,-3e-06,9.3e-05,0.000107,1e-05,-9e-06,3.7e-05,-1.022323,0.07093,0.019191,-0.06699,0.35542,0.027161,-0.934311,-0.032234,0.999338,0.016789,0.93415,0.02415,0.35606,0.000271,0.001809,0.002369,-0.003414,-0.030101,0.017401,0.46095
140,0.143485,-0.046976,0.301602,-0.229641,-0.040994,-0.972435,-0.074607,-0.995421,0.059527,-0.970141,0.086265,0.226743,0.000496,-0.006729,0.013943,-0.035512,0.013671,-0.017986,0.477732,-0.159071,-0.010072,0.290462,-0.377294,0.485802,0.78844,0.004216,-0.850362,0.526118,0.926497,0.201219,0.31777,-1e-06,4e-05,4.7e-05,0.0,0.0,0.0,-1.402163,0.046791,0.037677,-0.022867,0.401785,-0.433983,0.806366,0.051915,0.889947,0.453098,-0.91426,-0.140186,0.380098,-1e-06,1e-06,1e-06,2.5e-05,-1e-05,2.8e-05,-1.022323,0.070698,0.019198,-0.066805,0.355539,0.027916,-0.934244,-0.031927,0.999332,0.01771,0.934115,0.023531,0.356193,-0.00751,0.002999,0.003763,-0.000209,0.000141,-0.004716,0.461277
141,0.143238,-0.046976,0.301835,-0.229857,-0.041313,-0.972371,-0.074897,-0.995374,0.05994,-0.970067,0.086651,0.226911,-0.015069,-0.004386,0.016675,-0.03576,0.014326,-0.022394,0.473217,-0.159037,-0.010069,0.29046,-0.377326,0.485851,0.788395,0.004187,-0.850331,0.526169,0.926484,0.201232,0.317799,-0.0,1e-06,1e-06,0.0,0.0,0.0,-1.401643,0.046808,0.037678,-0.022868,0.401813,-0.434037,0.806323,0.051945,0.889919,0.45315,-0.914246,-0.140197,0.380127,1e-06,-1.4e-05,-1.8e-05,2.2e-05,7e-06,1e-05,-1.022323,0.07058,0.019196,-0.066692,0.355708,0.028257,-0.934169,-0.031695,0.999332,0.018159,0.934059,0.023149,0.356366,-0.007488,0.003126,0.003921,-0.000152,0.000591,-0.004495,0.458174
142,0.142748,-0.046983,0.302361,-0.232672,-0.040254,-0.971745,-0.075769,-0.995345,0.059319,-0.969325,0.087473,0.229749,-0.014758,0.007506,0.009422,0.000142,0.007087,-0.000826,0.469681,-0.15897,-0.010082,0.290438,-0.377356,0.485911,0.788343,0.004153,-0.850294,0.526229,0.926472,0.201243,0.317827,2e-05,-0.000766,-0.0009,0.0,0.0,0.0,-1.40182,0.046842,0.037672,-0.022878,0.401838,-0.434102,0.806275,0.051983,0.889885,0.453211,-0.914233,-0.140205,0.380156,1.3e-05,-0.000508,-0.000596,1.1e-05,-4e-06,3e-06,-1.022487,0.070334,0.019188,-0.066426,0.358722,0.027424,-0.933041,-0.030726,0.999373,0.017561,0.932938,0.022369,0.35934,-0.007455,-0.001649,0.009037,-0.040131,-0.001743,-0.030067,0.449683
143,0.142273,-0.047011,0.30296,-0.235481,-0.039159,-0.971113,-0.076799,-0.995303,0.058703,-0.968562,0.088445,0.232578,0.001035,0.00662,0.008565,0.003518,0.031134,0.050241,0.467238,-0.158937,-0.010082,0.290418,-0.377372,0.485944,0.788315,0.00411,-0.850279,0.526254,0.926465,0.201227,0.317857,1e-06,-2.1e-05,-2.5e-05,0.0,0.0,0.0,-1.401898,0.046858,0.03767,-0.02289,0.401852,-0.434139,0.806249,0.052028,0.889871,0.453235,-0.914225,-0.140186,0.380183,-1e-06,7e-06,7e-06,2e-06,2e-06,-3e-06,-1.022487,0.070092,0.019176,-0.066124,0.361583,0.02665,-0.931958,-0.029653,0.999414,0.017074,0.931867,0.021462,0.362161,-0.007441,-0.00158,0.009106,-0.038323,0.040452,-0.006334,0.446581
144,0.14209,-0.047055,0.303289,-0.238139,-0.037843,-0.970517,-0.077493,-0.995304,0.05777,-0.967854,0.089006,0.235298,0.000898,-0.004146,0.017234,-0.033506,0.198727,-0.10979,0.453791,-0.158927,-0.010076,0.290424,-0.377394,0.485973,0.788286,0.004092,-0.85026,0.526284,0.926456,0.201236,0.317877,-3e-05,0.001141,0.001339,0.001922,-0.016163,0.023779,-1.401604,0.046864,0.037671,-0.02289,0.401861,-0.434157,0.806234,0.052038,0.889861,0.453252,-0.91422,-0.14019,0.380193,-1e-06,1e-05,1.2e-05,5e-06,-2e-06,-3e-06,-1.02265,0.070005,0.019159,-0.06597,0.363958,0.025601,-0.931062,-0.028884,0.999451,0.016191,0.930966,0.020999,0.364498,-0.007374,0.003791,0.004742,0.008638,0.14615,0.076327,0.440702
145,0.142013,-0.047222,0.303917,-0.240612,-0.036111,-0.969973,-0.078965,-0.995256,0.056586,-0.96712,0.090248,0.237827,0.016357,-0.016892,0.023667,-0.061854,0.11857,0.085043,0.348906,-0.158915,-0.010075,0.290424,-0.377405,0.48599,0.788271,0.004083,-0.85025,0.526301,0.926452,0.20124,0.317887,-0.0,0.0,0.0,0.0,0.0,0.0,-1.402158,0.046869,0.037674,-0.022887,0.401881,-0.434189,0.806208,0.052056,0.889845,0.453283,-0.91421,-0.140198,0.380213,-0.0,-1e-06,1e-06,9e-06,-7e-06,9e-06,-1.022487,0.069962,0.019075,-0.06564,0.366583,0.024284,-0.930067,-0.027247,0.99951,0.015357,0.929985,0.019712,0.367065,0.008163,-0.008483,0.011791,-0.062374,0.118374,0.08513,0.363302
146,0.142458,-0.047451,0.304374,-0.235373,-0.029596,-0.971478,-0.074598,-0.996026,0.048363,-0.96876,0.083884,0.23344,0.031719,-0.010505,0.009646,-0.033434,-0.01606,0.041627,0.054461,-0.158937,-0.010088,0.290411,-0.377361,0.485931,0.788328,0.004118,-0.850287,0.52624,0.92647,0.201222,0.317846,1.3e-05,-0.00051,-0.000599,0.0,0.0,0.0,-1.402133,0.046858,0.037669,-0.022892,0.401842,-0.434125,0.806261,0.052019,0.889878,0.453221,-0.91423,-0.140182,0.380173,1e-05,-0.000397,-0.000467,-0.0,2.2e-05,-2.1e-05,-1.022487,0.070167,0.018972,-0.065414,0.362163,0.017177,-0.931956,-0.030515,0.999512,0.006564,0.931614,0.026062,0.36251,0.008,0.000359,0.000618,-0.002219,-0.013879,0.023328,0.111345
147,0.142779,-0.047559,0.304478,-0.234703,-0.023157,-0.971815,-0.075277,-0.99627,0.041865,-0.968871,0.083003,0.233295,0.015759,-0.010869,0.008856,-0.015078,0.316928,0.186752,-0.098059,-0.158948,-0.0101,0.290398,-0.375754,0.484163,0.790182,0.005191,-0.851463,0.524325,0.927116,0.200515,0.316407,3.4e-05,-0.001287,-0.001512,-0.001922,0.016166,-0.023783,-1.402225,0.046853,0.037664,-0.022897,0.40037,-0.432125,0.808066,0.050874,0.89095,0.451242,-0.914939,-0.139554,0.378694,1.7e-05,-0.000637,-0.000747,-0.002104,0.013239,-0.019951,-1.022487,0.07034,0.018915,-0.065357,0.360925,0.011375,-0.932524,-0.029165,0.999574,0.000904,0.932138,0.026871,0.361103,0.007932,-9e-05,3.2e-05,0.051389,0.534586,0.313368,-0.044434
148,0.14358,-0.047731,0.304507,-0.231664,-0.007724,-0.972789,-0.076287,-0.996732,0.026027,-0.969527,0.080243,0.231529,0.015688,-0.001426,-0.001544,0.018195,0.186983,0.165623,-0.538473,-0.158981,-0.010122,0.29036,-0.375672,0.48406,0.790283,0.00523,-0.851535,0.524209,0.927148,0.20046,0.316346,-0.014772,-0.001551,-0.00013,0.011214,-0.096347,0.134861,-1.401742,0.046842,0.037651,-0.022919,0.400259,-0.431958,0.80821,0.050796,0.89104,0.451072,-0.914992,-0.139492,0.378589,1.2e-05,-0.000391,-0.000459,-1.6e-05,-6.6e-05,6.7e-05,-1.022487,0.070728,0.018824,-0.06534,0.360506,-0.004698,-0.932744,-0.025981,0.999548,-0.015077,0.932394,0.029669,0.360221,0.007812,-0.000895,-0.001016,0.079757,0.21525,0.44687,-0.354033
149,0.144602,-0.047795,0.304358,-0.233668,0.01057,-0.972282,-0.077451,-0.996952,0.007721,-0.968951,0.077088,0.234986,0.031527,0.008182,-0.011473,0.049663,0.166281,0.192368,-0.915644,-0.159015,-0.010144,0.290322,-0.375591,0.483957,0.790385,0.005269,-0.851607,0.524092,0.927181,0.200405,0.316285,7e-06,-0.000272,-0.00032,0.0,0.0,0.0,-1.402038,0.046819,0.037639,-0.022939,0.400249,-0.431925,0.808233,0.050801,0.891061,0.451031,-0.914997,-0.139465,0.378588,4e-06,-0.000137,-0.000159,-1.3e-05,6e-06,-7e-06,-1.022487,0.071245,0.018785,-0.065415,0.364847,-0.023029,-0.930782,-0.022234,0.999193,-0.033436,0.930801,0.032894,0.36404,0.007818,-0.000884,-0.001019,0.014458,0.122935,0.324329,-0.650405
