frame,MLTx,MLTy,MLTz,MLTR1,MLTR2,MLTR3,MLTR4,MLTR5,MLTR6,MLTR7,MLTR8,MLTR9,MLTTVx,MLTTVy,MLTTVz,MLTRVx,MLTRVy,MLTRVz,MLGA,MRTx,MRTy,MRTz,MRTR1,MRTR2,MRTR3,MRTR4,MRTR5,MRTR6,MRTR7,MRTR8,MRTR9,MRTTVx,MRTTVy,MRTTVz,MRTRVx,MRTRVy,MRTRVz,MRGA,SLTx,SLTy,SLTz,SLTR1,SLTR2,SLTR3,SLTR4,SLTR5,SLTR6,SLTR7,SLTR8,SLTR9,SLTTVx,SLTTVy,SLTTVz,SLTRVx,SLTRVy,SLTRVz,SLGA,SRTx,SRTy,SRTz,SRTR1,SRTR2,SRTR3,SRTR4,SRTR5,SRTR6,SRTR7,SRTR8,SRTR9,SRTTVx,SRTTVy,SRTTVz,SRTRVx,SRTRVy,SRTRVz,SRGA
587,0.121586,0.001907,0.340244,0.360009,0.331758,-0.871995,-0.039939,0.939271,0.340804,0.931659,-0.088272,0.352485,-0.028015,0.001002,0.000542,0.009362,-0.273017,0.45512,-0.031286,-0.229571,0.013372,0.344736,0.107284,-0.384175,0.917001,-0.335624,0.854112,0.397219,-0.935923,-0.3499,-0.038473,0.000327,0.001828,0.001425,-0.0,0.0,0.0,-1.407825,0.014843,0.054255,-0.022043,-0.190753,0.340466,0.920704,0.3521,-0.851783,0.387929,0.916317,0.398179,0.042602,0.000176,-0.004515,0.004921,-0.023349,-0.030362,0.014326,-0.804304,0.075243,0.053837,-0.05628,-0.366957,-0.335801,-0.867513,0.018708,-0.935046,0.354029,-0.930049,0.113684,0.349404,-0.007188,-0.000638,-0.000612,0.010103,-0.286928,0.483913,-0.259228
588,0.121179,0.001884,0.34022,0.355091,0.323316,-0.877167,-0.036731,0.942398,0.33243,0.933682,-0.08622,0.347608,-0.014535,-0.001998,-0.001877,0.010307,-0.287727,0.484677,-0.031691,-0.229534,0.013344,0.344814,0.107436,-0.384323,0.916921,-0.335785,0.853963,0.397403,-0.935848,-0.350102,-0.03847,0.000414,-0.008716,0.010095,-0.03594,0.015134,-0.015835,-1.408187,0.014861,0.054245,-0.022008,-0.190875,0.340627,0.920619,0.352211,-0.851645,0.388132,0.916249,0.398337,0.042586,0.000251,0.001417,0.001102,-0.003091,0.002174,0.008835,-0.804467,0.075029,0.053827,-0.056291,-0.36167,-0.327252,-0.872983,0.015315,-0.938329,0.345403,-0.932179,0.111552,0.344377,-0.007288,-0.001101,-0.00101,0.010259,-0.287476,0.48471,-0.259391
589,0.120262,0.001812,0.340135,0.342342,0.311948,-0.886304,-0.042262,0.947441,0.317082,0.938212,-0.071475,0.338639,-0.028655,-0.001847,-0.00194,0.00907,-0.173477,0.28235,-0.0318,-0.229469,0.013321,0.344958,0.107553,-0.38447,0.916846,-0.336071,0.853773,0.39757,-0.935732,-0.350402,-0.03855,0.000368,0.002059,0.001603,-0.0,0.0,0.0,-1.407603,0.014894,0.054231,-0.021931,-0.191015,0.340766,0.920538,0.352488,-0.851441,0.388329,0.916114,0.398656,0.042522,0.000223,0.001258,0.00098,-0.002967,0.002178,0.005889,-0.804957,0.07457,0.053792,-0.056333,-0.348654,-0.316321,-0.882258,0.02078,-0.943703,0.33014,-0.937021,0.096772,0.335599,-0.014353,-0.001054,-0.001067,0.008936,-0.173243,0.283057,-0.259391
590,0.119196,0.00163,0.33998,0.332026,0.304293,-0.892866,-0.049402,0.950854,0.305625,0.941575,-0.057738,0.331856,-0.029412,-0.005143,-0.004817,0.004927,-0.157586,0.258877,-0.031101,-0.229391,0.013285,0.34513,0.10993,-0.386388,0.915757,-0.335474,0.852773,0.40021,-0.935673,-0.350723,-0.037043,0.00063,0.00353,0.002745,0.001533,-0.014923,0.024605,-1.407897,0.014933,0.05421,-0.021848,-0.192012,0.342257,0.919777,0.352378,-0.850674,0.390105,0.915947,0.399015,0.042736,0.000224,-0.004251,0.00513,-0.01759,-0.042316,0.098337,-0.804957,0.074049,0.053705,-0.056407,-0.338263,-0.309178,-0.888811,0.027941,-0.947371,0.318915,-0.940636,0.083043,0.3291,-0.014731,-0.002707,-0.002507,0.004585,-0.157308,0.259558,-0.259228
591,0.118589,0.001518,0.339889,0.32949,0.299871,-0.895298,-0.047867,0.952315,0.301293,0.942548,-0.056784,0.32925,-0.043297,-0.003704,-0.003801,0.000197,-0.04205,0.057922,-0.030423,-0.229331,0.013268,0.345228,0.109924,-0.386431,0.91574,-0.335687,0.852676,0.400239,-0.935597,-0.350913,-0.037156,0.000507,0.002844,0.002211,0.0,-0.0,0.0,-1.407717,0.014964,0.054204,-0.021797,-0.192428,0.342996,0.919415,0.352364,-0.85029,0.390956,0.915866,0.399199,0.04276,0.000308,0.001745,0.001355,-0.002331,0.000436,0.026695,-0.805447,0.07375,0.053647,-0.056453,-0.335554,-0.304705,-0.891379,0.026318,-0.948905,0.314462,-0.941653,0.08206,0.326428,-0.014789,-0.002893,-0.002679,0.004433,-0.157333,0.259177,-0.258901
592,0.117217,0.001256,0.339685,0.323847,0.295137,-0.898923,-0.051187,0.954178,0.294779,0.944334,-0.049811,0.325237,-0.029767,-0.006241,-0.005855,0.001473,-0.056855,0.087368,-0.030124,-0.229146,0.013223,0.345452,0.110616,-0.390607,0.913883,-0.335658,0.850736,0.404371,-0.935527,-0.350991,-0.038169,0.000595,-0.00771,0.010876,0.003971,-0.03071,0.23951,-1.407339,0.015056,0.054185,-0.021688,-0.193144,0.344679,0.918635,0.352242,-0.849492,0.392794,0.915761,0.399448,0.042663,0.000348,0.001976,0.001532,0.006016,-0.040059,0.272728,-0.806264,0.073075,0.053521,-0.056558,-0.32983,-0.300204,-0.895035,0.029646,-0.950916,0.308022,-0.943574,0.075061,0.322541,-0.014946,-0.003435,-0.003175,0.008111,-0.158493,0.258208,-0.258411
593,0.115717,0.001017,0.339483,0.319905,0.29345,-0.900885,-0.055582,0.955006,0.291283,0.945433,-0.043468,0.322946,-0.030003,-0.006897,-0.006494,0.001118,-0.056738,0.087491,-0.0245,-0.228853,0.013188,0.345638,0.109169,-0.393117,0.91298,-0.336493,0.84955,0.406167,-0.935395,-0.351058,-0.040698,0.000614,-0.00761,0.010952,-0.044712,0.036458,0.03135,-1.407762,0.015202,0.054165,-0.021591,-0.194597,0.348234,0.916986,0.35155,-0.847992,0.396636,0.91572,0.399551,0.042595,0.000293,-0.003869,0.005424,-0.016257,-0.02553,0.014414,-0.806754,0.072298,0.053393,-0.05666,-0.325794,-0.298549,-0.897065,0.033974,-0.951917,0.304465,-0.94483,0.068716,0.320272,-0.015008,-0.003496,-0.003263,0.000725,-0.056535,0.087959,-0.256942
594,0.114195,0.000803,0.339272,0.318674,0.291658,-0.901902,-0.054965,0.955574,0.289534,0.945886,-0.04305,0.321673,-0.029876,-0.005951,-0.005738,0.001069,-0.056729,0.087498,-0.016757,-0.228471,0.013139,0.345734,0.109747,-0.393644,0.912684,-0.336653,0.849158,0.406852,-0.935271,-0.351414,-0.040491,0.000359,0.002047,0.001586,0.001541,-0.014877,0.024632,-1.407922,0.015394,0.054141,-0.021543,-0.194103,0.349094,0.916764,0.352007,-0.847514,0.397253,0.915649,0.399815,0.041621,0.006681,-0.000281,-0.00054,-0.016094,0.033954,0.023297,-0.808223,0.071548,0.053286,-0.056766,-0.324566,-0.29685,-0.898073,0.03335,-0.952476,0.30278,-0.945274,0.068321,0.319042,-0.021854,-0.002094,-0.00221,-0.000256,-0.041894,0.058083,-0.251226
595,0.113458,0.000712,0.339179,0.318403,0.291394,-0.902083,-0.054861,0.955657,0.289277,0.945983,-0.042973,0.321396,-0.043675,-0.003785,-0.004154,6.5e-05,-0.042012,0.057947,-0.016052,-0.228318,0.013105,0.345764,0.11011,-0.393948,0.912508,-0.336697,0.848945,0.407261,-0.935212,-0.351588,-0.040326,0.013533,0.000401,-0.000328,0.002044,-0.015205,0.029245,-1.407445,0.01547,0.054124,-0.021527,-0.194039,0.349611,0.916581,0.352136,-0.847246,0.397711,0.915613,0.399932,0.041288,0.006764,0.000193,-0.000174,-0.017194,0.034311,0.027913,-0.808876,0.071184,0.05324,-0.056812,-0.324282,-0.296573,-0.898268,0.033232,-0.952568,0.302504,-0.945376,0.068245,0.318756,-0.014947,-0.002949,-0.002838,0.000767,-0.056631,0.087601,-0.249104
596,0.111998,0.000538,0.339053,0.318485,0.291984,-0.901863,-0.054913,0.955469,0.289889,0.945953,-0.043158,0.321462,-0.043508,-0.002677,-0.003257,2.9e-05,-0.041991,0.05796,-0.016797,-0.228153,0.013182,0.345816,0.110597,-0.394321,0.912289,-0.336599,0.848734,0.407782,-0.935192,-0.35168,-0.040021,0.000524,0.003006,0.002327,-0.0,0.0,0.0,-1.407666,0.015547,0.054158,-0.021505,-0.193958,0.350376,0.916305,0.352212,-0.846895,0.398389,0.915601,0.400005,0.040855,0.00023,0.001324,0.001022,-0.002398,0.001043,0.014634,-0.810183,0.070454,0.053152,-0.056876,-0.32438,-0.297155,-0.89804,0.033279,-0.952373,0.303112,-0.945341,0.068438,0.318819,-0.021745,-0.001307,-0.00158,-0.003614,0.058783,-0.113458,-0.248124
597,0.110551,0.000349,0.338885,0.317662,0.291137,-0.902427,-0.054853,0.95575,0.288972,0.946234,-0.04265,0.320702,-0.043829,-0.003605,-0.004153,-7e-06,-0.041978,0.057969,-0.01676,-0.228097,0.013298,0.345954,0.111075,-0.394679,0.912076,-0.336603,0.848491,0.408282,-0.935134,-0.351861,-0.039765,0.000727,0.004174,0.003226,0.001545,-0.014879,0.02463,-1.407749,0.01558,0.054215,-0.021437,-0.194068,0.350958,0.916059,0.352303,-0.846581,0.398975,0.915542,0.400159,0.040651,0.00035,0.002017,0.001557,-0.00348,0.002445,0.018079,-0.810509,0.069731,0.05306,-0.056958,-0.323521,-0.296303,-0.898631,0.033202,-0.952675,0.30217,-0.945637,0.067922,0.318048,-0.015037,-0.002974,-0.002925,-0.003058,0.046278,-0.087412,-0.248124
598,0.109776,0.000248,0.338793,0.318093,0.292179,-0.901939,-0.055142,0.955423,0.289998,0.946072,-0.042869,0.321151,-0.043835,-0.003407,-0.004023,-0.003449,0.058736,-0.113507,-0.018149,-0.228085,0.013309,0.346051,0.11114,-0.394753,0.912036,-0.336758,0.848389,0.408368,-0.93507,-0.352024,-0.039808,0.000671,0.003856,0.002978,0.001546,-0.014874,0.024633,-1.407492,0.015586,0.054223,-0.021386,-0.194201,0.35106,0.915992,0.352423,-0.846459,0.399129,0.915468,0.400328,0.040661,0.000256,-0.004096,0.005247,-0.020863,-0.023434,-0.013335,-0.810836,0.069355,0.053011,-0.057003,-0.323896,-0.297177,-0.898207,0.033442,-0.952389,0.303044,-0.945501,0.068117,0.318413,-0.021969,-0.001929,-0.002188,-0.003592,0.059046,-0.113945,-0.248124
599,0.108153,2.6e-05,0.338587,0.306945,0.283221,-0.908634,-0.064222,0.958687,0.277069,0.949189,-0.027036,0.313587,-0.044273,-0.004694,-0.005258,0.012872,-0.083005,0.119108,-0.02946,-0.22809,0.013298,0.346284,0.113285,-0.3965,0.911014,-0.336252,0.847431,0.410766,-0.934998,-0.352366,-0.038483,0.000788,0.004529,0.003493,0.061891,-0.129415,0.236878,-1.4079,0.015583,0.054219,-0.021275,-0.194504,0.350981,0.915958,0.352737,-0.846298,0.399193,0.915283,0.400738,0.040804,0.000375,0.002175,0.001677,-0.003716,0.005182,0.005762,-0.810836,0.068549,0.052901,-0.057104,-0.312695,-0.288851,-0.904868,0.04256,-0.955943,0.290447,-0.948899,0.052311,0.311212,-0.022254,-0.002843,-0.003043,0.148772,-0.421993,0.603473,-0.252206
600,0.106381,-0.000205,0.338352,0.286494,0.25655,-0.923119,-0.070086,0.966513,0.246802,0.955171,-0.006322,0.296033,-0.044752,-0.006039,-0.006567,0.462433,-0.265712,0.082765,-0.05582,-0.228155,0.013385,0.346444,0.115248,-0.398059,0.910087,-0.335493,0.846677,0.412935,-0.935033,-0.352418,-0.037127,0.00054,0.003097,0.002385,1e-06,-2e-06,4e-06,-1.407804,0.015551,0.054264,-0.021188,-0.196609,0.353923,0.914375,0.35185,-0.844994,0.402722,0.915175,0.400902,0.041606,0.000303,0.001757,0.001354,0.003562,-0.019503,0.147897,-0.809529,0.067647,0.052785,-0.057223,-0.291656,-0.262539,-0.919787,0.04777,-0.964392,0.260124,-0.955329,0.031929,0.293812,-0.029409,-0.002332,-0.002859,1.546014,-0.512146,-0.342375,-0.267066
601,0.105359,-0.000304,0.338224,0.282414,0.249147,-0.926398,-0.068347,0.968457,0.239565,0.956515,-0.004643,0.29169,-0.058992,-0.005036,-0.006145,0.00171,-0.113418,0.175239,-0.072167,-0.228177,0.013445,0.346478,0.115325,-0.398103,0.910058,-0.335456,0.846658,0.413005,-0.935037,-0.352414,-0.037064,-0.01292,0.002989,0.002944,-0.002045,0.015205,-0.029245,-1.407737,0.015546,0.054295,-0.02117,-0.197187,0.354905,0.91387,0.351551,-0.84458,0.40385,0.915165,0.400906,0.041773,0.00018,0.001046,0.000806,0.000779,-0.001056,0.028225,-0.809693,0.067119,0.052734,-0.057288,-0.287266,-0.255394,-0.923175,0.046479,-0.966379,0.252884,-0.956722,0.029736,0.289478,-0.02951,-0.002578,-0.003102,0.000165,-0.108203,0.167523,-0.278169
602,0.102884,-0.000467,0.33805,0.269951,0.234673,-0.933863,-0.075603,0.972017,0.22235,0.959578,0.010295,0.281303,-0.072723,-0.001478,-0.003577,0.00426,-0.213799,0.341932,-0.088435,-0.22816,0.013477,0.346515,0.113423,-0.400166,0.909392,-0.335985,0.845847,0.414236,-0.935077,-0.352023,-0.039669,9e-06,5.4e-05,4.2e-05,-0.000152,0.00053,0.00033,-1.407615,0.01555,0.054313,-0.02115,-0.197567,0.355933,0.913388,0.350903,-0.844335,0.404925,0.915332,0.400511,0.041914,-1.5e-05,-7.8e-05,-5.9e-05,0.000946,0.00058,-0.002356,-0.810509,0.065908,0.05265,-0.057377,-0.274644,-0.241618,-0.930693,0.053764,-0.970258,0.236024,-0.960041,0.014784,0.279466,-0.03646,-0.001118,-0.002095,0.002896,-0.197755,0.315485,-0.296131
603,0.099794,-0.00047,0.337922,0.263686,0.22345,-0.938395,-0.073023,0.974631,0.211502,0.961524,0.012484,0.274484,-0.086854,0.000861,-0.002208,-0.000574,-0.083836,0.116019,-0.09982,-0.228163,0.013456,0.346499,0.115263,-0.398066,0.910082,-0.335491,0.846672,0.412947,-0.935032,-0.352422,-0.037116,-3.5e-05,-0.000201,-0.000155,0.001069,-0.003729,-0.002317,-1.407577,0.015548,0.0543,-0.02116,-0.197154,0.355201,0.913762,0.351131,-0.844639,0.404091,0.915334,0.400519,0.041802,-3e-05,-0.000173,-0.000134,-0.002717,-3.3e-05,-0.009755,-0.810836,0.064369,0.052649,-0.057441,-0.268058,-0.230446,-0.935435,0.051074,-0.973004,0.225065,-0.962047,0.012554,0.272591,-0.04334,0.000733,-0.000791,0.002515,-0.198695,0.312277,-0.305439
604,0.09604,-0.000408,0.337874,0.259601,0.220931,-0.940129,-0.077936,0.975096,0.207571,0.962255,0.019117,0.271527,-0.11504,0.005391,0.000455,-0.005741,0.046259,-0.114596,-0.106536,-0.228299,0.013362,0.346445,0.114685,-0.39764,0.910341,-0.335632,0.846911,0.412343,-0.935051,-0.35233,-0.037492,-0.000685,-0.003919,-0.003019,0.0,-1e-06,-1e-06,-1.407684,0.01548,0.054258,-0.021183,-0.197147,0.354321,0.914105,0.351153,-0.84502,0.403276,0.915327,0.400496,0.042172,-0.007051,-0.001883,-0.00113,0.021695,-0.031376,-0.06458,-0.810019,0.062503,0.052679,-0.057466,-0.263813,-0.227848,-0.937276,0.055937,-0.973678,0.220953,-0.96295,0.005862,0.269614,-0.050547,0.001602,-0.000441,-0.002253,-0.08117,0.107695,-0.314257
605,0.093977,-0.000351,0.337847,0.258519,0.219683,-0.940719,-0.077878,0.975367,0.206316,0.962552,0.019659,0.270433,-0.101675,0.001984,-0.002313,-0.004796,0.031524,-0.084992,-0.105544,-0.228416,0.013282,0.346376,0.116293,-0.395349,0.911135,-0.335169,0.847847,0.410793,-0.935021,-0.352659,-0.03507,-0.000856,-0.004888,-0.003769,0.052632,-0.18438,-0.114517,-1.407522,0.015422,0.054216,-0.021219,-0.197212,0.353654,0.914349,0.351143,-0.845305,0.402686,0.915316,0.400483,0.042521,-0.000458,-0.002622,-0.00202,-0.003716,0.003176,-0.077875,-0.810509,0.061467,0.052711,-0.057477,-0.262705,-0.226636,-0.937881,0.055871,-0.973964,0.219706,-0.963256,0.005317,0.268527,-0.057291,0.007748,-0.004444,0.027811,0.031715,-0.10419,-0.31491
606,0.089517,-0.000169,0.337813,0.256157,0.217141,-0.941955,-0.078075,0.975905,0.203679,0.96317,0.021107,0.268113,-0.116019,0.004628,-0.001035,0.332965,-1.421917,2.201282,-0.104697,-0.228693,0.013104,0.346302,0.117163,-0.392527,0.912243,-0.334979,0.849039,0.408479,-0.934982,-0.352948,-0.033173,-0.000615,-0.003494,-0.002699,0.001258,-0.00443,-0.00275,-1.407851,0.015283,0.054123,-0.021259,-0.196817,0.351058,0.915435,0.351558,-0.846339,0.400145,0.915242,0.400584,0.043157,-0.006982,-0.00144,-0.000792,0.01485,-0.026762,-0.098092,-0.810509,0.059242,0.0528,-0.057495,-0.261671,-0.226582,-0.938183,0.056347,-0.973981,0.219511,-0.96351,0.004576,0.26763,-0.058032,0.002235,-0.000531,-0.009028,0.148367,-0.288557,-0.314093
607,0.08478,9.6e-05,0.337779,0.254029,0.215218,-0.942972,-0.078484,0.976299,0.201625,0.963703,0.022529,0.266076,-0.116315,0.005471,-0.000853,-0.005748,0.045219,-0.112886,-0.088167,-0.229012,0.012986,0.346352,0.116424,-0.391987,0.912569,-0.335376,0.849255,0.407704,-0.93493,-0.353028,-0.033751,-0.013319,0.000816,0.001266,-0.002044,0.015204,-0.029246,-1.407371,0.015122,0.054059,-0.021238,-0.19722,0.349426,0.915972,0.35173,-0.846898,0.398808,0.915089,0.400828,0.044121,-0.006637,0.000539,0.000739,0.013572,-0.032569,-0.031101,-0.809039,0.056873,0.052931,-0.057514,-0.25809,-0.222246,-0.94021,0.056438,-0.974987,0.214974,-0.96447,0.00242,0.264178,-0.065104,0.004067,0.000494,-0.007408,0.063001,-0.147342,-0.309848
608,0.082329,0.00024,0.33776,0.253375,0.215002,-0.943197,-0.078708,0.976336,0.201356,0.963858,0.022958,0.265478,-0.115389,0.016757,-0.009251,0.028284,0.027442,-0.099156,-0.062834,-0.229153,0.012908,0.346424,0.115594,-0.390328,0.913386,-0.330171,0.852086,0.406042,-0.936883,-0.348019,-0.031541,-7e-06,-3.8e-05,-2.9e-05,0.163147,-0.035913,-0.064434,-1.407401,0.015052,0.054022,-0.0212,-0.196618,0.348861,0.916316,0.350196,-0.847929,0.397968,0.915807,0.399139,0.044548,-0.006621,-0.004889,0.004962,0.050075,-0.029828,-0.07412,-0.809856,0.055696,0.052995,-0.057521,-0.257428,-0.221992,-0.940451,0.056619,-0.975046,0.21466,-0.964636,0.002012,0.263573,-0.058287,0.002775,-0.000472,-0.006771,0.049462,-0.119598,-0.299397
609,0.077852,0.000551,0.337678,0.25269,0.207976,-0.944954,-0.067154,0.978037,0.197243,0.964911,0.013364,0.262286,-0.115543,0.017753,-0.008906,0.028872,0.02355,-0.093683,-0.022287,-0.229366,0.012612,0.346737,0.11259,-0.390638,0.913628,-0.326266,0.853882,0.405425,-0.938612,-0.343242,-0.032477,0.000322,-0.009238,0.009699,-0.034401,0.000196,0.008759,-1.40789,0.014945,0.053873,-0.021045,-0.194571,0.348078,0.917051,0.345049,-0.850876,0.396169,0.918195,0.393511,0.045452,0.000161,-0.004585,0.004881,-0.002851,-0.02117,0.009313,-0.810019,0.053408,0.053152,-0.057562,-0.256612,-0.215072,-0.942281,0.045017,-0.976528,0.21063,-0.965465,0.011632,0.260271,-0.051458,0.001847,-0.001208,-0.000649,-0.076562,0.098882,-0.267719
610,0.073573,0.000913,0.337466,0.250636,0.208152,-0.945463,-0.061555,0.978059,0.198955,0.965823,0.008081,0.259129,-0.103354,0.003964,-0.002845,-0.006029,0.029594,-0.086168,-0.005123,-0.229423,0.012256,0.347046,0.115704,-0.386185,0.915131,-0.326518,0.855252,0.402324,-0.93815,-0.344872,-0.028305,5e-06,2.6e-05,2e-05,0.137423,-0.490661,-0.302636,-1.40759,0.014918,0.0537,-0.020886,-0.194494,0.346502,0.917664,0.345217,-0.851497,0.394685,0.918148,0.393557,0.045993,-1e-05,-0.005545,0.00414,-0.011276,-0.02144,-0.027561,-0.80855,0.051264,0.053339,-0.05767,-0.254452,-0.215435,-0.942784,0.039415,-0.976371,0.212472,-0.966281,0.016904,0.256931,-0.051133,0.007221,-0.005771,0.033616,0.026213,-0.06546,-0.246491
611,0.069574,0.001226,0.337235,0.251505,0.207806,-0.945308,-0.056651,0.978163,0.1999,0.965896,0.003026,0.258965,-0.103494,0.004971,-0.002406,-0.007502,0.132182,-0.256577,0.005283,-0.229427,0.012012,0.347198,0.116957,-0.383754,0.915994,-0.326803,0.856009,0.400476,-0.937896,-0.345706,-0.026462,-4e-05,-0.000224,-0.000173,0.000671,-0.002404,-0.00148,-1.407972,0.014916,0.053577,-0.020811,-0.193578,0.34425,0.918705,0.345757,-0.852399,0.392258,0.918138,0.393582,0.045979,-2.9e-05,-0.005665,0.004047,-0.02311,-0.024204,-0.041865,-0.809529,0.049226,0.053496,-0.057787,-0.255471,-0.21505,-0.942596,0.034551,-0.976356,0.213388,-0.966198,0.021947,0.25686,-0.051748,0.002475,-0.001154,-0.007216,0.133775,-0.258767,-0.233591
612,0.067655,0.001312,0.337142,0.251971,0.205765,-0.94563,-0.05102,0.978598,0.199288,0.966088,-0.002217,0.258256,-0.103716,0.00508,-0.002556,-0.007485,0.132182,-0.256577,0.017769,-0.229426,0.012002,0.347216,0.116945,-0.383754,0.915996,-0.326853,0.855993,0.40047,-0.937881,-0.345747,-0.026493,5.6e-05,0.000316,0.000244,1e-05,-3.5e-05,-2.2e-05,-1.408177,0.014916,0.053571,-0.020803,-0.193555,0.344092,0.918769,0.345886,-0.852416,0.392108,0.918095,0.393684,0.045973,3.6e-05,0.000217,0.000166,-0.003603,-0.000566,-0.001217,-0.810999,0.048305,0.053537,-0.057832,-0.255795,-0.212801,-0.943018,0.028855,-0.976717,0.212578,-0.966299,0.027166,0.25598,-0.045019,0.000679,-0.002463,-0.004366,0.019204,-0.059163,-0.225263
613,0.064101,0.001392,0.336978,0.256332,0.196853,-0.946355,-0.022106,0.979978,0.197803,0.96603,-0.030021,0.256731,-0.08973,0.003386,-0.003546,-0.010282,0.118256,-0.225995,0.074139,-0.229445,0.012062,0.347175,0.114849,-0.384538,0.915932,-0.321577,0.857915,0.400628,-0.939959,-0.340072,-0.026294,-0.000206,0.009889,-0.009205,0.036293,-0.014856,0.015905,-1.407688,0.014907,0.053601,-0.020817,-0.193394,0.344065,0.918813,0.345743,-0.852518,0.392012,0.918182,0.393486,0.045914,-0.000124,-0.000695,-0.000536,0.05481,0.025764,-0.02371,-0.811326,0.046522,0.053576,-0.057916,-0.259975,-0.203808,-0.943861,-0.000139,-0.977463,0.211102,-0.965614,0.055013,0.254088,-0.044874,0.001654,-0.001753,-0.016329,0.021295,-0.054317,-0.173827
614,0.060861,0.001502,0.336779,0.259649,0.193253,-0.946193,-0.005205,0.980036,0.198681,0.965379,-0.046896,0.256651,-0.090209,0.003266,-0.004069,-0.004864,0.031387,-0.080349,0.10627,-0.229459,0.0121,0.347116,0.114883,-0.384532,0.915931,-0.321404,0.857976,0.400639,-0.940014,-0.339928,-0.02619,-6.3e-05,-0.000355,-0.000275,0.0,-0.0,-0.0,-1.407922,0.014899,0.053621,-0.020852,-0.192773,0.344486,0.918786,0.344202,-0.85311,0.39208,0.918891,0.391831,0.045884,-3.7e-05,-0.000214,-0.000165,0.035721,0.014133,0.003649,-0.811652,0.044904,0.053634,-0.058011,-0.263286,-0.200235,-0.943708,-0.017019,-0.977106,0.21207,-0.964567,0.071897,0.253851,-0.037945,0.000469,-0.002505,-0.004254,0.103059,-0.19847,-0.102142
615,0.058062,0.001513,0.336397,0.260055,0.188465,-0.947047,0.00609,0.980426,0.196724,0.965265,-0.057155,0.254998,-0.063731,-0.005698,-0.010704,-0.002884,0.001618,-0.020746,0.108512,-0.229517,0.012129,0.347116,0.116641,-0.382335,0.916628,-0.320902,0.858838,0.399191,-0.939971,-0.34023,-0.023683,0.00023,0.00129,0.000997,0.000642,-0.002298,-0.001416,-1.407746,0.01487,0.053632,-0.020855,-0.191983,0.343853,0.919188,0.343367,-0.853878,0.391139,0.919369,0.390711,0.045863,0.000139,0.000776,0.0006,0.020142,0.013146,-0.008489,-0.811652,0.043496,0.053646,-0.058197,-0.263569,-0.195438,-0.944634,-0.028307,-0.977272,0.210089,-0.964225,0.082113,0.252046,-0.038671,-0.000826,-0.003955,-0.00314,0.004999,-0.031015,-0.082057
616,0.056779,0.001442,0.336166,0.262917,0.18682,-0.946583,0.017272,0.980004,0.198158,0.964351,-0.068674,0.255613,-0.064278,-0.006563,-0.011722,-0.144222,0.031505,0.016887,0.107236,-0.229574,0.012138,0.347152,0.118376,-0.380135,0.91732,-0.320503,0.859666,0.397727,-0.939893,-0.340608,-0.021239,0.000283,0.001584,0.001224,0.037327,-0.133684,-0.082377,-1.40797,0.014842,0.053637,-0.020836,-0.191673,0.343341,0.919444,0.343134,-0.854251,0.390528,0.919521,0.390347,0.045925,0.000158,0.000888,0.000687,0.011437,0.019337,-0.06052,-0.812142,0.04283,0.053609,-0.058316,-0.266418,-0.193791,-0.944175,-0.039437,-0.976567,0.211567,-0.96305,0.093601,0.252532,-0.032175,-0.003388,-0.005921,-0.144522,0.032519,0.01612,-0.080098
617,0.054131,0.001173,0.335668,0.2643,0.177294,-0.948028,0.040586,0.980041,0.19454,0.963272,-0.090107,0.253011,-0.065466,-0.008374,-0.013897,-0.006819,0.002632,-0.020078,0.100159,-0.229689,0.012095,0.347238,0.118082,-0.379934,0.917442,-0.320783,0.859698,0.397433,-0.939834,-0.340752,-0.02153,-0.013257,0.001257,0.001602,-0.002037,0.015177,-0.029263,-1.407742,0.014789,0.053619,-0.020791,-0.19139,0.342426,0.919844,0.342933,-0.854775,0.389557,0.919654,0.390002,0.046166,2e-06,1.7e-05,1.3e-05,0.009583,0.002091,0.011499,-0.810999,0.041531,0.053478,-0.05856,-0.267552,-0.184154,-0.945781,-0.062824,-0.976143,0.207838,-0.961492,0.115025,0.2496,-0.032755,-0.004268,-0.006982,-0.016616,0.110072,-0.196634,-0.083037
618,0.051514,0.000851,0.33512,0.266806,0.163855,-0.949743,0.075745,0.978825,0.190095,0.960452,-0.122855,0.24993,-0.066737,-0.010264,-0.01621,-0.475676,0.111084,0.078228,0.100252,-0.229858,0.012034,0.347325,0.117652,-0.379627,0.917624,-0.321115,0.859777,0.396992,-0.939774,-0.340894,-0.021918,-0.013192,0.001625,0.001884,-0.002045,0.015205,-0.029245,-1.408051,0.014705,0.053587,-0.020749,-0.191635,0.341811,0.920022,0.34268,-0.855099,0.389068,0.919698,0.389832,0.046735,-0.006578,0.000925,0.00103,0.023302,-0.026117,-0.036852,-0.811816,0.040223,0.053318,-0.058832,-0.269664,-0.170791,-0.947687,-0.097474,-0.974249,0.203314,-0.958007,0.147201,0.246073,-0.03316,-0.004704,-0.007623,-1.593946,0.322142,0.38994,-0.088916
619,0.05019,0.000657,0.334808,0.264656,0.1586,-0.951235,0.082064,0.979099,0.186022,0.960531,-0.127485,0.247296,-0.067277,-0.010941,-0.017126,-0.007112,0.017198,-0.044947,0.112187,-0.229966,0.012034,0.347356,0.117557,-0.379546,0.91767,-0.321187,0.859801,0.396881,-0.939761,-0.340924,-0.021998,-0.013228,0.001424,0.001728,-0.002045,0.015205,-0.029245,-1.407758,0.014651,0.053588,-0.020733,-0.191765,0.341496,0.920112,0.342528,-0.855274,0.388819,0.919728,0.389726,0.04704,2.2e-05,0.000136,0.000108,0.005114,0.000777,0.010432,-0.811489,0.039536,0.053217,-0.058994,-0.267489,-0.165486,-0.949243,-0.104293,-0.974381,0.199257,-0.957899,0.152299,0.243377,-0.033671,-0.005567,-0.008616,-0.006145,0.022105,-0.052968,-0.084017
620,0.047474,0.000229,0.334124,0.260966,0.151822,-0.953358,0.088585,0.979619,0.180197,0.960966,-0.13166,0.243387,-0.068307,-0.012086,-0.018804,-0.003331,0.016554,-0.04609,0.124918,-0.230243,0.012082,0.347381,0.120636,-0.374791,0.919223,-0.320347,0.861671,0.393491,-0.939661,-0.341469,-0.017285,-0.013299,0.001032,0.001423,0.008122,-0.021521,-0.051845,-1.40857,0.014512,0.053612,-0.02072,-0.191318,0.33946,0.920958,0.342671,-0.85615,0.386758,0.919768,0.389579,0.047474,-0.006657,0.000476,0.000686,0.012826,-0.02651,-0.069045,-0.812305,0.038203,0.053006,-0.05933,-0.263643,-0.15882,-0.951455,-0.110779,-0.974841,0.19342,-0.958237,0.156395,0.239416,-0.034055,-0.005866,-0.00917,-0.002268,0.004922,-0.026478,-0.062463
621,0.044577,-8.7e-05,0.333441,0.263461,0.147855,-0.953295,0.105507,0.977836,0.180765,0.958571,-0.148382,0.243211,-0.081553,-0.00553,-0.014229,-0.009352,0.118043,-0.221363,0.125201,-0.230573,0.012122,0.347402,0.120063,-0.374296,0.919499,-0.320432,0.861941,0.392831,-0.939705,-0.341331,-0.01762,-0.013117,0.002033,0.002193,-0.002043,0.015199,-0.029249,-1.408125,0.014347,0.053628,-0.020712,-0.191426,0.337937,0.921495,0.342626,-0.856788,0.385382,0.919762,0.389501,0.048225,-0.006513,0.001273,0.001299,0.01575,-0.028065,-0.038286,-0.812632,0.036757,0.05284,-0.05968,-0.265983,-0.15471,-0.951481,-0.127685,-0.972685,0.193852,-0.955483,0.173052,0.238963,-0.033896,-0.004959,-0.008496,-0.014604,0.004897,-0.018706,-0.054788
622,0.042968,-0.000155,0.333142,0.268122,0.146239,-0.952244,0.121938,0.975308,0.184059,0.95532,-0.165641,0.244857,-0.080848,-0.003421,-0.012317,-0.00664,0.11754,-0.222046,0.127321,-0.23077,0.012178,0.347418,0.121898,-0.375753,0.918663,-0.319521,0.861362,0.394838,-0.939781,-0.34119,-0.016232,0.000136,0.000744,0.000575,4e-06,-8e-06,1.4e-05,-1.408259,0.014249,0.053658,-0.020703,-0.192273,0.338386,0.921154,0.342232,-0.856617,0.386113,0.919732,0.389488,0.048897,-0.006528,0.001182,0.001229,0.020825,-0.054576,0.118527,-0.812142,0.035981,0.052804,-0.059828,-0.270499,-0.152818,-0.950513,-0.144126,-0.969765,0.196928,-0.95187,0.190263,0.240295,-0.040398,-0.001696,-0.006089,-0.016509,0.120261,-0.219593,-0.052665
623,0.03974,-9.2e-05,0.332815,0.285653,0.141161,-0.947904,0.17652,0.964417,0.196758,0.941598,-0.223697,0.251753,-0.078643,0.002186,-0.006909,-5.256693,1.193088,1.196711,0.126705,-0.231207,0.012316,0.347482,0.126845,-0.372469,0.919331,-0.317796,0.862626,0.393468,-0.939718,-0.341601,-0.01012,-0.013012,0.002576,0.002607,0.113173,-0.405444,-0.288125,-1.408036,0.014025,0.053728,-0.020669,-0.194059,0.339177,0.920488,0.341395,-0.856322,0.387506,0.919668,0.38945,0.050383,-0.006502,0.001321,0.001333,0.01,-0.021373,-0.087892,-0.812795,0.034305,0.052829,-0.060005,-0.287936,-0.148081,-0.946131,-0.196746,-0.957749,0.209775,-0.937221,0.246549,0.246636,-0.039214,0.001209,-0.003218,-5.255141,1.184337,1.193686,-0.046134
624,0.036223,0.000245,0.332668,0.309275,0.138751,-0.94082,0.222973,0.951139,0.213515,0.924097,-0.275979,0.264399,-0.091225,0.010008,-0.000984,-5.214142,1.340072,1.173464,0.122502,-0.231587,0.012418,0.347542,0.12984,-0.3676,0.920871,-0.31701,0.86452,0.389928,-0.939578,-0.342093,-0.005456,-0.013103,0.002065,0.002209,0.071673,-0.255072,-0.195582,-1.408047,0.01384,0.05378,-0.02064,-0.193658,0.336667,0.921493,0.341713,-0.85731,0.385032,0.919634,0.389451,0.050981,-0.006539,0.00111,0.001171,0.004761,-0.016435,-0.133522,-0.813122,0.032581,0.052995,-0.060077,-0.310966,-0.146078,-0.939127,-0.239076,-0.944322,0.226049,-0.919859,0.294817,0.258728,-0.045517,0.005193,-0.000244,-0.039836,0.144294,-0.279916,-0.057564
625,0.032372,0.000953,0.33266,0.336426,0.126099,-0.933253,0.267229,0.937473,0.222945,0.9026,-0.324549,0.282857,-0.10368,0.018022,0.005056,-5.06222,1.51554,1.626531,0.113738,-0.231789,0.012423,0.347555,0.131284,-0.365125,0.921651,-0.316672,0.865467,0.388099,-0.939493,-0.342354,-0.003177,-8.7e-05,-0.00047,-0.000362,0.00442,-0.016244,-0.009996,-1.408223,0.013735,0.053784,-0.020632,-0.193066,0.334371,0.922453,0.342286,-0.858129,0.382694,0.919546,0.389628,0.051225,-6.1e-05,-0.000328,-0.000247,-0.008631,0.001755,-0.037253,-0.812958,0.0307,0.05334,-0.060084,-0.33757,-0.133382,-0.931802,-0.283229,-0.929642,0.23568,-0.897678,0.343472,0.276042,-0.050956,0.014416,-0.001661,0.07949,0.456663,0.218408,-0.058707
626,0.030514,0.001341,0.332758,0.349263,0.116095,-0.92983,0.286492,0.931547,0.223865,0.89174,-0.344716,0.293255,-0.102548,0.020562,0.007527,0.129801,0.648924,0.333156,0.093555,-0.23185,0.012421,0.347557,0.135111,-0.36459,0.921309,-0.315382,0.865574,0.388909,-0.939389,-0.342653,0.00079,-9.8e-05,-0.000527,-0.000406,0.03703,-0.198901,0.110763,-1.408238,0.013704,0.053783,-0.020631,-0.193687,0.334896,0.922133,0.342201,-0.857837,0.383422,0.919447,0.389819,0.05155,-6.6e-05,-0.000351,-0.000266,-0.008369,-0.008337,0.019648,-0.813122,0.029731,0.05354,-0.060034,-0.34996,-0.122299,-0.928746,-0.308049,-0.921276,0.237391,-0.884665,0.369177,0.284736,-0.051296,0.010259,0.003784,-0.430076,0.12752,0.291461,-0.073403
627,0.026573,0.0022,0.333171,0.377848,0.087686,-0.921731,0.329971,0.917384,0.222481,0.864625,-0.388312,0.318849,-0.100352,0.025333,0.01215,0.110841,0.552443,0.458955,0.073454,-0.231999,0.012427,0.347581,0.136838,-0.36599,0.920499,-0.314603,0.864999,0.390815,-0.939402,-0.342611,0.00205,-0.013256,0.001246,0.001574,0.545487,-1.294191,2.340793,-1.408193,0.01363,0.053784,-0.02062,-0.194034,0.334418,0.922233,0.342358,-0.857908,0.383123,0.919315,0.390073,0.051973,-0.006628,0.000627,0.000793,0.009348,-0.040652,0.003042,-0.813285,0.027759,0.053966,-0.059831,-0.378856,-0.092159,-0.920855,-0.350927,-0.906411,0.235091,-0.856339,0.412219,0.311058,-0.050397,0.012278,0.005698,-0.139935,1.067919,0.348742,-0.112429
628,0.022861,0.003264,0.333834,0.413558,0.043303,-0.909472,0.377595,0.900761,0.214531,0.827998,-0.432183,0.357301,-0.082529,0.028364,0.01723,0.17496,1.425748,0.157213,0.058131,-0.232067,0.012424,0.347607,0.138647,-0.363817,0.921089,-0.314241,0.865771,0.389393,-0.93926,-0.342977,0.004537,-4.1e-05,-0.011052,0.008308,-0.035296,0.0129,-0.017229,-1.40796,0.013595,0.053783,-0.020606,-0.195158,0.335605,0.921564,0.342165,-0.857297,0.384661,0.919149,0.390397,0.052476,-2.2e-05,-0.005532,0.004151,-0.025885,-0.027054,-0.02778,-0.813448,0.025895,0.054493,-0.059506,-0.412281,-0.047629,-0.90981,-0.398464,-0.888627,0.227085,-0.819298,0.456149,0.347386,-0.047955,0.016921,0.010505,-0.663578,2.095307,-1.356598,-0.13627
629,0.021148,0.003892,0.334247,0.434202,0.017261,-0.900675,0.401208,0.89147,0.210442,0.806023,-0.45275,0.381277,-0.096376,0.025639,0.031971,-1.051856,1.514294,1.460535,0.049231,-0.232069,0.012392,0.347621,0.140421,-0.361632,0.921681,-0.313911,0.86654,0.387947,-0.93911,-0.343348,0.006985,-2.6e-05,-0.000142,-0.000109,0.005172,-0.019083,-0.011737,-1.407972,0.013595,0.053767,-0.0206,-0.194817,0.334835,0.921917,0.342496,-0.857538,0.383828,0.919098,0.390529,0.052383,-1.4e-05,-7.5e-05,-5.7e-05,-0.009586,0.0006,-0.027944,-0.813122,0.025044,0.054808,-0.059305,-0.432911,-0.022412,-0.901157,-0.420188,-0.879424,0.223728,-0.797514,0.47551,0.371295,-0.040298,0.015833,0.010498,-4.784251,2.371458,2.22891,-0.147864
630,0.017714,0.005289,0.335245,0.480179,-0.036678,-0.876429,0.441502,0.873447,0.205277,0.757394,-0.485464,0.436699,-0.094022,0.029792,0.036038,0.384765,1.420947,0.762281,0.040542,-0.232091,0.012205,0.347755,0.140163,-0.361534,0.921758,-0.314491,0.866408,0.38777,-0.938953,-0.343783,0.006565,6.2e-05,0.00033,0.000254,1e-06,-4e-06,-3e-06,-1.40816,0.013583,0.053672,-0.020534,-0.195117,0.334086,0.922125,0.343134,-0.857525,0.383287,0.918796,0.391198,0.052681,2.1e-05,-0.005292,0.004335,-0.025775,-0.027076,-0.021777,-0.813775,0.023292,0.055521,-0.058789,-0.478341,0.03488,-0.87748,-0.461522,-0.860077,0.217402,-0.747118,0.508969,0.427509,-0.04689,0.01514,0.018312,0.366096,1.354212,0.749365,-0.168112
631,0.014199,0.006779,0.336425,0.518071,-0.094286,-0.850151,0.479098,0.855345,0.197032,0.707957,-0.509262,0.489363,-0.077258,0.037396,0.026089,0.386636,1.377613,0.433021,0.037496,-0.232252,0.011897,0.348017,0.139766,-0.361382,0.921878,-0.315513,0.866158,0.387498,-0.938669,-0.344571,0.005864,-0.013306,-0.009788,0.009904,-0.037968,0.030389,-0.045071,-1.408063,0.013508,0.053523,-0.020405,-0.196002,0.333086,0.922299,0.343731,-0.857529,0.382742,0.918385,0.392041,0.053585,-2.4e-05,-0.005521,0.004166,-0.024215,-0.028293,-0.015554,-0.813938,0.021538,0.05627,-0.058195,-0.515109,0.094493,-0.851899,-0.498689,-0.841402,0.208208,-0.697116,0.532083,0.480536,-0.038578,0.018814,0.013206,0.453049,1.485496,0.499924,-0.174153
632,0.010857,0.008051,0.337789,0.545862,-0.14726,-0.82486,0.505941,0.842628,0.184317,0.667235,-0.517755,0.535494,-0.078667,0.027642,0.035263,0.100529,1.56591,0.440765,0.020449,-0.23257,0.011619,0.348298,0.139116,-0.361008,0.922123,-0.316576,0.866025,0.38693,-0.938407,-0.345298,0.005017,-0.013286,-0.009628,0.01003,-0.037967,0.030394,-0.04507,-1.407762,0.013349,0.053384,-0.020265,-0.197063,0.331554,0.922625,0.344187,-0.857781,0.381767,0.917987,0.392788,0.05492,1.1e-05,8.6e-05,7e-05,-0.004452,-0.004181,0.014401,-0.814265,0.019927,0.056887,-0.057536,-0.540596,0.145665,-0.828575,-0.524074,-0.828757,0.196231,-0.658104,0.540317,0.524362,-0.039106,0.014166,0.018103,-4.113815,2.372261,3.028589,-0.189339
633,0.009363,0.008536,0.338532,0.555707,-0.169857,-0.813869,0.517552,0.83677,0.178681,0.649986,-0.520299,0.553925,-0.077783,0.029079,0.036641,-0.884144,1.647271,1.019843,0.014863,-0.232783,0.011509,0.3484,0.138846,-0.360832,0.922233,-0.316978,0.865992,0.386674,-0.938311,-0.345564,0.004689,-0.000292,-0.001545,-0.001191,0.0,-0.0,-0.0,-1.407892,0.013239,0.053329,-0.020207,-0.197667,0.330752,0.922784,0.344265,-0.857973,0.381266,0.917828,0.393046,0.055726,-0.006841,-0.005821,0.004244,-0.002633,-0.05683,-0.069535,-0.814428,0.019149,0.057138,-0.057154,-0.550568,0.169458,-0.817409,-0.53543,-0.82292,0.190041,-0.640459,0.542297,0.543807,-0.039721,0.009538,0.02305,-4.279873,1.838399,3.081132,-0.200116
634,0.006484,0.009343,0.340125,0.574804,-0.200986,-0.793253,0.526295,0.833073,0.17022,0.625917,-0.515074,0.585623,-0.064242,0.023936,0.033273,0.222186,0.70871,-0.002737,-0.004384,-0.233216,0.0113,0.348524,0.139904,-0.358114,0.923132,-0.317263,0.866859,0.384491,-0.938059,-0.346218,0.006485,-0.013573,-0.000284,0.000386,0.066635,-0.242079,-0.18622,-1.408402,0.013026,0.053221,-0.020148,-0.198638,0.329073,0.923175,0.34435,-0.858457,0.380097,0.917586,0.393397,0.057206,-0.000188,-0.000972,-0.000742,-0.00709,0.009686,-0.091337,-0.814918,0.017707,0.057547,-0.056353,-0.569379,0.20407,-0.796343,-0.545461,-0.818524,0.180246,-0.615044,0.537002,0.577363,-0.033088,0.006828,0.021182,0.229527,0.92111,-0.133461,-0.220365
635,0.004035,0.010171,0.341529,0.589117,-0.225651,-0.775931,0.535165,0.828391,0.165343,0.604737,-0.512373,0.609749,-0.050197,0.019564,0.030869,0.220261,0.661186,0.004632,-0.034498,-0.233594,0.011238,0.348569,0.140886,-0.355274,0.92408,-0.317213,0.867906,0.382164,-0.93793,-0.346526,0.008401,-0.000326,-0.001702,-0.001314,0.001931,-0.007273,-0.004435,-1.407973,0.012832,0.053191,-0.020125,-0.198471,0.326284,0.924201,0.344813,-0.859431,0.377465,0.917448,0.393593,0.058065,-0.000174,-0.0009,-0.000687,-0.007328,0.000616,-0.03954,-0.814428,0.016476,0.057962,-0.05565,-0.582873,0.228298,-0.779831,-0.55418,-0.813568,0.176039,-0.594257,0.534776,0.600725,-0.031729,0.0126,0.017229,0.326062,0.956907,-0.100017,-0.245185
636,0.002924,0.010625,0.342182,0.594204,-0.236217,-0.768875,0.541733,0.824097,0.165412,0.593822,-0.514516,0.618609,-0.06321,0.025467,0.034546,0.264665,0.752447,0.01859,-0.04614,-0.233808,0.011231,0.348574,0.14045,-0.354908,0.924287,-0.317323,0.868084,0.38167,-0.937958,-0.346458,0.008125,-0.01349,0.000189,0.000746,-0.002021,0.015115,-0.0293,-1.408399,0.01273,0.053186,-0.020124,-0.198588,0.325268,0.924534,0.34488,-0.859796,0.376572,0.917398,0.393636,0.058567,-0.006792,-0.000149,0.000192,0.011222,-0.034706,-0.042979,-0.814755,0.015926,0.058186,-0.055325,-0.587456,0.238135,-0.773425,-0.560642,-0.808972,0.176757,-0.583587,0.537452,0.608744,-0.024708,0.010412,0.016108,-0.023477,0.201194,-0.256383,-0.256615
637,0.000946,0.01144,0.343515,0.603446,-0.241785,-0.759893,0.545331,0.820375,0.17196,0.581076,-0.517858,0.627855,-0.049044,0.021231,0.032367,-0.032558,0.176571,-0.27287,-0.053165,-0.234177,0.011275,0.348612,0.139923,-0.35444,0.924546,-0.317437,0.868314,0.381049,-0.937997,-0.346359,0.007807,1.7e-05,8.6e-05,6.6e-05,0.0,-0.0,-0.0,-1.408014,0.01254,0.053207,-0.020105,-0.199111,0.32402,0.924859,0.344828,-0.860235,0.375617,0.917304,0.393707,0.059551,-0.006622,0.000742,0.000878,0.012297,-0.033281,-0.030335,-0.813448,0.014931,0.058595,-0.054658,-0.597067,0.245798,-0.763605,-0.564174,-0.805372,0.181888,-0.570279,0.539406,0.619533,-0.018711,0.002999,0.01935,-0.086315,0.133673,-0.251344,-0.268698
638,-0.000647,0.011892,0.344808,0.60819,-0.242286,-0.755942,0.547318,0.817719,0.178187,0.574225,-0.521807,0.630881,-0.036589,0.014382,0.027498,-0.034783,0.054096,-0.076458,-0.058939,-0.234638,0.011243,0.348621,0.14119,-0.35544,0.923969,-0.316801,0.867943,0.382421,-0.938024,-0.346263,0.008764,-0.013889,-0.001829,-0.000819,0.010373,-0.005541,0.010141,-1.408641,0.012316,0.053197,-0.020097,-0.199917,0.322759,0.925126,0.344583,-0.860712,0.374749,0.917221,0.393702,0.060853,-0.006857,-0.000462,-5.3e-05,0.015394,-0.086218,0.254137,-0.813448,0.014141,0.058827,-0.054019,-0.601827,0.245965,-0.759805,-0.565921,-0.802639,0.188424,-0.563504,0.543389,0.622246,-0.019688,0.001474,0.017654,-0.064645,0.076716,-0.092063,-0.274577
639,-0.001835,0.011993,0.345919,0.608383,-0.245664,-0.754695,0.552536,0.813698,0.180476,0.569006,-0.526486,0.631721,-0.024699,0.00672,0.021859,-0.033751,0.039476,-0.046859,-0.064674,-0.235134,0.011218,0.348598,0.140285,-0.357213,0.923423,-0.310964,0.869483,0.383712,-0.940109,-0.340534,0.009718,-0.013704,-0.00084,-6.1e-05,0.044505,-0.102911,0.184525,-1.407907,0.012067,0.05318,-0.020111,-0.200962,0.323432,0.924664,0.341706,-0.861487,0.375599,0.918068,0.391445,0.062608,-0.006902,-0.000676,-0.00022,0.049947,-0.074404,0.26485,-0.812632,0.013533,0.05888,-0.053447,-0.602018,0.249284,-0.758571,-0.57097,-0.798509,0.190725,-0.558181,0.547941,0.623051,-0.013576,-0.002085,0.015119,-0.063722,0.063249,-0.061335,-0.279802
640,-0.002309,0.012031,0.346388,0.60904,-0.245597,-0.754187,0.552721,0.813365,0.181409,0.568124,-0.527031,0.632061,-0.024908,0.006399,0.021494,-0.033731,0.039515,-0.04684,-0.06604,-0.235361,0.011223,0.348574,0.139846,-0.356823,0.92364,-0.311005,0.869696,0.383196,-0.940161,-0.340399,0.009473,-0.01364,-0.0005,0.000201,-0.002045,0.015205,-0.029245,-1.408149,0.011954,0.053182,-0.020124,-0.201986,0.324344,0.924122,0.340608,-0.861407,0.37678,0.918251,0.390868,0.063518,-0.006817,0.005069,-0.004215,0.036812,-0.018819,0.036273,-0.813285,0.013296,0.058899,-0.053214,-0.602689,0.249212,-0.758062,-0.571111,-0.798185,0.191653,-0.557313,0.548446,0.623385,-0.012608,0.002992,0.010546,-0.032129,0.039097,-0.048207,-0.281598
641,-0.003052,0.012157,0.347114,0.610355,-0.245271,-0.753229,0.552719,0.812993,0.183076,0.566713,-0.527756,0.632722,-0.025975,0.004765,0.019727,-0.033852,0.053755,-0.0719,-0.066073,-0.235643,0.011297,0.348543,0.141425,-0.35806,0.922921,-0.310074,0.869281,0.384888,-0.940234,-0.340158,0.010737,-2e-06,-1e-05,-8e-06,0.0,-0.0,0.0,-1.408553,0.011807,0.053217,-0.020141,-0.203385,0.325981,0.923238,0.338918,-0.861212,0.378742,0.918568,0.389933,0.064677,1.2e-05,6.1e-05,5.4e-05,0.020098,0.005127,0.02059,-0.812632,0.012929,0.058959,-0.052853,-0.604009,0.248899,-0.757114,-0.571061,-0.797824,0.193298,-0.555932,0.549112,0.62403,-0.006254,-0.000216,0.00842,-0.031632,0.024593,-0.018187,-0.282415
