frame,MLTx,MLTy,MLTz,MLTR1,MLTR2,MLTR3,MLTR4,MLTR5,MLTR6,MLTR7,MLTR8,MLTR9,MLTTVx,MLTTVy,MLTTVz,MLTRVx,MLTRVy,MLTRVz,MLGA,MRTx,MRTy,MRTz,MRTR1,MRTR2,MRTR3,MRTR4,MRTR5,MRTR6,MRTR7,MRTR8,MRTR9,MRTTVx,MRTTVy,MRTTVz,MRTRVx,MRTRVy,MRTRVz,MRGA,SLTx,SLTy,SLTz,SLTR1,SLTR2,SLTR3,SLTR4,SLTR5,SLTR6,SLTR7,SLTR8,SLTR9,SLTTVx,SLTTVy,SLTTVz,SLTRVx,SLTRVy,SLTRVz,SLGA,SRTx,SRTy,SRTz,SRTR1,SRTR2,SRTR3,SRTR4,SRTR5,SRTR6,SRTR7,SRTR8,SRTR9,SRTTVx,SRTTVy,SRTTVz,SRTRVx,SRTRVy,SRTRVz,SRGA
1371,0.245946,0.102587,0.27656,-0.877451,0.472575,0.082449,-0.160166,-0.450504,0.878274,0.453286,0.756849,0.470891,-0.021809,-0.015299,0.004951,-0.020522,-0.105274,0.057421,-1.909607,-0.161217,-0.004393,0.327777,0.779299,-0.265394,0.567671,-0.211798,0.740872,0.637326,-0.590678,-0.616557,0.520404,-0.013249,-0.004001,0.016026,-0.036667,0.010216,-0.023164,0.417049,0.039211,0.018894,-0.012885,-0.687165,0.403327,0.60426,0.111584,-0.763279,0.636359,0.717881,0.50471,0.479494,-0.00011,0.004033,0.003704,0.00185,-0.014814,0.024633,0.368259,0.138772,0.075693,-0.101667,-0.90059,0.39551,0.180299,-0.049873,-0.50608,0.861043,0.431797,0.766455,0.475496,-0.011911,-0.001139,0.0002,0.004299,0.012854,-0.0365,-0.878359
1372,0.245432,0.102284,0.276626,-0.877947,0.472142,0.079597,-0.161609,-0.448584,0.878992,0.451807,0.758257,0.470045,-0.033312,-0.018423,0.00331,-0.021617,-0.090468,0.028025,-1.909352,-0.161358,-0.004364,0.328023,0.779292,-0.265349,0.567701,-0.212074,0.740641,0.637502,-0.590588,-0.616853,0.520155,0.000785,-0.002486,0.016079,-0.034624,-0.004977,0.006088,0.420722,0.039135,0.018908,-0.012761,-0.687154,0.403271,0.604311,0.111922,-0.763108,0.636505,0.717839,0.505012,0.479238,-0.007141,0.003975,0.004304,-0.000198,0.000409,-0.004619,0.374954,0.138519,0.075545,-0.101632,-0.901265,0.395288,0.177391,-0.051519,-0.504294,0.861993,0.430193,0.767746,0.474867,-0.016654,-0.00922,0.00166,-0.036971,0.062174,-0.108958,-0.877543
1373,0.243701,0.101311,0.27678,-0.887597,0.455517,0.068705,-0.162388,-0.448839,0.878718,0.432214,0.768224,0.472281,-0.054879,-0.035761,0.006323,0.063048,-0.006277,0.012131,-1.909023,-0.161728,-0.004242,0.328501,0.780593,-0.265749,0.565724,-0.211135,0.739639,0.638976,-0.589204,-0.617881,0.520504,-0.027293,-0.003621,0.017646,-0.038714,0.025464,-0.052386,0.428236,0.038961,0.018971,-0.012522,-0.688512,0.403921,0.602327,0.111204,-0.761916,0.638056,0.716647,0.506291,0.479671,-0.000121,0.004694,0.004288,0.002045,-0.012192,0.020949,0.385241,0.137661,0.075065,-0.101557,-0.910662,0.378235,0.166229,-0.052323,-0.504687,0.861715,0.409824,0.776034,0.47939,-0.027425,-0.017969,0.003109,0.057841,0.068248,-0.150494,-0.878196
1374,0.241225,0.099904,0.276939,-0.898263,0.436126,0.054435,-0.164252,-0.447873,0.878865,0.408794,0.779968,0.473882,-0.080414,-0.027427,-0.000323,0.10391,0.061767,-0.130828,-1.909016,-0.162458,-0.004092,0.329009,0.791387,-0.265305,0.550736,-0.200766,0.737985,0.644209,-0.578327,-0.620046,0.530042,-0.014242,0.009087,0.009557,0.091195,-0.176705,0.115403,0.431099,0.038591,0.019042,-0.012264,-0.700042,0.405206,0.588004,0.101528,-0.758577,0.643624,0.706847,0.510263,0.489895,-0.014145,0.004312,0.005229,0.076136,-0.056539,-0.099464,0.392753,0.136433,0.074358,-0.101476,-0.92097,0.358937,0.151581,-0.054515,-0.503915,0.86203,0.385799,0.785641,0.483659,-0.033361,-0.019402,0.002356,0.032161,-0.304266,-0.108188,-0.88832
1375,0.23804,0.098381,0.277031,-0.907448,0.418352,0.03956,-0.170807,-0.453104,0.874924,0.385081,0.78667,0.482585,-0.080354,-0.029286,-0.002263,0.351537,-0.317339,0.559146,-1.909214,-0.163628,-0.003763,0.329526,0.806589,-0.25965,0.531025,-0.186891,0.740091,0.645965,-0.561732,-0.619937,0.547722,-0.042247,0.010109,0.012989,0.216221,-0.753607,0.43663,0.431035,0.038,0.019208,-0.012004,-0.716879,0.402443,0.569318,0.087586,-0.758127,0.646197,0.691673,0.51311,0.508237,-0.021134,0.005094,0.006548,0.230478,-0.81428,0.490765,0.395529,0.13484,0.0736,-0.101427,-0.930217,0.340248,0.137572,-0.059181,-0.509005,0.858725,0.362204,0.79066,0.493622,-0.045268,-0.021683,0.001339,-0.045234,-2.158177,1.675823,-0.88587
1376,0.236258,0.097634,0.27706,-0.911849,0.409265,0.032829,-0.173504,-0.456441,0.872657,0.373268,0.789526,0.487182,-0.092541,-0.030081,-0.002005,0.38764,-0.00026,-0.256173,-1.909759,-0.164461,-0.003591,0.329786,0.814706,-0.248029,0.524144,-0.186699,0.743408,0.642202,-0.549948,-0.620742,0.55866,-0.042175,0.009268,0.012172,0.591901,-0.623633,-0.265267,0.429474,0.037621,0.01929,-0.011881,-0.726381,0.394152,0.563039,0.08689,-0.759978,0.644114,0.681777,0.516795,0.517786,-0.020617,-0.001116,0.010028,0.227126,-0.316692,-0.071953,0.394875,0.133954,0.073225,-0.101414,-0.934353,0.33194,0.129605,-0.063317,-0.512568,0.856308,0.350674,0.791888,0.499938,-0.045504,-0.021052,0.001849,0.462142,-0.982206,-0.770875,-0.882931
1377,0.232357,0.096196,0.277077,-0.917818,0.396811,0.014039,-0.185521,-0.459698,0.868465,0.352212,0.793994,0.495527,-0.103122,-0.044982,0.001691,0.304225,-4.300556,-2.67614,-1.908883,-0.166389,-0.003418,0.330268,0.837411,-0.205678,0.506391,-0.201851,0.744445,0.636391,-0.508912,-0.634868,0.581219,-0.055088,-0.005576,0.018151,-2.394719,-4.000747,-3.424843,0.42886,0.03664,0.019389,-0.011634,-0.755902,0.359804,0.546948,0.096469,-0.765104,0.636638,0.647538,0.534,0.543634,-0.028021,0.002591,0.004836,0.598317,-0.677433,-0.267037,0.396018,0.132008,0.072513,-0.101406,-0.939132,0.325156,0.110918,-0.077594,-0.515265,0.85351,0.334676,0.792953,0.509132,-0.052263,-0.016627,-0.002036,0.324911,0.117483,0.793316,-0.879502
1378,0.228303,0.094489,0.277036,-0.928049,0.372338,-0.011666,-0.191306,-0.449343,0.872619,0.320822,0.811602,0.488265,-0.103597,-0.045761,0.000596,-0.566802,-1.087774,1.96546,-1.909631,-0.16894,-0.003456,0.330667,0.864868,-0.167872,0.473089,-0.203065,0.744687,0.635719,-0.4601,-0.645662,0.609338,-0.069901,0.000794,0.006787,0.280226,-2.47516,1.961548,0.429188,0.035371,0.019371,-0.011428,-0.791879,0.322586,0.518521,0.10396,-0.765486,0.634997,0.601762,0.556747,0.572637,-0.034958,-0.000249,0.002843,0.66504,-0.786928,-0.189554,0.396345,0.129981,0.071658,-0.101427,-0.95074,0.297502,0.087089,-0.080464,-0.50816,0.857494,0.299361,0.808247,0.507067,-0.051821,-0.02274,0.000498,-0.153059,0.071146,-0.324017,-0.881135
1379,0.226341,0.093755,0.277099,-0.932592,0.360297,-0.022434,-0.192013,-0.44231,0.87605,0.306876,0.820857,0.481713,-0.104652,-0.040271,0.005448,-0.361871,-0.182944,0.213356,-1.909563,-0.170387,-0.003493,0.33076,0.879835,-0.164548,0.445876,-0.185116,0.745218,0.64056,-0.438775,-0.64591,0.624612,-0.069887,-0.002058,0.004151,0.282154,-2.626588,2.121111,0.428647,0.034621,0.019354,-0.011378,-0.80991,0.322117,0.49019,0.085226,-0.762217,0.641686,0.580329,0.561484,0.589875,-0.034948,-0.001276,0.001889,0.211464,-2.565492,2.122826,0.396345,0.129002,0.07128,-0.101406,-0.955337,0.286098,0.074005,-0.083149,-0.500548,0.861705,0.283575,0.817067,0.501981,-0.052338,-0.020144,0.002806,-0.731509,-1.146064,1.831123,-0.884891
1380,0.222205,0.092674,0.277332,-0.94373,0.328123,-0.04189,-0.190516,-0.435467,0.879798,0.271614,0.837864,0.473536,-0.106945,-0.02259,0.004551,0.131958,-4.69115,-2.818905,-1.909064,-0.173359,-0.00353,0.330873,0.897188,-0.154325,0.413798,-0.167112,0.74845,0.641739,-0.409864,-0.644709,0.645155,-0.083862,-0.00301,0.004302,0.531669,-0.751554,0.209044,0.420767,0.033166,0.019333,-0.011327,-0.830604,0.315064,0.459163,0.067175,-0.761842,0.64427,0.552796,0.565978,0.611624,-0.035364,0.004166,-0.002386,0.084918,-0.283329,0.340138,0.39161,0.126934,0.070735,-0.101288,-0.964361,0.259165,0.053286,-0.084518,-0.49258,0.866153,0.250724,0.830781,0.49693,-0.04754,-0.010263,0.002819,-0.19275,-0.296813,0.520972,-0.879665
1381,0.218444,0.091747,0.277583,-0.951467,0.300248,-0.067878,-0.197525,-0.426194,0.882788,0.23731,0.852978,0.464909,-0.094056,-0.032666,0.010731,-0.092756,0.109085,-0.204737,-1.909222,-0.176473,-0.003599,0.330867,0.912718,-0.116952,0.391485,-0.180526,0.743892,0.643405,-0.36761,-0.657764,0.657322,-0.084735,0.005053,-0.006837,0.314466,-0.584789,0.07479,0.417323,0.03161,0.019297,-0.011325,-0.853979,0.280579,0.438172,0.081226,-0.759924,0.644916,0.513927,0.586336,0.626169,-0.041982,-0.003488,0.000313,0.36846,-1.00896,-0.103182,0.383772,0.125048,0.070278,-0.101162,-0.973705,0.226294,0.026247,-0.089267,-0.485004,0.869943,0.209593,0.844725,0.492452,-0.047687,-0.009635,0.003212,-0.096737,0.139355,-0.160825,-0.876726
1382,0.214754,0.090746,0.277923,-0.952412,0.294753,-0.077952,-0.202221,-0.419166,0.885087,0.229391,0.858365,0.458929,-0.082413,-0.030197,0.011815,-0.089961,0.074807,-0.154943,-1.908908,-0.179751,-0.003778,0.330726,0.9295,-0.068265,0.362436,-0.199418,0.733371,0.649872,-0.311327,-0.676238,0.667563,-0.084902,0.001233,-0.010476,0.263752,-0.39241,0.019682,0.426259,0.029971,0.019211,-0.011392,-0.880956,0.235324,0.410533,0.101849,-0.752944,0.650154,0.462106,0.61457,0.639344,-0.035455,0.000635,-0.00573,0.368238,-1.041702,0.640718,0.384915,0.123199,0.069777,-0.100992,-0.975087,0.221227,0.016167,-0.094097,-0.478544,0.873006,0.20087,0.849737,0.487439,-0.047193,-0.016132,0.00546,-0.122459,0.025161,-0.046449,-0.876073
1383,0.212989,0.090172,0.278166,-0.954897,0.284639,-0.084835,-0.203501,-0.418741,0.884994,0.217568,0.861989,0.457892,-0.082747,-0.028052,0.013644,-0.021538,-1.717587,-0.234203,-1.909138,-0.181164,-0.003745,0.330539,0.936396,-0.066195,0.344634,-0.187888,0.734587,0.65193,-0.297491,-0.675125,0.674958,-0.071611,0.014287,-0.018124,0.311192,-0.991758,0.636784,0.428795,0.029232,0.019222,-0.011494,-0.889099,0.23442,0.393128,0.090242,-0.752258,0.652658,0.44873,0.615755,0.647677,-0.035804,0.007022,-0.009127,0.415002,-1.085462,0.665164,0.391283,0.122317,0.069486,-0.100873,-0.977027,0.212884,0.009796,-0.095491,-0.478417,0.872924,0.190518,0.851936,0.487756,-0.047159,-0.014718,0.006656,-0.031149,-5.983077,-0.392693,-0.874113
1384,0.209579,0.088891,0.278866,-0.966612,0.231061,-0.110985,-0.202474,-0.42243,0.883476,0.158455,0.876162,0.455256,-0.082227,-0.038338,0.020753,0.605813,-4.843686,-2.490307,-1.909406,-0.183951,-0.003357,0.330023,0.946167,-0.012345,0.323431,-0.213135,0.727917,0.651647,-0.244662,-0.685477,0.685657,-0.0855,0.015754,-0.015908,0.183081,-0.306983,-0.14043,0.430504,0.027897,0.019405,-0.011745,-0.90939,0.183034,0.373508,0.116127,-0.750545,0.650535,0.399405,0.634965,0.661283,-0.035759,0.007889,-0.008415,-0.318607,-1.965183,-0.61252,0.396508,0.120643,0.068866,-0.100532,-0.986323,0.163776,-0.018515,-0.096247,-0.481132,0.871348,0.133797,0.861213,0.490315,-0.041173,-0.018661,0.010909,-0.288661,-1.510081,2.027025,-0.864153
1385,0.206526,0.08717,0.279814,-0.974717,0.177444,-0.135962,-0.200703,-0.426388,0.881977,0.099741,0.886746,0.451399,-0.081834,-0.049327,0.027358,0.02755,0.056559,-0.179431,-1.909508,-0.18664,-0.002765,0.329266,0.95323,0.010519,0.30205,-0.215304,0.724609,0.654615,-0.213178,-0.689035,0.692567,-0.071659,0.012337,-0.020176,0.07019,-0.093572,0.082405,0.441381,0.026521,0.019711,-0.012119,-0.921935,0.16071,0.352431,0.119285,-0.747848,0.653065,0.368519,0.644123,0.670296,-0.036144,0.011495,-0.014354,0.052115,-0.215019,0.237882,0.405979,0.119085,0.067995,-0.100052,-0.993353,0.105225,-0.046636,-0.092255,-0.48565,0.869271,0.06882,0.867796,0.49213,-0.040487,-0.031114,0.016248,0.049059,-0.301557,-0.188988,-0.869541
1386,0.203281,0.085197,0.280966,-0.973916,0.170884,-0.149436,-0.21059,-0.433826,0.876024,0.08608,0.884432,0.458691,-0.082456,-0.047126,0.029255,0.412247,0.412527,-0.009858,-1.909436,-0.188891,-0.002264,0.328569,0.957677,0.0269,0.28657,-0.216968,0.721245,0.657773,-0.190195,-0.692136,0.696159,-0.057384,0.017509,-0.016639,0.059005,0.042971,-0.115965,0.439431,0.025368,0.019955,-0.012486,-0.930011,0.14553,0.33749,0.121616,-0.744679,0.656248,0.346826,0.651362,0.674861,-0.028663,0.008975,-0.008088,0.060847,0.053323,-0.119664,0.410225,0.117463,0.067008,-0.099477,-0.993321,0.098372,-0.060293,-0.101264,-0.492832,0.864211,0.0553,0.864545,0.499502,-0.040847,-0.029842,0.017372,0.624401,0.496232,0.032613,-0.869215
1387,0.201589,0.0841,0.281622,-0.973781,0.165237,-0.156499,-0.214767,-0.439117,0.872366,0.076636,0.8829,0.463294,-0.08194,-0.059992,0.034342,1.017566,-4.60783,-2.455416,-1.908742,-0.189952,-0.001912,0.328319,0.958587,0.044043,0.281359,-0.226163,0.717652,0.658604,-0.174115,-0.695009,0.697503,-0.057141,0.0209,-0.013624,0.02682,-0.134614,0.094152,0.441037,0.024837,0.020128,-0.012613,-0.934211,0.128821,0.332645,0.131344,-0.742782,0.656522,0.331657,0.657022,0.676996,-0.02854,0.010688,-0.006569,0.025229,-0.141975,0.108923,0.410715,0.116616,0.066467,-0.099149,-0.992731,0.099735,-0.067356,-0.108429,-0.498353,0.860166,0.052222,0.861218,0.505544,-0.041377,-0.023592,0.01464,0.146452,-0.0814,0.716578,-0.870194
1388,0.198647,0.081557,0.282969,-0.977123,0.109845,-0.182236,-0.212437,-0.451728,0.866478,0.014072,0.885233,0.464964,-0.069604,-0.073145,0.038679,0.173431,-1.388932,-0.782337,-1.908409,-0.191934,-0.001262,0.327814,0.960436,0.045342,0.274767,-0.222448,0.717998,0.659491,-0.168586,-0.694569,0.699296,-0.043182,0.019718,-0.01573,0.053777,0.120473,-0.217495,0.445062,0.023884,0.020446,-0.012847,-0.936707,0.128081,0.325843,0.127311,-0.742364,0.657789,0.326144,0.65764,0.679072,-0.021283,0.004549,-0.003521,0.021204,-0.010305,-0.021465,0.41496,0.115142,0.065201,-0.098475,-0.994453,0.042371,-0.096257,-0.10435,-0.511579,0.852875,-0.013106,0.858189,0.513164,-0.040713,-0.037108,0.019296,0.727518,-5.11948,-2.126398,-0.871174
1389,0.195629,0.078153,0.28475,-0.974999,0.026263,-0.220752,-0.207605,-0.463195,0.861582,-0.078412,0.885838,0.45735,-0.081547,-0.097708,0.051152,0.195601,-1.607378,-0.54274,-1.909025,-0.193434,-0.000654,0.327401,0.965139,0.041668,0.258385,-0.209362,0.71481,0.667195,-0.158109,-0.698074,0.698253,-0.042937,0.022321,-0.013421,-0.398764,-1.835683,1.941862,0.447034,0.023097,0.020762,-0.013067,-0.941192,0.132454,0.310824,0.116218,-0.736901,0.665934,0.317253,0.662896,0.678173,-0.021453,0.011263,-0.006589,-0.364299,-1.83463,1.931157,0.418226,0.113607,0.06347,-0.097571,-0.98941,-0.040146,-0.139481,-0.09826,-0.522019,0.847254,-0.106826,0.851987,0.512546,-0.040785,-0.048884,0.025612,0.16556,-1.622449,-0.557948,-0.875746
1390,0.194093,0.076122,0.285763,-0.972144,-0.010829,-0.23423,-0.202636,-0.464148,0.862251,-0.116847,0.88571,0.449324,-0.06912,-0.112293,0.054589,-0.3713,-0.726349,0.75478,-1.90892,-0.194089,-0.000244,0.327187,0.966488,0.03975,0.253598,-0.204961,0.713737,0.669705,-0.155597,-0.69928,0.69761,-0.028824,0.024055,-0.012809,-0.005802,-0.134957,0.174399,0.447002,0.02278,0.020957,-0.013171,-0.94262,0.134712,0.305483,0.111769,-0.734863,0.668941,0.314603,0.664701,0.67764,-0.021359,0.012288,-0.005677,-0.071502,-0.594059,0.642491,0.419369,0.112896,0.062539,-0.0971,-0.985461,-0.076001,-0.151948,-0.090377,-0.522816,0.84764,-0.143862,0.84905,0.508347,-0.03454,-0.056125,0.027359,0.081089,-1.670864,-0.68349,-0.878032
1391,0.191208,0.071326,0.287964,-0.961785,-0.086595,-0.259837,-0.187262,-0.484594,0.854443,-0.198711,0.870557,0.450191,-0.069321,-0.139656,0.064741,0.463626,-0.548915,0.443661,-1.909595,-0.195145,0.000775,0.326579,0.966814,0.03211,0.253435,-0.20045,0.709825,0.675204,-0.15943,-0.70363,0.692351,-0.014927,0.022734,-0.01493,-0.087551,0.117438,0.095584,0.43601,0.022247,0.021472,-0.013469,-0.941666,0.142078,0.305086,0.108379,-0.730206,0.674574,0.318618,0.66829,0.672213,-0.014669,0.017051,-0.010947,-0.07842,0.247229,-0.068657,0.41545,0.111449,0.060166,-0.096008,-0.971284,-0.149861,-0.184792,-0.076275,-0.539564,0.838482,-0.225363,0.828499,0.512639,-0.040673,-0.070959,0.03182,1.298638,-4.992765,-2.26784,-0.877379
1392,0.188168,0.065793,0.290769,-0.94287,-0.1714,-0.285768,-0.164906,-0.505335,0.847003,-0.288414,0.845952,0.448564,-0.083026,-0.144149,0.079385,0.695619,-1.405319,-0.300834,-1.909318,-0.195488,0.001966,0.325765,0.966313,0.018178,0.256712,-0.195003,0.702152,0.684756,-0.169018,-0.711761,0.681684,-0.001455,0.034476,-0.023401,-0.253317,0.253715,0.260108,0.421988,0.022069,0.022075,-0.013883,-0.938549,0.155534,0.308113,0.105046,-0.721631,0.68426,0.32877,0.674578,0.660949,-0.000713,0.017277,-0.011657,-0.252683,0.259277,0.264966,0.398468,0.109909,0.057335,-0.094599,-0.948276,-0.231258,-0.217466,-0.05367,-0.558394,0.827837,-0.312876,0.79669,0.5171,-0.041171,-0.078259,0.042899,1.808831,-4.69464,-2.094105,-0.879502
1393,0.186482,0.062772,0.292524,-0.93026,-0.204508,-0.304696,-0.161439,-0.517693,0.840181,-0.328407,0.83103,0.44896,-0.083483,-0.152385,0.089761,0.205236,-1.29215,2.88308,-1.909189,-0.195518,0.002634,0.325291,0.966055,0.007968,0.258197,-0.190584,0.6962,0.692038,-0.175457,-0.717754,0.673726,-0.001502,0.033855,-0.023936,-0.351339,0.331978,0.317275,0.41973,0.022055,0.022397,-0.014109,-0.936479,0.165119,0.30942,0.102358,-0.715156,0.691428,0.335452,0.67918,0.652828,-0.00074,0.016916,-0.011973,-0.49253,0.425016,0.380368,0.390956,0.109097,0.055884,-0.09376,-0.934969,-0.2647,-0.236146,-0.046368,-0.568804,0.821164,-0.351683,0.778713,0.519541,-0.03541,-0.076106,0.044719,0.704103,-1.374915,-0.280342,-0.881788
1394,0.183393,0.056858,0.296202,-0.909018,-0.250504,-0.333136,-0.153524,-0.541932,0.826264,-0.386391,0.802544,0.454589,-0.072241,-0.145914,0.096387,0.164963,-1.391293,3.111474,-1.909958,-0.195166,0.004214,0.324061,0.961176,-0.02246,0.275004,-0.185679,0.684146,0.705266,-0.205191,-0.728909,0.653033,0.011727,0.043656,-0.034091,1.12732,4.344511,4.019324,0.410889,0.022226,0.023185,-0.014719,-0.926443,0.188744,0.325696,0.104719,-0.701839,0.704595,0.361575,0.686874,0.630449,0.005865,0.021613,-0.017243,-0.499489,1.089673,-0.172437,0.380343,0.107517,0.052868,-0.091889,-0.91287,-0.307144,-0.268941,-0.037709,-0.592513,0.804676,-0.406503,0.744707,0.529306,-0.042381,-0.079213,0.05149,0.504577,0.029788,0.702609,-0.877379
1395,0.180406,0.050874,0.300472,-0.884102,-0.306752,-0.352581,-0.12563,-0.570757,0.811435,-0.44905,0.762066,0.466516,-0.072845,-0.160785,0.119072,0.491874,0.165102,0.596358,-1.909757,-0.194467,0.005876,0.322747,0.94148,-0.132445,0.309945,-0.14284,0.675822,0.723046,-0.306411,-0.724827,0.616929,0.025565,0.044627,-0.03406,-1.048532,1.225279,0.548145,0.410761,0.022565,0.023995,-0.015365,-0.886371,0.296492,0.355581,0.059747,-0.688359,0.722904,0.459103,0.662007,0.592427,0.005891,0.022271,-0.016643,-0.910829,0.755289,1.14994,0.372015,0.106024,0.049879,-0.089765,-0.884623,-0.359903,-0.296496,-0.011761,-0.618418,0.78576,-0.466157,0.698589,0.542834,-0.036597,-0.07424,0.056376,0.204813,-0.352459,0.24597,-0.884401
1396,0.177458,0.044697,0.305236,-0.854656,-0.365674,-0.368635,-0.09499,-0.587934,0.803295,-0.509416,0.722012,0.468212,-0.074079,-0.157201,0.123833,2.28239,-4.38297,-2.088402,-1.910339,-0.193705,0.007559,0.321492,0.930725,-0.169648,0.32398,-0.140791,0.651115,0.745763,-0.33863,-0.739486,0.581681,0.025439,0.044371,-0.034213,-0.818715,0.845812,0.52646,0.417844,0.022951,0.024856,-0.016003,-0.866936,0.333552,0.370357,0.064232,-0.662101,0.746656,0.494262,0.671092,0.552575,0.012478,0.027739,-0.021167,-0.852653,2.113417,-0.888961,0.377403,0.104551,0.046796,-0.087378,-0.854916,-0.41003,-0.317793,0.015508,-0.63252,0.774388,-0.518533,0.657109,0.547111,-0.037084,-0.078715,0.061845,-0.158767,-0.495841,0.099307,-0.884727
1397,0.175995,0.041534,0.307705,-0.833289,-0.406111,-0.375165,-0.071987,-0.593162,0.80184,-0.547136,0.695675,0.465515,-0.074729,-0.157017,0.12481,2.204422,-4.442005,-2.126911,-1.910119,-0.193183,0.008435,0.320738,0.927617,-0.186332,0.323726,-0.135696,0.639083,0.757029,-0.349108,-0.745913,0.567098,0.02511,0.040537,-0.037637,-0.535623,0.161205,0.925662,0.41698,0.023212,0.025302,-0.016373,-0.860136,0.350621,0.370444,0.062433,-0.648439,0.758701,0.506227,0.675715,0.535856,0.012331,0.026166,-0.022559,-0.611543,0.237442,1.041202,0.379363,0.10382,0.045218,-0.08614,-0.831426,-0.44824,-0.328345,0.03847,-0.635957,0.770763,-0.554301,0.628201,0.545996,-0.03732,-0.084898,0.06551,-0.328043,-0.593897,0.002729,-0.886524
1398,0.172998,0.034922,0.312733,-0.7862,-0.482947,-0.385612,-0.029751,-0.59372,0.804104,-0.616309,0.644258,0.452903,-0.07628,-0.160957,0.123099,-0.410383,-0.176495,0.042567,-1.910504,-0.192089,0.010297,0.318835,0.897434,-0.273573,0.346065,-0.105702,0.628042,0.770925,-0.429368,-0.728075,0.53424,0.024101,0.046531,-0.050221,0.091162,2.13721,1.069964,0.406359,0.023751,0.026214,-0.017299,-0.817754,0.425424,0.387673,0.037755,-0.632451,0.773678,0.574326,0.647316,0.501128,0.012072,0.023322,-0.025042,0.027011,2.465703,1.495674,0.372995,0.102351,0.041982,-0.083664,-0.777945,-0.523577,-0.34737,0.084617,-0.635109,0.767773,-0.622607,0.567892,0.538384,-0.038152,-0.080269,0.061742,0.154181,-1.444512,-0.665354,-0.878522
1399,0.170186,0.028975,0.317311,-0.734829,-0.553053,-0.392687,0.016308,-0.593234,0.804847,-0.677167,0.585708,0.445441,-0.07774,-0.137425,0.109978,-0.147216,-0.441194,-0.048139,-1.910978,-0.191216,0.011917,0.316786,0.826679,-0.391546,0.404086,-0.081497,0.627085,0.774633,-0.557728,-0.672799,0.485947,0.023596,0.039785,-0.056299,-0.612752,2.544337,-1.829791,0.389498,0.024188,0.027032,-0.018316,-0.722676,0.534046,0.438786,0.01029,-0.626447,0.779395,0.691109,0.567766,0.447223,0.012212,0.013298,-0.024945,1.109188,6.97528,0.237934,0.357319,0.100916,0.038936,-0.081327,-0.722047,-0.589123,-0.362741,0.130192,-0.630646,0.765071,-0.679482,0.505192,0.532056,-0.03225,-0.0753,0.057879,0.25363,-1.385201,-0.580989,-0.877543
1400,0.16878,0.026099,0.319526,-0.716754,-0.576293,-0.392678,0.033117,-0.590641,0.806238,-0.695672,0.565585,0.442925,-0.065021,-0.151455,0.115619,-0.126496,-0.38021,-0.029603,-1.910964,-0.190866,0.012505,0.315728,0.802742,-0.423043,0.420275,-0.082724,0.618791,0.781146,-0.591517,-0.66128,0.461173,0.023299,0.035278,-0.060433,-0.849753,0.863734,0.279375,0.382082,0.024372,0.027345,-0.018863,-0.690554,0.561363,0.456075,0.014143,-0.619964,0.784501,0.723141,0.548192,0.420179,0.00507,0.011728,-0.026119,-0.943512,1.024987,0.393005,0.344419,0.100184,0.03745,-0.080176,-0.701968,-0.611183,-0.365644,0.146688,-0.626458,0.765527,-0.696938,0.48374,0.529407,-0.032572,-0.075978,0.057621,-0.148665,-0.390179,-0.031312,-0.878849
1401,0.165924,0.020577,0.323614,-0.688586,-0.610038,-0.392108,0.048968,-0.578631,0.814101,-0.722664,0.542135,0.428805,-0.080079,-0.134069,0.097023,-0.364772,-0.087313,-0.123062,-1.910718,-0.190122,0.013488,0.313318,0.754378,-0.493889,0.43241,-0.06906,0.595196,0.800566,-0.653693,-0.633157,0.41432,0.02282,0.027382,-0.067846,-0.633753,1.364025,0.289683,0.373194,0.024736,0.02783,-0.020039,-0.631566,0.621359,0.46372,0.006227,-0.594016,0.804428,0.775296,0.510938,0.371291,0.01188,0.007818,-0.030008,1.093321,5.755859,2.427222,0.328253,0.098786,0.034746,-0.078164,-0.671406,-0.642489,-0.369351,0.162085,-0.613632,0.772777,-0.723146,0.458981,0.516135,-0.040066,-0.073041,0.052149,-0.265443,-0.36125,-0.289352,-0.867908
1402,0.162455,0.015556,0.327247,-0.65592,-0.646522,-0.389645,0.069377,-0.565679,0.821685,-0.750838,0.51273,0.416387,-0.095012,-0.123859,0.089224,-0.371036,0.002475,-0.08717,-1.91083,-0.189154,0.014548,0.310529,0.661099,-0.606935,0.4411,-0.02584,0.568992,0.821897,-0.750633,-0.553976,0.359892,0.022639,0.023865,-0.071378,-1.10771,1.795434,0.591338,0.371218,0.02522,0.028356,-0.021436,-0.520774,0.71499,0.466457,-0.031536,-0.562137,0.826441,0.853111,0.41568,0.315295,0.018158,0.017138,-0.04044,1.375381,6.36992,2.461527,0.319598,0.097092,0.03227,-0.076379,-0.635872,-0.676313,-0.37184,0.182115,-0.599663,0.779254,-0.749999,0.427788,0.504476,-0.047574,-0.062579,0.044096,-0.191799,-0.358455,-0.301126,-0.867908
1403,0.160653,0.013424,0.328744,-0.629309,-0.673704,-0.387477,0.08892,-0.557755,0.825212,-0.771285,0.485695,0.411396,-0.109318,-0.113272,0.081173,0.293766,-1.337072,-0.766781,-1.911098,-0.188647,0.014967,0.309156,0.61806,-0.64896,0.443671,-0.015037,0.554374,0.832092,-0.786712,-0.520125,0.332291,0.022555,0.02198,-0.073317,-1.208011,1.440767,0.422673,0.371343,0.025491,0.028583,-0.022177,-0.467539,0.751099,0.466108,-0.038483,-0.544082,0.838148,0.883134,0.37393,0.283284,0.011264,0.01073,-0.036932,-1.13942,1.409499,0.387538,0.319272,0.096119,0.031113,-0.075568,-0.607467,-0.701252,-0.373132,0.200773,-0.59003,0.782019,-0.768552,0.400136,0.499217,-0.054735,-0.056971,0.040357,0.301843,-1.352854,-0.762484,-0.871174
1404,0.156866,0.009434,0.331458,-0.567926,-0.727665,-0.384719,0.129646,-0.540693,0.831153,-0.812111,0.423059,0.401899,-0.097018,-0.093248,0.063042,1.901218,-4.69833,-2.317278,-1.91098,-0.187296,0.015337,0.306357,0.563709,-0.696903,0.443339,-0.024275,0.522404,0.852314,-0.826269,-0.490331,0.276981,0.036772,0.005281,-0.072267,-0.968773,1.021664,0.366333,0.353931,0.026152,0.028768,-0.023548,-0.405553,0.788782,0.461897,-0.022531,-0.513791,0.857618,0.913793,0.337403,0.226141,0.02559,-0.003415,-0.033191,-1.077595,1.135709,0.448811,0.308658,0.094225,0.029117,-0.074213,-0.543059,-0.74964,-0.378319,0.23984,-0.570252,0.785676,-0.804712,0.335933,0.489475,-0.048747,-0.046972,0.031247,1.887285,-4.696452,-2.337625,-0.876726
1405,0.152977,0.006043,0.333749,-0.537319,-0.750386,-0.385038,0.143088,-0.53106,0.835148,-0.830496,0.394578,0.393207,-0.09803,-0.082312,0.054767,0.391529,-1.375573,-0.668195,-1.910553,-0.185709,0.015365,0.30348,0.479194,-0.757384,0.443546,-0.005215,0.502753,0.864376,-0.878238,-0.415554,0.236382,0.050711,0.003351,-0.07591,-0.458082,0.709705,0.345698,0.337639,0.026959,0.02878,-0.025019,-0.310473,0.833805,0.456481,-0.036559,-0.490331,0.870768,0.949878,0.253662,0.182717,0.025355,0.001505,-0.038129,-0.431729,0.691826,0.324598,0.281062,0.09228,0.02742,-0.073069,-0.509991,-0.770427,-0.382557,0.253461,-0.55959,0.789059,-0.821988,0.30545,0.480659,-0.049069,-0.041314,0.027307,0.397355,-1.390899,-0.665434,-0.878196
1406,0.148755,0.0032,0.335517,-0.50534,-0.771141,-0.387323,0.156508,-0.52334,0.837611,-0.847991,0.363617,0.385643,-0.112879,-0.06201,0.036704,-0.159399,-0.038896,-0.025997,-1.911586,-0.183528,0.015043,0.300632,0.382643,-0.810313,0.443812,0.02672,0.489753,0.871414,-0.923931,-0.320555,0.208468,0.066183,-0.022055,-0.065323,-0.125051,0.971098,0.073164,0.324332,0.028006,0.028631,-0.026391,-0.208079,0.868032,0.450801,-0.06486,-0.47212,0.879144,0.975959,0.153693,0.154538,0.032939,-0.004735,-0.036105,1.965421,5.490293,1.293577,0.264406,0.090254,0.026048,-0.072211,-0.476524,-0.78851,-0.388812,0.266744,-0.55108,0.790669,-0.837718,0.273059,0.472933,-0.049585,-0.031812,0.017668,0.01853,-0.417745,-0.197901,-0.86007
1407,0.146758,0.002102,0.336127,-0.487219,-0.783266,-0.386209,0.166749,-0.517585,0.839209,-0.856616,0.345451,0.383274,-0.099315,-0.051681,0.027548,-0.127482,0.035685,-0.148472,-1.911692,-0.182415,0.014744,0.299326,0.354207,-0.822736,0.444562,0.032254,0.485727,0.873478,-0.934996,-0.29401,0.198,0.066401,-0.022852,-0.066637,-0.245306,0.47565,-0.086474,0.318911,0.028581,0.028479,-0.02707,-0.175922,0.87568,0.449704,-0.069995,-0.4668,0.881588,0.981912,0.123614,0.143413,0.026248,-0.011563,-0.032889,-0.249046,0.531212,-0.10217,0.256242,0.089207,0.025468,-0.071891,-0.457429,-0.799269,-0.389777,0.276588,-0.544463,0.79187,-0.845137,0.254416,0.470121,-0.04974,-0.026464,0.013312,-0.083252,-0.135733,-0.042738,-0.862193
1408,0.142908,8.8e-05,0.337042,-0.473855,-0.792516,-0.38396,0.164332,-0.507971,0.845537,-0.864555,0.338549,0.371426,-0.100656,-0.046085,0.014252,-0.199341,0.030452,-0.19526,-1.910965,-0.180207,0.013864,0.296776,0.318496,-0.835146,0.448422,0.033579,0.482581,0.87517,-0.947668,-0.262623,0.181154,0.053028,-0.020835,-0.064515,2.357388,5.099352,0.995944,0.293186,0.029689,0.028032,-0.028352,-0.143796,0.88035,0.452001,-0.068029,-0.464461,0.882976,0.987265,0.096219,0.126677,0.033512,-0.010684,-0.033122,-0.131347,0.279831,0.008933,0.231911,0.087284,0.024467,-0.071422,-0.44319,-0.807548,-0.389162,0.273533,-0.535247,0.79918,-0.853675,0.24774,0.458108,-0.050423,-0.028356,0.011537,-0.203171,-0.063319,-0.01327,-0.855335
1409,0.139014,-0.001599,0.337287,-0.470326,-0.796987,-0.379013,0.158708,-0.498895,0.85199,-0.86753,0.341551,0.361611,-0.101504,-0.027904,-0.00623,-0.089798,0.027602,-0.145595,-1.909274,-0.177692,0.013028,0.294439,0.251648,-0.852366,0.458407,0.055742,0.485511,0.872414,-0.966466,-0.192912,0.169089,0.054432,-0.026468,-0.051939,-0.132884,2.545289,-2.280474,0.27391,0.030946,0.027609,-0.029533,-0.071503,0.887369,0.455481,-0.093451,-0.460602,0.882673,0.993052,0.020549,0.11586,0.033984,-0.006746,-0.029838,2.575851,4.943901,0.862544,0.200723,0.085337,0.023614,-0.071294,-0.43894,-0.811974,-0.384746,0.267779,-0.526958,0.806603,-0.857686,0.251024,0.448732,-0.050919,-0.019607,0.000999,-0.084519,-0.045546,0.015857,-0.845538
1410,0.13705,-0.002214,0.337211,-0.467467,-0.799277,-0.377725,0.155041,-0.49482,0.855037,-0.869738,0.342131,0.355711,-0.087721,-0.027634,-0.006236,-0.540967,-0.301425,-0.255263,-1.909177,-0.176475,0.01264,0.293379,0.236741,-0.854315,0.462701,0.058363,0.487767,0.870983,-0.970054,-0.178114,0.164728,0.054702,-0.024548,-0.050346,-0.159492,0.275949,-0.01877,0.271544,0.031555,0.027415,-0.030062,-0.054774,0.885309,0.461765,-0.097001,-0.46499,0.879985,0.993775,0.003409,0.111345,0.034021,-0.005755,-0.028728,-0.226675,0.282572,0.116498,0.193048,0.084387,0.023311,-0.071335,-0.437438,-0.813255,-0.383749,0.265818,-0.524615,0.808776,-0.859062,0.251783,0.445664,-0.043952,-0.014475,-0.003623,-0.038867,0.036124,-0.103329,-0.847824
1411,0.133705,-0.003305,0.336628,-0.455605,-0.81055,-0.368074,0.151373,-0.478034,0.865183,-0.876662,0.339471,0.340956,-0.089412,-0.024958,-0.022435,-0.371804,-0.19603,-0.23758,-1.909225,-0.174275,0.011828,0.291354,0.222405,-0.851886,0.47415,0.0559,0.496556,0.866165,-0.973567,-0.165059,0.157436,0.055137,-0.023708,-0.050253,0.00343,0.255405,-0.295054,0.273217,0.032676,0.027005,-0.031088,-0.040044,0.88055,0.472257,-0.095702,-0.473843,0.875392,0.994603,-0.010141,0.103245,0.027598,-0.011765,-0.025062,0.026932,0.23534,-0.304826,0.18864,0.082678,0.022764,-0.071613,-0.422907,-0.824577,-0.375794,0.260117,-0.507716,0.821317,-0.868036,0.24959,0.429203,-0.044721,-0.012682,-0.011336,-0.470604,-0.254902,-0.26611,-0.853539
1412,0.130338,-0.003962,0.335538,-0.444509,-0.816395,-0.368721,0.138762,-0.469441,0.871976,-0.88442,0.337451,0.322422,-0.089258,-0.011696,-0.02938,-0.380301,-0.25373,-0.209041,-1.908591,-0.171981,0.010872,0.289434,0.213347,-0.848813,0.483725,0.051432,0.50408,0.862086,-0.975826,-0.157975,0.150567,0.055595,-0.021606,-0.048789,0.011491,0.233437,-0.276029,0.257877,0.033802,0.026534,-0.032031,-0.031594,0.876022,0.481233,-0.092943,-0.481963,0.871247,0.995169,-0.0172,0.096647,0.035345,-0.016706,-0.021539,-0.005719,0.119689,-0.130376,0.180965,0.080992,0.022419,-0.072167,-0.411647,-0.82936,-0.377766,0.247757,-0.500746,0.829378,-0.877018,0.247817,0.411611,-0.044492,-0.000894,-0.019309,-0.499408,-0.331099,-0.264882,-0.854355
1413,0.127143,-0.004054,0.334126,-0.43969,-0.81632,-0.37462,0.125672,-0.468948,0.874223,-0.888779,0.338322,0.309254,-0.075012,-0.000746,-0.038176,-0.283303,-0.243265,-0.143405,-1.908451,-0.169686,0.009803,0.287479,0.203524,-0.8419,0.499774,0.045218,0.517881,0.854218,-0.978217,-0.150194,0.142817,0.056035,-0.025341,-0.053746,0.022451,0.131995,-0.140019,0.232677,0.034928,0.026023,-0.032979,-0.022584,0.867589,0.496768,-0.089717,-0.496649,0.863301,0.99571,-0.025071,0.089054,0.028032,-0.013001,-0.027257,0.009682,0.246029,-0.294367,0.154185,0.079389,0.022367,-0.07287,-0.407365,-0.828641,-0.383936,0.235034,-0.501362,0.832703,-0.882503,0.248976,0.398996,-0.037558,-0.000797,-0.019413,-0.426376,-0.401299,-0.040771,-0.855008
1414,0.125756,-0.004129,0.333355,-0.443883,-0.813641,-0.375503,0.115439,-0.467511,0.876401,-0.888078,0.346682,0.301921,-0.075182,-0.000558,-0.038251,-0.222159,-0.30826,0.047328,-1.90839,-0.16852,0.009213,0.286417,0.199464,-0.839899,0.504753,0.044244,0.522183,0.851646,-0.979092,-0.146482,0.140659,0.071494,-0.038296,-0.04985,-0.01216,0.129131,-0.12769,0.225167,0.035505,0.02573,-0.033507,-0.018746,0.86494,0.501524,-0.089651,-0.501046,0.860763,0.995796,-0.028826,0.086935,0.028159,-0.013644,-0.02822,0.007942,0.248347,-0.298359,0.139979,0.078719,0.022335,-0.073244,-0.411789,-0.82641,-0.384024,0.224787,-0.500507,0.836039,-0.883119,0.257948,0.39187,-0.030581,-0.001309,-0.019907,-0.389351,-0.316254,-0.145695,-0.856968
1415,0.12309,-0.003889,0.331908,-0.454641,-0.805668,-0.379797,0.097662,-0.468969,0.877782,-0.884752,0.362985,0.292376,-0.073297,0.018767,-0.039355,-0.339071,-0.425794,0.006004,-1.908448,-0.166004,0.008006,0.284123,0.188086,-0.835295,0.516622,0.04618,0.532835,0.844919,-0.981238,-0.134007,0.13812,0.071229,-0.030825,-0.063065,0.112097,0.055675,-0.200213,0.210112,0.036784,0.025116,-0.034668,-0.007506,0.858309,0.513077,-0.093785,-0.511435,0.854188,0.995564,-0.041707,0.084336,0.035638,-0.01571,-0.031891,0.125697,0.150271,-0.375058,0.119404,0.07736,0.022431,-0.073989,-0.424154,-0.818636,-0.387204,0.208388,-0.504328,0.837989,-0.881287,0.274748,0.384507,-0.036761,0.004454,-0.014927,-0.39993,-0.35024,-0.174671,-0.857621
1416,0.120667,-0.003173,0.33067,-0.46646,-0.794256,-0.389379,0.081129,-0.476797,0.875246,-0.880247,0.377664,0.287336,-0.044462,0.011032,-0.027689,-0.103008,-0.175318,0.000828,-1.908435,-0.16296,0.006601,0.281573,0.164793,-0.828489,0.535203,0.049518,0.548774,0.834464,-0.985227,-0.109969,0.130763,0.072072,-0.034613,-0.068979,0.140773,0.044717,-0.255209,0.212565,0.038306,0.024415,-0.03594,0.015341,0.847564,0.53047,-0.100228,-0.526557,0.84421,0.994845,-0.066119,0.076871,0.043778,-0.02279,-0.031272,0.163309,-0.00168,-0.284978,0.109117,0.076138,0.022794,-0.07461,-0.436632,-0.808226,-0.395124,0.191113,-0.512508,0.837144,-0.879106,0.29001,0.37824,-0.028861,0.012295,-0.016924,-0.104382,-0.302198,0.142233,-0.864316
1417,0.119799,-0.002856,0.3301,-0.470769,-0.789954,-0.39293,0.071786,-0.478221,0.875285,-0.878759,0.384831,0.282336,-0.043426,0.024354,-0.033925,-0.280979,0.11041,0.343526,-1.908275,-0.161357,0.005709,0.280289,0.160613,-0.821974,0.546401,0.046118,0.559121,0.827763,-0.986076,-0.106717,0.126998,0.073618,-0.048908,-0.065701,0.367044,-0.18226,-0.46732,0.216004,0.039134,0.023957,-0.036606,0.020183,0.840876,0.54085,-0.09772,-0.536711,0.838087,0.995008,-0.069767,0.071338,0.036843,-0.024766,-0.033259,0.357089,-0.179593,-0.447065,0.110097,0.075687,0.022958,-0.074905,-0.441274,-0.804249,-0.398069,0.181826,-0.514526,0.837974,-0.878758,0.297397,0.373281,-0.021642,0.01239,-0.016726,-0.257345,0.124854,0.348876,-0.868562
1418,0.118229,-0.002135,0.32922,-0.481667,-0.781327,-0.39695,0.056345,-0.479661,0.875627,-0.873956,0.400366,0.275562,-0.028481,0.018385,-0.020662,-0.023302,-0.155674,0.082483,-1.907894,-0.157799,0.003657,0.277512,0.155527,-0.810862,0.564185,0.044519,0.576197,0.816057,-0.986958,-0.100782,0.124979,0.104031,-0.05195,-0.074988,0.297563,-0.13832,-0.382882,0.218419,0.040913,0.022932,-0.037993,0.02327,0.828837,0.559005,-0.10091,-0.554353,0.826141,0.994622,-0.075634,0.070738,0.052053,-0.026313,-0.037949,0.388327,-0.200469,-0.4429,0.113363,0.074913,0.023309,-0.075338,-0.453243,-0.796324,-0.400546,0.166646,-0.517127,0.839528,-0.87567,0.313762,0.367088,-0.021135,0.010559,-0.009186,-0.013948,-0.145138,0.060355,-0.868725
1419,0.11705,-0.001392,0.32855,-0.48497,-0.782555,-0.390458,0.050697,-0.470916,0.880704,-0.872472,0.408292,0.268547,-0.013818,0.01931,-0.019483,-0.131041,-0.039046,-0.747886,-1.908299,-0.153906,0.001471,0.274586,0.150264,-0.80003,0.58083,0.043724,0.592193,0.804568,-0.987802,-0.094496,0.123212,0.105508,-0.052042,-0.077825,0.008065,0.233772,-0.326998,0.239401,0.04282,0.021854,-0.039433,0.026167,0.817097,0.575905,-0.10454,-0.570707,0.814471,0.994175,-0.081517,0.070485,0.053364,-0.032245,-0.035792,-0.076095,0.288643,-0.331618,0.128548,0.074319,0.023685,-0.075669,-0.4564,-0.7974,-0.39478,0.160943,-0.510351,0.844771,-0.875097,0.322017,0.36126,-0.013775,0.011035,-0.008551,-0.03106,0.544127,-2.595446,-0.87346
1420,0.116386,-0.000615,0.328117,-0.500465,-0.772045,-0.391824,0.031117,-0.468361,0.882973,-0.864591,0.430664,0.258917,-0.012395,0.025473,-0.013703,-2.215933,4.778775,1.385999,-1.90814,-0.149779,-0.000635,0.271694,0.142095,-0.787796,0.599315,0.038864,0.609323,0.791928,-0.989202,-0.088247,0.116422,0.106841,-0.048609,-0.076317,-0.021231,0.260343,-0.306777,0.255246,0.044883,0.020794,-0.040886,0.033168,0.803754,0.594035,-0.103205,-0.58843,0.801933,0.994106,-0.087906,0.063434,0.05344,-0.024341,-0.038236,-0.033659,0.159072,-0.12276,0.153695,0.073986,0.024069,-0.07589,-0.467323,-0.791413,-0.394047,0.143885,-0.507852,0.849342,-0.872298,0.34022,0.351203,-0.006416,0.007587,-0.002358,-0.061547,-0.083974,-0.054584,-0.874767
1421,0.116163,-0.000153,0.327859,-0.515001,-0.762206,-0.392252,0.017539,-0.466909,0.884115,-0.856386,0.449388,0.254322,-0.012623,0.02439,-0.014711,-2.506357,4.585952,1.243386,-1.907863,-0.147656,-0.001534,0.27023,0.136244,-0.782726,0.607264,0.03519,0.616308,0.786677,-0.990155,-0.084827,0.110726,0.106129,-0.033793,-0.0809,-0.076627,0.336784,-0.469495,0.255027,0.045945,0.020335,-0.041621,0.038571,0.79798,0.601448,-0.100924,-0.595707,0.796835,0.994145,-0.091436,0.057558,0.053744,-0.023255,-0.037537,-0.333817,0.501086,-0.919417,0.15941,0.073875,0.024306,-0.076012,-0.483784,-0.782015,-0.392944,0.13177,-0.50895,0.85065,-0.865211,0.359753,0.349267,0.00073,0.011377,-0.007937,-0.354734,-0.344609,-0.143332,-0.87395
1422,0.115988,0.000704,0.327234,-0.534637,-0.745908,-0.397278,-0.004767,-0.467471,0.883979,-0.844421,0.475429,0.246874,0.001025,0.020952,-0.01756,-0.850853,1.249682,0.334061,-1.906401,-0.14333,-0.002997,0.267365,0.130467,-0.776663,0.616251,0.034279,0.624617,0.780136,-0.990958,-0.079683,0.107318,0.10829,-0.038956,-0.067705,-0.015408,0.133416,-0.11475,0.253278,0.048107,0.019601,-0.043064,0.043802,0.790873,0.61041,-0.101812,-0.604281,0.790238,0.993838,-0.096761,0.054052,0.060953,-0.012614,-0.037286,0.020049,0.110344,-0.063729,0.159737,0.073784,0.024747,-0.076327,-0.508523,-0.765184,-0.394838,0.106234,-0.510807,0.853106,-0.854469,0.391879,0.341046,0.000503,0.010407,-0.008836,-0.908575,1.249235,0.306925,-0.876563
1423,0.116022,0.001355,0.32659,-0.549101,-0.734442,-0.398908,-0.023945,-0.463315,0.885854,-0.834749,0.496889,0.237325,-0.000137,0.00763,-0.011441,-0.240311,-0.316087,0.069299,-1.904589,-0.138774,-0.003947,0.264762,0.115767,-0.774175,0.622288,0.039395,0.629479,0.775976,-0.992574,-0.064346,0.102566,0.122227,-0.015261,-0.063418,0.017054,0.099802,-0.0633,0.257277,0.050335,0.019117,-0.044351,0.058248,0.785734,0.615815,-0.107859,-0.608298,0.786344,0.992457,-0.112224,0.049317,0.054341,-0.014414,-0.0282,-0.105382,0.218804,-0.318921,0.162023,0.073801,0.025072,-0.076643,-0.524479,-0.754547,-0.394435,0.086843,-0.508259,0.856813,-0.846982,0.415128,0.332098,0.000197,0.009016,-0.010147,-0.321411,-0.27417,-0.143649,-0.884564
1424,0.116064,0.001596,0.326259,-0.56259,-0.723614,-0.3999,-0.037761,-0.460749,0.886711,-0.825194,0.514855,0.232393,0.000243,0.017525,-0.020754,-0.965732,1.084342,0.405146,-1.904324,-0.136465,-0.004226,0.263586,0.113017,-0.77154,0.626054,0.03744,0.632843,0.773332,-0.992963,-0.062993,0.099599,0.122405,-0.011722,-0.059607,0.026386,0.074364,-0.021499,0.261693,0.051489,0.018977,-0.04494,0.060636,0.782704,0.619432,-0.106658,-0.611941,0.783677,0.992444,-0.113586,0.046376,0.05368,-0.006362,-0.029277,0.041994,-0.031596,0.112862,0.165779,0.073823,0.025187,-0.076799,-0.534907,-0.747213,-0.394393,0.076424,-0.507663,0.858159,-0.841447,0.428894,0.328657,0.000109,0.008634,-0.010506,-0.391496,-0.455142,-0.018409,-0.884074
1425,0.116085,0.001994,0.325726,-0.576387,-0.713335,-0.398717,-0.049194,-0.456783,0.888201,-0.814999,0.532449,0.228695,-0.000159,0.007536,-0.011527,0.00623,-0.022619,-0.070945,-1.904022,-0.132066,-0.004518,0.261371,0.100442,-0.763355,0.638116,0.034986,0.643566,0.764548,-0.994387,-0.053511,0.090523,0.122784,-0.006874,-0.054746,-0.059499,0.171525,-0.232935,0.269048,0.053735,0.018828,-0.046066,0.072209,0.772578,0.630799,-0.106727,-0.622834,0.775039,0.991662,-0.123288,0.037481,0.053859,-0.004094,-0.027008,-0.291315,0.440031,-0.826335,0.176066,0.073833,0.025388,-0.077078,-0.552573,-0.73612,-0.390882,0.06102,-0.503456,0.861862,-0.831227,0.452391,0.323115,0.000205,0.009068,-0.010098,0.117819,-0.055473,-0.078119,-0.879829
