frame,MLTx,MLTy,MLTz,MLTR1,MLTR2,MLTR3,MLTR4,MLTR5,MLTR6,MLTR7,MLTR8,MLTR9,MLTTVx,MLTTVy,MLTTVz,MLTRVx,MLTRVy,MLTRVz,MLGA,MRTx,MRTy,MRTz,MRTR1,MRTR2,MRTR3,MRTR4,MRTR5,MRTR6,MRTR7,MRTR8,MRTR9,MRTTVx,MRTTVy,MRTTVz,MRTRVx,MRTRVy,MRTRVz,MRGA,SLTx,SLTy,SLTz,SLTR1,SLTR2,SLTR3,SLTR4,SLTR5,SLTR6,SLTR7,SLTR8,SLTR9,SLTTVx,SLTTVy,SLTTVz,SLTRVx,SLTRVy,SLTRVz,SLGA,SRTx,SRTy,SRTz,SRTR1,SRTR2,SRTR3,SRTR4,SRTR5,SRTR6,SRTR7,SRTR8,SRTR9,SRTTVx,SRTTVy,SRTTVz,SRTRVx,SRTRVy,SRTRVz,SRGA
165,0.115924,0.039729,0.376468,0.27042,-0.584704,-0.764879,-0.277124,-0.808126,0.519718,-0.922342,0.072147,-0.379615,-0.000687,-0.003079,-0.001753,-0.0,-0.0,0.0,0.223109,-0.139329,0.043989,0.329309,-0.864679,-0.045216,0.500277,0.474022,0.255416,0.842615,-0.164787,0.965755,-0.200062,0.000108,-0.000964,-0.000723,0.014908,-0.11431,0.162053,-1.403327,0.05015,0.043089,-0.012108,0.885008,-0.10735,0.453028,-0.465149,-0.162363,0.870214,-0.019862,-0.980874,-0.193627,7.1e-05,-0.000637,-0.00048,2.5e-05,4.8e-05,-9e-06,-0.896916,0.073752,0.044259,-0.05171,0.247576,-0.52131,-0.816664,-0.169703,-0.853207,0.493191,-0.95389,0.016488,-0.299701,-0.000386,-0.001739,-0.000991,5.2e-05,0.014467,-0.0262,0.144167
166,0.115934,0.039564,0.376373,0.271929,-0.582687,-0.765883,-0.277954,-0.809507,0.517119,-0.92165,0.07298,-0.381133,0.010955,-0.0071,-0.004314,0.000394,-0.000626,0.004423,0.166697,-0.139219,0.043877,0.329396,-0.863676,-0.046867,0.501856,0.475421,0.254309,0.842161,-0.166006,0.965971,-0.198003,0.012566,0.001926,0.000217,0.010984,-0.02622,0.02065,-1.403591,0.0502,0.04303,-0.012066,0.884369,-0.105329,0.454749,-0.466421,-0.160805,0.869823,-0.018492,-0.981349,-0.191339,0.000694,-0.005523,0.003892,-0.047579,0.011735,-0.009996,-0.896263,0.073754,0.044182,-0.051755,0.248851,-0.519106,-0.81768,-0.170654,-0.854531,0.490564,-0.953388,0.017463,-0.301239,-0.000499,-0.002246,-0.001282,0.002595,0.001572,-0.004413,0.080483
167,0.115955,0.039431,0.376241,0.275871,-0.577237,-0.768595,-0.280535,-0.813159,0.509945,-0.919698,0.075651,-0.385303,-8.4e-05,0.007139,-0.01071,0.034898,-0.016851,0.016427,0.103381,-0.139104,0.043802,0.329498,-0.863724,-0.046988,0.501762,0.475247,0.254649,0.842157,-0.166254,0.965876,-0.19826,0.00141,-0.011202,0.007673,-0.036564,0.009214,-0.018691,-1.403362,0.050262,0.042999,-0.012017,0.884531,-0.105299,0.45444,-0.466123,-0.161371,0.869878,-0.018264,-0.98126,-0.19182,-2.9e-05,0.000241,0.00018,-0.000498,0.000593,0.00048,-0.89708,0.073768,0.044106,-0.051821,0.252115,-0.513221,-0.82039,-0.173581,-0.85801,0.483412,-0.952001,0.020529,-0.305404,-0.000465,-0.002089,-0.001195,0.002752,0.016109,-0.030773,-0.00851
168,0.115952,0.039386,0.376192,0.277443,-0.575172,-0.769576,-0.281284,-0.814549,0.507308,-0.918998,0.076431,-0.386818,-0.000628,-0.002815,-0.001609,-1.552874,-0.689939,2.181038,0.078396,-0.13905,0.043756,0.329531,-0.863733,-0.04701,0.501744,0.475199,0.254799,0.842139,-0.166343,0.965835,-0.198384,0.001456,-0.011608,0.00737,-0.036565,0.009209,-0.018693,-1.402937,0.050289,0.042976,-0.012,0.884544,-0.105286,0.454417,-0.4661,-0.161531,0.86986,-0.018182,-0.981235,-0.191955,0.006309,0.000735,-6.6e-05,0.002018,-0.015008,0.029233,-0.897406,0.073766,0.044086,-0.051849,0.252319,-0.513007,-0.820462,-0.173411,-0.858142,0.483238,-0.951978,0.020347,-0.305487,-0.000369,-0.00166,-0.000949,0.00049,0.000256,-0.000789,-0.046557
169,0.115963,0.039356,0.376086,0.278873,-0.573275,-0.770475,-0.281951,-0.815818,0.504892,-0.918362,0.077143,-0.388184,-0.000463,-0.002075,-0.001187,-0.004359,0.012421,-0.019829,0.046586,-0.138974,0.043682,0.329553,-0.862632,-0.048403,0.503502,0.476858,0.253526,0.841584,-0.167298,0.966103,-0.196265,1.7e-05,-0.000154,-0.000115,0.003372,-0.004156,-0.003239,-1.40293,0.050327,0.042934,-0.011987,0.883739,-0.103621,0.456362,-0.467665,-0.159848,0.869331,-0.017132,-0.981687,-0.189724,9e-06,-8.8e-05,-6.7e-05,-0.012587,0.007252,0.010624,-0.897733,0.073772,0.044072,-0.051902,0.254669,-0.508905,-0.822288,-0.175184,-0.860534,0.47832,-0.951027,0.022238,-0.308304,-4.6e-05,-0.000213,-0.000121,-0.009648,-0.00383,0.012649,-0.108607
170,0.115975,0.039378,0.376077,0.278935,-0.573225,-0.77049,-0.281884,-0.81586,0.504862,-0.918364,0.077073,-0.388193,5.6e-05,0.000251,0.000143,-0.0,-0.0,0.0,0.015581,-0.138974,0.043685,0.32958,-0.862683,-0.048546,0.5034,0.476726,0.253557,0.84165,-0.16741,0.966088,-0.196243,-3.6e-05,0.000321,0.00024,1e-06,-1e-06,-1e-06,-1.40301,0.050327,0.042936,-0.011973,0.88387,-0.103581,0.456118,-0.46742,-0.160065,0.869422,-0.017047,-0.981656,-0.189893,-1.9e-05,0.000164,0.000123,-0.00024,0.000449,0.000244,-0.896263,0.073778,0.044081,-0.051908,0.254682,-0.508916,-0.822277,-0.175103,-0.86053,0.478357,-0.951038,0.022155,-0.308275,5.7e-05,0.000252,0.000143,0.000103,3.6e-05,-0.000118,-0.143878
171,0.116002,0.039374,0.376073,0.280218,-0.571425,-0.77136,-0.282776,-0.817031,0.502463,-0.9177,0.078029,-0.389571,1e-06,4e-06,2e-06,-9e-06,-4e-06,1.3e-05,-0.0084,-0.138972,0.043675,0.329596,-0.862679,-0.048542,0.503409,0.476726,0.253609,0.841635,-0.167434,0.966075,-0.196288,-3e-06,2.8e-05,2.1e-05,0.0,-0.0,-0.0,-1.402677,0.050328,0.042931,-0.011965,0.883866,-0.103589,0.456124,-0.467429,-0.160117,0.869408,-0.017028,-0.981647,-0.189943,-0.0,-4e-06,-2e-06,3.6e-05,0.000197,-1.8e-05,-0.89512,0.073792,0.044081,-0.051908,0.255768,-0.506939,-0.823161,-0.176118,-0.861668,0.475931,-0.950559,0.023245,-0.309669,7e-06,3e-05,1.6e-05,0.00278,0.001666,-0.004728,-0.169351
172,0.116039,0.039368,0.376069,0.281624,-0.569504,-0.772268,-0.283619,-0.818285,0.499943,-0.917011,0.078937,-0.391007,0.0,0.0,0.0,-0.0,-0.0,0.0,-0.047936,-0.138969,0.043647,0.329575,-0.862653,-0.048475,0.503459,0.476786,0.253618,0.841598,-0.167394,0.966075,-0.196319,5.1e-05,-0.000447,-0.000335,0.0,-0.0,-0.0,-1.402986,0.05033,0.042916,-0.011976,0.883831,-0.103654,0.456176,-0.467493,-0.160114,0.869375,-0.017075,-0.98164,-0.189972,2.6e-05,-0.000233,-0.000175,6.3e-05,0.000117,-2.1e-05,-0.89512,0.07381,0.044078,-0.05191,0.256923,-0.504898,-0.824055,-0.177063,-0.862836,0.473456,-0.950072,0.024268,-0.311082,-0.0,9e-06,6e-06,0.000534,0.000288,-0.000868,-0.208868
173,0.11602,0.039363,0.376078,0.282813,-0.567796,-0.773091,-0.284565,-0.819372,0.497618,-0.916353,0.079963,-0.39234,0.0,0.0,0.0,-0.465883,-0.207122,0.654252,-0.08488,-0.138962,0.043591,0.329582,-0.862656,-0.048499,0.503452,0.476757,0.253718,0.841584,-0.167462,0.966048,-0.196395,0.001482,-0.011822,0.007212,-0.036564,0.009196,-0.018701,-1.402948,0.050332,0.042892,-0.011976,0.883844,-0.103627,0.456158,-0.467471,-0.16019,0.869373,-0.017019,-0.981631,-0.190025,1.3e-05,-0.000109,-8.3e-05,4.9e-05,7.9e-05,-6e-06,-0.89463,0.073801,0.044076,-0.051906,0.257567,-0.503664,-0.824609,-0.177822,-0.863534,0.471897,-0.949756,0.025088,-0.31198,1e-05,-1.1e-05,1.4e-05,-1.550995,-0.69002,2.181755,-0.234668
174,0.116047,0.039351,0.376081,0.282951,-0.567652,-0.773146,-0.284533,-0.819475,0.497467,-0.91632,0.079927,-0.392422,0.0,0.0,0.0,-0.0,-0.0,0.0,-0.132627,-0.138958,0.043553,0.329577,-0.861562,-0.049943,0.505181,0.478407,0.252312,0.84107,-0.168382,0.966344,-0.194138,0.000173,-0.001525,-0.001143,0.014557,-0.017948,-0.013978,-1.402949,0.050335,0.042872,-0.011973,0.883023,-0.101891,0.458133,-0.469055,-0.158296,0.868867,-0.016009,-0.98212,-0.187572,0.000101,-0.000888,-0.000665,-0.007744,0.011582,-0.020227,-0.895773,0.073814,0.04407,-0.051904,0.258029,-0.5029,-0.824931,-0.17809,-0.863971,0.470995,-0.949581,0.025382,-0.312491,-5e-06,4e-06,4e-06,0.0007,0.000391,-0.001179,-0.257855
175,0.116075,0.039282,0.376097,0.287033,-0.561999,-0.775767,-0.28719,-0.823074,0.489942,-0.914224,0.082857,-0.396683,-5e-05,-0.000226,-0.000129,-1e-06,-0.0,1e-06,-0.25036,-0.138952,0.0435,0.329562,-0.860415,-0.048668,0.507256,0.480359,0.254154,0.839401,-0.168687,0.965925,-0.195951,6.2e-05,-0.000545,-0.000409,-0.012837,0.003571,-0.017966,-1.402776,0.050338,0.042842,-0.011983,0.881851,-0.103048,0.460128,-0.471263,-0.160041,0.86735,-0.01574,-0.981716,-0.189696,3.7e-05,-0.000311,-0.000233,-0.043483,0.012698,-0.059216,-0.894957,0.073828,0.044035,-0.051897,0.261452,-0.496774,-0.827561,-0.18111,-0.867404,0.463473,-0.948072,0.028703,-0.316756,-3.1e-05,-0.000126,-7.2e-05,0.003249,0.001923,-0.005531,-0.331662
176,0.116101,0.039215,0.37608,0.290091,-0.557906,-0.777582,-0.288782,-0.825672,0.484606,-0.912759,0.084661,-0.399663,0.011612,-0.004219,-0.002676,0.000397,-0.00062,0.004422,-0.345892,-0.138946,0.043457,0.32959,-0.859278,-0.04744,0.509295,0.482255,0.256061,0.837733,-0.169068,0.965481,-0.197803,-4e-06,3.7e-05,2.7e-05,-9e-06,3e-06,-1.3e-05,-1.402512,0.050341,0.04282,-0.011969,0.880632,-0.104054,0.462233,-0.47355,-0.161592,0.865816,-0.015399,-0.981356,-0.191577,0.000725,-0.005762,0.003718,-0.033215,0.008589,-0.014141,-0.894794,0.073837,0.044007,-0.051902,0.264008,-0.492389,-0.829368,-0.18294,-0.86983,0.458177,-0.947011,0.030762,-0.31972,-0.000111,-0.000493,-0.000282,0.001312,0.000748,-0.002171,-0.411511
177,0.116172,0.039119,0.376011,0.291544,-0.555931,-0.778452,-0.289553,-0.82691,0.482027,-0.912053,0.085557,-0.401081,-0.000511,-0.002297,-0.001316,-0.0,-0.0,0.0,-0.461235,-0.138932,0.043334,0.32957,-0.857025,-0.050238,0.512812,0.485621,0.253318,0.836622,-0.170853,0.966066,-0.193361,0.000343,-0.003031,-0.002274,0.193771,-0.225574,-0.211879,-1.401845,0.050348,0.042764,-0.011976,0.879365,-0.101541,0.465193,-0.475942,-0.158836,0.865014,-0.013945,-0.982069,-0.188003,0.000176,-0.001563,-0.001172,0.283729,-0.295191,-0.290768,-0.895447,0.073877,0.043956,-0.051938,0.265228,-0.490261,-0.830239,-0.183827,-0.870995,0.455602,-0.946499,0.031782,-0.321136,-0.000319,-0.001432,-0.00082,0.001157,0.00067,-0.001904,-0.485645
178,0.116246,0.039021,0.375965,0.294352,-0.552074,-0.780139,-0.291191,-0.829292,0.476921,-0.910631,0.087468,-0.40389,0.011297,-0.005671,-0.003512,-0.040955,-0.033389,0.088418,-0.574886,-0.138922,0.043256,0.329571,-0.853626,-0.049233,0.518546,0.491017,0.25553,0.832791,-0.172427,0.965534,-0.194618,0.000212,-0.001875,-0.001408,0.190627,-0.275896,-0.284285,-1.4007,0.050353,0.042722,-0.011977,0.876322,-0.10226,0.470745,-0.48156,-0.160483,0.861594,-0.01256,-0.981726,-0.189879,0.000861,-0.006974,0.002809,0.228906,-0.397546,-0.622498,-0.89414,0.07391,0.04391,-0.05196,0.267576,-0.486115,-0.831921,-0.185711,-0.873234,0.450524,-0.945469,0.033948,-0.323934,-0.000504,-0.002264,-0.0013,-0.148454,-0.052976,0.184495,-0.54296
179,0.116504,0.038834,0.375829,0.300753,-0.543593,-0.783646,-0.294013,-0.834507,0.465968,-0.907635,0.090931,-0.409827,-0.000744,-0.003362,-0.001931,-0.466168,-0.208134,0.653728,-0.910626,-0.13889,0.043224,0.329545,-0.847859,-0.064199,0.526313,0.493861,0.265036,0.828126,-0.191586,0.962105,-0.193683,-0.00012,0.001059,0.000795,0.035646,-0.077959,-0.013009,-1.155461,0.05037,0.0427,-0.011995,0.873194,-0.085227,0.479861,-0.487311,-0.168094,0.856896,0.007631,-0.982079,-0.188311,2.5e-05,-0.000151,-0.000114,-0.002893,-0.074637,-0.008251,-0.862625,0.074038,0.043815,-0.052028,0.271876,-0.478958,-0.834674,-0.188126,-0.877063,0.442004,-0.943764,0.036854,-0.328557,4.3e-05,0.003957,-0.005142,0.038559,-0.014645,0.010298,-0.730418
180,0.116767,0.038835,0.375734,0.301933,-0.542443,-0.783988,-0.293346,-0.835325,0.464921,-0.90746,0.090274,-0.410359,0.01214,-0.001901,-0.001351,0.000984,-0.014715,0.029553,-1.128511,-0.138685,0.043598,0.329596,-0.839476,-0.122018,0.529512,0.478992,0.293546,0.827243,-0.255312,0.948202,-0.188659,-0.002361,0.019474,-0.001477,0.004154,0.046155,-0.115498,-0.335493,0.050472,0.042882,-0.011973,0.875506,-0.026641,0.482471,-0.47762,-0.199085,0.855712,0.073255,-0.979619,-0.187025,-0.001192,0.010022,-0.000524,-0.011871,0.062421,-0.098532,-0.646102,0.074169,0.04381,-0.052079,0.274032,-0.475745,-0.835806,-0.188414,-0.87879,0.438437,-0.943083,0.037331,-0.330454,2.4e-05,0.000101,5.4e-05,0.000216,8.8e-05,-0.000246,-0.720457
181,0.11693,0.03881,0.375705,0.302126,-0.542235,-0.784057,-0.293234,-0.835471,0.46473,-0.907432,0.090174,-0.410442,0.012096,-0.002103,-0.001468,-0.003081,0.082611,-0.143854,-1.238037,-0.138634,0.043739,0.329695,-0.833426,-0.153464,0.530887,0.469706,0.309032,0.826928,-0.289909,0.938703,-0.186154,0.011857,0.008127,0.004854,-0.013253,-0.077105,0.054884,-0.097733,0.050492,0.042956,-0.01192,0.875199,0.005401,0.483731,-0.471298,-0.215996,0.855115,0.109102,-0.976379,-0.186494,-0.000341,0.003196,0.002402,-0.089779,-0.116829,0.038914,-0.571478,0.074251,0.043799,-0.052092,0.274295,-0.475409,-0.835911,-0.188268,-0.878977,0.438124,-0.943035,0.0372,-0.330603,0.006051,-0.001046,-0.000735,0.001056,-0.014715,0.029536,-0.722253
182,0.117312,0.038743,0.375669,0.302596,-0.541712,-0.784238,-0.293036,-0.835827,0.464213,-0.90734,0.09001,-0.410682,0.01221,-0.001584,-0.001171,0.000984,-0.014715,0.029553,-1.622733,-0.138638,0.043945,0.329896,-0.82124,-0.223559,0.524956,0.440891,0.33506,0.832637,-0.360992,0.91549,-0.177274,-0.000817,0.007137,0.005331,-0.225003,-0.467412,0.107754,0.196866,0.050495,0.043058,-0.011822,0.875507,0.075108,0.47733,-0.447648,-0.245847,0.859749,0.181924,-0.966394,-0.181619,-0.000545,0.003314,0.002347,-2.79349,-4.606505,1.05154,-0.433334,0.074442,0.043765,-0.052111,0.274613,-0.474953,-0.836066,-0.188125,-0.879228,0.437682,-0.942971,0.037092,-0.330799,0.006129,-0.000685,-0.00053,0.001029,-0.014718,0.029557,-0.726825
183,0.117708,0.038706,0.375627,0.301284,-0.539746,-0.786096,-0.291613,-0.837052,0.462901,-0.908233,0.090437,-0.408608,0.012149,-0.001859,-0.00133,0.001032,-0.014567,0.029635,-1.909677,-0.138607,0.044652,0.330075,-0.781502,-0.356028,0.512337,0.390536,0.361015,0.846808,-0.485452,0.862285,-0.143752,0.009341,0.028564,0.004025,-2.854088,-5.602613,0.821301,0.45294,0.05051,0.043408,-0.011735,0.859531,0.212471,0.464823,-0.402147,-0.280114,0.871672,0.315409,-0.936157,-0.155322,0.004435,0.014799,0.002194,-2.892888,-5.589077,0.827563,-0.331441,0.07464,0.043748,-0.05213,0.272965,-0.472983,-0.83772,-0.186708,-0.880279,0.436174,-0.943731,0.037349,-0.328595,0.006073,-0.000938,-0.000675,-0.000433,-0.019429,0.026987,-0.727968
184,0.117974,0.038698,0.375572,0.29996,-0.53782,-0.787921,-0.290142,-0.838252,0.461651,-0.909141,0.090796,-0.406504,0.0,0.0,0.0,0.000175,0.000541,0.000299,-1.91314,-0.138467,0.0458,0.330325,-0.727283,-0.472193,0.498082,0.352971,0.364861,0.861523,-0.587603,0.802945,-0.09933,-0.001964,0.016958,0.012534,0.26685,-0.504693,-0.013582,0.535449,0.05058,0.043984,-0.011609,0.825632,0.337947,0.451798,-0.364627,-0.291476,0.884357,0.430554,-0.894892,-0.117428,-0.001664,0.014271,0.002611,0.298545,-0.533073,-0.184612,-0.197379,0.074778,0.043743,-0.052158,0.27133,-0.47104,-0.839345,-0.185238,-0.881312,0.434712,-0.944492,0.037528,-0.326382,0.006075,-0.000931,-0.000674,-0.001529,-0.022983,0.025075,-0.727805
185,0.118127,0.038738,0.375537,0.295088,-0.538026,-0.789618,-0.293772,-0.837469,0.460777,-0.909564,0.096662,-0.404199,0.000287,0.001327,0.000762,0.060755,0.187988,0.104068,-1.913223,-0.138533,0.046117,0.330538,-0.717357,-0.497629,0.487602,0.343889,0.355572,0.869047,-0.604919,0.791696,-0.084574,-0.014272,0.013529,0.011178,0.157558,-0.269949,0.14587,0.536791,0.050552,0.044148,-0.011498,0.819548,0.365041,0.441682,-0.353818,-0.283929,0.891176,0.450723,-0.886638,-0.103536,-5.9e-05,0.001341,0.008969,0.205418,-0.398283,0.458555,-0.048295,0.074849,0.043761,-0.052178,0.266951,-0.471963,-0.84023,-0.189333,-0.880564,0.434465,-0.944928,0.043102,-0.324426,0.000226,0.001036,0.000591,0.112445,0.351983,0.19449,-0.727968
186,0.118356,0.038902,0.375504,0.292642,-0.539075,-0.789813,-0.298184,-0.836225,0.460202,-0.908915,0.1015,-0.404473,0.000562,0.00261,0.001498,1.5e-05,4.7e-05,2.6e-05,-1.913172,-0.138795,0.046572,0.330999,-0.702569,-0.543778,0.459014,0.319748,0.334838,0.886329,-0.634757,0.770134,-0.06197,-0.001701,0.014783,0.010838,0.03822,-0.404168,0.530765,0.537668,0.050417,0.044373,-0.011268,0.811891,0.412553,0.413075,-0.325179,-0.268067,0.906861,0.484861,-0.870597,-0.083487,-0.000894,0.007885,0.005793,0.007045,-0.510198,0.597457,0.256078,0.074968,0.043843,-0.052194,0.264032,-0.472812,-0.840675,-0.193547,-0.879848,0.434056,-0.944894,0.048105,-0.32382,0.006427,0.000718,0.000276,0.000244,-0.017666,0.028235,-0.725519
187,0.118657,0.039046,0.375469,0.291335,-0.537151,-0.791605,-0.296602,-0.837435,0.459023,-0.909851,0.101725,-0.402307,0.0129,0.001711,0.000715,0.099871,0.277311,0.224392,-1.913421,-0.139142,0.047494,0.331316,-0.698975,-0.574174,0.426321,0.300055,0.30548,0.903649,-0.648184,0.760246,-0.041794,-0.015947,0.027647,0.005513,0.095119,-0.375162,0.540869,0.538574,0.050249,0.044827,-0.01111,0.812095,0.4427,0.380153,-0.299679,-0.242586,0.922682,0.500692,-0.863231,-0.064336,-0.001723,0.01449,0.002659,0.135392,-0.507226,0.765728,0.475541,0.075114,0.043915,-0.052212,0.263477,-0.471628,-0.841514,-0.192567,-0.880494,0.433182,-0.945249,0.047915,-0.32281,0.000265,0.001234,0.000704,0.166432,0.525376,0.289972,-0.724539
188,0.1188,0.03912,0.375464,0.28846,-0.538571,-0.791693,-0.301341,-0.835881,0.458768,-0.909205,0.106898,-0.402425,0.000781,0.00365,0.002091,0.002026,-0.00965,0.027595,-1.913299,-0.139376,0.047955,0.331514,-0.695207,-0.595352,0.402785,0.281802,0.289575,0.914695,-0.660306,0.750132,-0.034069,-0.0147,0.018179,0.014375,1.144018,-1.351455,3.129887,0.538306,0.050132,0.045058,-0.011016,0.810632,0.462658,0.358917,-0.279759,-0.232461,0.931501,0.514402,-0.855516,-0.059008,-0.008016,0.014196,0.002995,-0.763092,-1.732308,0.697557,0.502484,0.07519,0.043951,-0.052215,0.259521,-0.472478,-0.842266,-0.196768,-0.879722,0.432862,-0.945479,0.053395,-0.321275,0.006688,0.005764,-0.004233,0.031307,-0.047001,0.038258,-0.724703
189,0.119121,0.039286,0.375419,0.289088,-0.53799,-0.791859,-0.300819,-0.836321,0.458309,-0.90918,0.106378,-0.402621,0.012818,0.001393,0.000529,0.000985,-0.014714,0.029554,-1.913389,-0.139996,0.04851,0.332146,-0.667951,-0.649106,0.363998,0.244115,0.270775,0.93114,-0.702106,0.711608,-0.022884,-0.01326,0.007208,0.022083,-2.030931,-5.467976,0.63766,0.53857,0.049821,0.045342,-0.010702,0.79489,0.516784,0.317936,-0.237858,-0.216649,0.946829,0.558186,-0.82825,-0.049291,-0.006655,0.00386,0.011244,0.024124,-0.331701,0.469288,0.516527,0.075351,0.044037,-0.052236,0.260267,-0.471921,-0.842348,-0.196325,-0.880055,0.432387,-0.945366,0.052838,-0.3217,0.006422,0.000756,0.000293,0.001024,-0.015199,0.029387,-0.725519
190,0.119457,0.039523,0.375326,0.286576,-0.539111,-0.79201,-0.305054,-0.834996,0.457925,-0.90856,0.111041,-0.40276,0.013299,0.01132,-0.008578,0.035947,-0.031316,0.046096,-1.913416,-0.14089,0.048944,0.333018,-0.66478,-0.663211,0.343815,0.22974,0.256263,0.938873,-0.709918,0.703945,-0.018444,-0.03833,0.007222,0.024266,-0.008825,-0.206733,0.264778,0.538768,0.04937,0.045561,-0.010257,0.789974,0.535859,0.297986,-0.219769,-0.206245,0.953501,0.5724,-0.818729,-0.045163,-0.019191,0.003763,0.012258,-0.002977,-0.206486,0.260698,0.519793,0.075514,0.044153,-0.052278,0.257814,-0.473262,-0.84235,-0.200708,-0.879037,0.432445,-0.945117,0.057576,-0.321616,0.000293,0.00138,0.000785,0.000179,-0.000133,0.000141,-0.724213
191,0.119801,0.039764,0.375123,0.287177,-0.53865,-0.792105,-0.304152,-0.835414,0.457763,-0.908673,0.110126,-0.402755,0.012906,0.009521,-0.009602,0.035951,-0.031305,0.0461,-1.913882,-0.141954,0.049265,0.33401,-0.6579,-0.674231,0.335517,0.221872,0.25205,0.941901,-0.718774,0.694946,-0.016672,-0.024638,-0.000622,0.033013,-0.057425,-0.118296,0.137113,0.539058,0.048848,0.045721,-0.009775,0.784759,0.547755,0.29003,-0.211291,-0.203482,0.956007,0.582674,-0.811516,-0.043949,-0.013019,0.005276,0.012686,-0.022416,-0.135422,0.155849,0.520773,0.075686,0.044276,-0.052378,0.258372,-0.472748,-0.842468,-0.199787,-0.879374,0.432186,-0.94516,0.056649,-0.321655,0.000389,0.005635,-0.004171,0.035129,-0.016638,0.016597,-0.724049
192,0.119931,0.03989,0.375027,0.287455,-0.538446,-0.792143,-0.303712,-0.835604,0.457709,-0.908733,0.109677,-0.402744,0.000856,0.011679,-0.008095,0.034967,-0.016588,0.016547,-1.913771,-0.142462,0.049324,0.334624,-0.6372,-0.694119,0.334913,0.213086,0.258787,0.942103,-0.739775,0.672526,-0.017432,-0.024727,0.000685,0.033854,-0.62651,-1.563397,0.003816,0.539307,0.048593,0.04575,-0.009469,0.768887,0.569805,0.290058,-0.204119,-0.211164,0.955899,0.605926,-0.794185,-0.046054,-0.012521,0.000397,0.016769,-1.92956,-5.207052,0.075893,0.520936,0.075756,0.044337,-0.052427,0.258646,-0.472502,-0.842522,-0.199331,-0.879536,0.432067,-0.945181,0.056188,-0.321673,0.006502,0.004995,-0.00467,0.036075,-0.031361,0.04615,-0.724376
193,0.120182,0.040104,0.374878,0.284728,-0.539791,-0.792213,-0.307942,-0.834115,0.457598,-0.908164,0.114331,-0.402733,0.01315,0.01075,-0.008895,0.035953,-0.031296,0.046102,-1.914249,-0.143674,0.049302,0.335943,-0.612856,-0.713943,0.33865,0.203886,0.271029,0.940695,-0.76259,0.646435,-0.020984,-0.036965,-0.000788,0.033767,-0.090194,-0.010468,-0.076816,0.53932,0.047992,0.045743,-0.008807,0.747684,0.595036,0.294787,-0.196919,-0.225277,0.954186,0.634184,-0.77148,-0.051262,-0.018575,0.000347,0.017436,-0.136372,-0.011255,-0.213945,0.520609,0.075881,0.044446,-0.052506,0.256043,-0.474047,-0.842449,-0.203635,-0.878394,0.432383,-0.944972,0.060844,-0.32144,0.006587,0.005417,-0.004425,0.036085,-0.031414,0.046325,-0.720784
194,0.120484,0.040397,0.374751,0.278916,-0.542667,-0.792315,-0.316996,-0.830831,0.457389,-0.906843,0.124257,-0.402768,0.012954,0.002261,0.001016,0.001564,-0.028924,0.05462,-1.914688,-0.145289,0.049254,0.337367,-0.597397,-0.728048,0.336235,0.188546,0.279857,0.94131,-0.778638,0.626628,-0.030357,-0.049368,0.000209,0.035351,-0.221647,0.166773,0.026813,0.54007,0.047189,0.045718,-0.008096,0.734704,0.611918,0.292856,-0.183114,-0.236787,0.954149,0.653206,-0.754643,-0.061918,-0.024707,0.000119,0.017725,-0.248048,0.188387,0.044842,0.521262,0.076027,0.044589,-0.052572,0.25044,-0.477409,-0.842235,-0.212925,-0.875819,0.433131,-0.944426,0.07086,-0.320993,0.00672,0.006087,-0.00404,0.036067,-0.031573,0.04676,-0.719477
195,0.120673,0.040585,0.374677,0.271466,-0.546096,-0.792546,-0.318578,-0.828027,0.461357,-0.90854,0.127919,-0.397767,0.013692,0.013465,-0.007344,0.051413,0.095609,-0.131851,-1.915188,-0.146274,0.049207,0.338069,-0.578261,-0.746144,0.329961,0.168757,0.286151,0.943172,-0.797406,0.602003,-0.039986,-0.061513,-0.001908,0.034866,-0.697719,0.453934,0.328091,0.540076,0.0467,0.045698,-0.007743,0.717382,0.634062,0.288663,-0.166808,-0.245963,0.954817,0.676414,-0.733121,-0.070683,-0.024596,-0.000497,0.017258,-0.469863,-0.226427,0.105947,0.521099,0.076121,0.04468,-0.052605,0.243087,-0.481195,-0.842234,-0.214221,-0.873472,0.437213,-0.946053,0.074144,-0.315412,0.006609,0.001778,0.000874,0.040324,-0.013065,-0.00227,-0.720457
196,0.121246,0.041139,0.37455,0.2522,-0.556109,-0.791949,-0.323911,-0.819702,0.472379,-0.912177,0.138073,-0.385871,0.014782,0.01891,-0.004252,0.555632,0.276003,-0.303113,-1.915205,-0.148792,0.049297,0.339272,-0.539856,-0.782188,0.311013,0.126938,0.289464,0.9487,-0.83138,0.552608,-0.057389,-0.074803,0.00805,0.027106,-1.022295,-1.084238,0.322436,0.540058,0.045446,0.045739,-0.007139,0.686955,0.674645,0.270085,-0.124702,-0.25671,0.958409,0.71592,-0.692064,-0.092219,-0.037511,0.003841,0.013276,-2.3994,-4.769511,0.826206,0.520936,0.076406,0.04495,-0.052672,0.225337,-0.492704,-0.840514,-0.219813,-0.866169,0.448812,-0.94916,0.083621,-0.303483,0.013486,0.008771,-0.002645,1.634757,0.960094,-1.919535,-0.726009
197,0.122136,0.041869,0.374448,0.219025,-0.567403,-0.793806,-0.338386,-0.807235,0.483569,-0.915445,0.1634,-0.367816,0.027472,0.02053,-0.003639,-4.157579,2.765052,-1.85596,-1.915813,-0.151777,0.049936,0.340034,-0.495782,-0.818495,0.290271,0.079196,0.290102,0.953679,-0.864136,0.496821,-0.079388,-0.075388,0.016558,0.017286,-0.980448,-1.198886,0.543159,0.540168,0.043954,0.046061,-0.006752,0.649151,0.717961,0.251264,-0.077645,-0.266056,0.960824,0.756685,-0.64323,-0.116965,-0.038446,0.014268,0.004897,-2.269513,-4.888826,1.02689,0.521099,0.076847,0.045315,-0.052723,0.19553,-0.505167,-0.840579,-0.228865,-0.856961,0.461776,-0.953618,0.102088,-0.283177,0.013495,0.005262,0.002688,0.541582,0.400767,-0.494072,-0.737439
198,0.123156,0.042678,0.37453,0.18112,-0.586903,-0.789168,-0.334692,-0.791323,0.511624,-0.924992,0.172188,-0.338772,0.028049,0.016331,0.008592,0.180535,0.048766,0.152276,-1.915831,-0.155019,0.050526,0.340411,-0.443064,-0.854045,0.272569,0.029917,0.289654,0.956629,-0.895365,0.433065,-0.103144,-0.087684,0.016042,0.002536,-0.457492,0.264853,0.358853,0.540123,0.042337,0.046368,-0.00655,0.601752,0.763151,0.235571,-0.028054,-0.274571,0.961157,0.798189,-0.584988,-0.143815,-0.043816,0.007663,0.00111,-0.66754,0.025923,0.480532,0.520936,0.077356,0.045717,-0.052688,0.156222,-0.529444,-0.833836,-0.22878,-0.840639,0.490901,-0.96086,0.114076,-0.252453,0.014398,0.013871,0.000176,0.54469,0.30787,-0.525533,-0.755401
199,0.123638,0.043024,0.37467,0.158099,-0.599351,-0.784748,-0.332096,-0.78072,0.529302,-0.930108,0.177671,-0.321493,0.01583,0.017392,0.009441,0.568307,0.646048,-0.337058,-1.915613,-0.156856,0.050791,0.34035,-0.426895,-0.865127,0.263263,0.00842,0.287179,0.957806,-0.903658,0.412176,-0.115657,-0.087109,0.009189,-0.002094,-0.983513,-1.039804,0.607895,0.540041,0.041417,0.046507,-0.006576,0.585483,0.776151,0.23409,-0.018693,-0.275755,0.961045,0.810468,-0.567053,-0.146941,-0.050322,0.009652,-0.004881,-1.338935,-4.912154,0.613483,0.520936,0.077603,0.045895,-0.052616,0.136855,-0.544608,-0.827448,-0.226541,-0.830378,0.509068,-0.964338,0.117783,-0.237018,0.013938,0.00787,0.004113,1.587087,1.229461,-1.810413,-0.764382
200,0.124403,0.043639,0.37504,0.120991,-0.627241,-0.769399,-0.324223,-0.757556,0.566533,-0.938373,0.181687,-0.294063,0.015965,0.018461,0.009959,0.035975,0.182246,-0.323819,-1.916939,-0.160552,0.051404,0.339745,-0.39243,-0.883581,0.25549,-0.013694,0.283227,0.958921,-0.919119,0.373913,-0.123583,-0.100721,0.019739,-0.024533,-0.082868,-0.427565,0.066076,0.539526,0.039574,0.046811,-0.006869,0.552387,0.800189,0.233594,-0.00609,-0.276346,0.961038,0.833565,-0.532288,-0.147777,-0.044207,0.009738,-0.012779,-0.441938,-1.556786,0.242784,0.520936,0.077985,0.046203,-0.05243,0.101644,-0.575329,-0.81158,-0.216261,-0.809075,0.546468,-0.971029,0.119968,-0.206659,0.007998,0.009346,0.005033,0.113619,0.206081,-0.470227,-0.777609
201,0.124955,0.044271,0.375598,0.069768,-0.651432,-0.755523,-0.308908,-0.734255,0.604498,-0.948628,0.192019,-0.251516,0.016127,0.019626,0.010507,0.655155,1.250164,-0.708029,-1.917334,-0.164317,0.052187,0.338366,-0.365227,-0.894496,0.257831,-0.013345,0.281841,0.959334,-0.930295,0.348051,-0.115213,-0.088864,0.018698,-0.041443,0.164345,0.074011,-0.233909,0.539732,0.037687,0.047206,-0.00755,0.540421,0.809112,0.23083,0.000396,-0.274587,0.961561,0.841394,-0.519556,-0.148713,-0.050511,0.008781,-0.020541,-0.096877,-0.11696,0.021933,0.521262,0.078262,0.046521,-0.05215,0.056571,-0.604966,-0.794238,-0.200613,-0.786175,0.584536,-0.978035,0.126266,-0.165839,0.00811,0.009939,0.005347,1.513764,1.467111,-2.725164,-0.787079
202,0.125234,0.044611,0.375877,0.029813,-0.663659,-0.747471,-0.305526,-0.718071,0.625299,-0.951766,0.210551,-0.223239,0.015552,0.009141,0.019199,-0.600581,2.593128,-1.380841,-1.917529,-0.16628,0.052608,0.33741,-0.340218,-0.904008,0.258868,-0.016872,0.280989,0.959528,-0.939699,0.32321,-0.111192,-0.08968,0.025017,-0.05244,-0.269621,-1.505124,-0.001992,0.539329,0.036744,0.047404,-0.008005,0.522691,0.820869,0.230145,0.007883,-0.274601,0.961525,0.852485,-0.500767,-0.150002,-0.044785,0.011884,-0.026557,-0.095455,-0.093984,0.08559,0.521425,0.078396,0.046688,-0.052018,0.023922,-0.618389,-0.785508,-0.193061,-0.773799,0.603292,-0.980894,0.13722,-0.137898,0.007836,0.004923,0.009785,0.12469,0.952785,-0.574556,-0.782344
203,0.125579,0.044793,0.376763,-0.058584,-0.697971,-0.713758,-0.281294,-0.674485,0.682581,-0.957773,0.241629,-0.155929,0.014304,-0.004832,0.025971,0.200033,1.248992,-1.108009,-1.917712,-0.169745,0.053643,0.335062,-0.278416,-0.926065,0.254714,-0.02293,0.27141,0.962156,-0.959768,0.263199,-0.097137,-0.090459,0.028621,-0.065313,1.64866,-0.613628,2.108029,0.539268,0.034974,0.047923,-0.009198,0.459977,0.858244,0.227677,0.025133,-0.268895,0.962841,0.887574,-0.437163,-0.145257,-0.045178,0.013864,-0.032885,-0.313551,-1.727982,0.00045,0.520936,0.078577,0.046798,-0.05157,-0.066051,-0.662403,-0.746229,-0.169626,-0.729523,0.662587,-0.983292,0.170345,-0.064175,0.001116,-0.001876,0.013441,0.494988,1.569681,-1.660816,-0.778915
204,0.12562,0.044125,0.377972,-0.15828,-0.730325,-0.664543,-0.254062,-0.620261,0.742092,-0.953968,0.287199,-0.08654,2.3e-05,-0.030739,0.041172,0.588733,2.042814,-1.836324,-1.918355,-0.173141,0.054787,0.332181,-0.211838,-0.943393,0.2552,-0.043824,0.269913,0.961853,-0.975986,0.193756,-0.098858,-0.079055,0.028392,-0.08186,-0.012313,0.335487,0.001877,0.53931,0.033271,0.048502,-0.010628,0.394048,0.890021,0.22932,0.046404,-0.268456,0.962173,0.917917,-0.368502,-0.147085,-0.046011,0.019655,-0.044242,-0.095265,0.310734,0.105501,0.521099,0.078603,0.046475,-0.050971,-0.15599,-0.705871,-0.69095,-0.14302,-0.676001,0.722887,-0.977349,0.211583,0.004496,-0.005655,-0.009275,0.01687,1.22938,2.120921,-3.720059,-0.777119
205,0.125297,0.043297,0.379454,-0.264767,-0.745915,-0.611191,-0.208732,-0.574476,0.791443,-0.941139,0.338048,-0.002827,-0.011854,-0.028686,0.042687,0.663169,2.507762,-1.011533,-1.918428,-0.176436,0.055663,0.328493,-0.162178,-0.955313,0.247115,-0.066674,0.260347,0.963176,-0.984232,0.14093,-0.106243,-0.079424,0.007914,-0.096701,-1.490034,-4.880562,0.635566,0.538845,0.031624,0.048959,-0.012458,0.350779,0.909527,0.222967,0.070163,-0.262952,0.962254,0.933825,-0.321895,-0.156053,-0.040028,0.009181,-0.052261,-0.186113,0.250912,0.304393,0.521425,0.078445,0.046058,-0.050232,-0.255214,-0.733665,-0.629762,-0.096742,-0.628686,0.771617,-0.962032,0.257852,0.089473,-0.005629,-0.008795,0.017096,0.585047,2.359421,-1.260872,-0.771567
206,0.125112,0.04293,0.380129,-0.312146,-0.742655,-0.592516,-0.190739,-0.562013,0.804819,-0.93032,0.365158,0.034521,-0.011244,-0.017805,0.034117,0.571334,2.150977,-1.182415,-1.918831,-0.17792,0.05577,0.326426,-0.124197,-0.963284,0.238014,-0.088893,0.24959,0.964229,-0.988042,0.099808,-0.116943,-0.079849,-0.002574,-0.10473,-1.978419,-4.993797,1.25923,0.53846,0.030882,0.049018,-0.013487,0.312356,0.924496,0.218495,0.090405,-0.257889,0.961935,0.945653,-0.280713,-0.164132,-0.034082,0.003873,-0.056777,-0.350726,-1.263829,0.3656,0.521262,0.078352,0.045868,-0.049892,-0.302896,-0.733819,-0.60808,-0.077853,-0.616869,0.783205,-0.949837,0.284571,0.129717,-0.005609,-0.008681,0.017171,0.775681,2.425672,-1.021389,-0.768301
207,0.125247,0.041671,0.381705,-0.397052,-0.729799,-0.556586,-0.153883,-0.544943,0.824214,-0.904329,0.413811,0.104766,0.010676,-0.039275,0.036486,0.762308,2.169088,-0.943926,-1.919034,-0.180266,0.055579,0.321729,-0.065294,-0.97381,0.217768,-0.122826,0.224299,0.966715,-0.990125,0.037601,-0.134543,-0.05764,0.003486,-0.135206,-0.28756,0.565657,0.450004,0.5381,0.0297,0.04892,-0.015823,0.245132,0.945736,0.21329,0.110955,-0.245925,0.962917,0.963119,-0.212376,-0.165219,-0.028396,-0.005392,-0.064877,0.141363,0.242039,0.257192,0.521262,0.078414,0.04526,-0.049098,-0.384429,-0.730551,-0.564366,-0.041949,-0.596889,0.801225,-0.9222,0.331689,0.198815,0.00505,-0.024872,0.022666,0.491127,1.792535,-0.945826,-0.772383
208,0.125597,0.039456,0.38322,-0.468746,-0.722723,-0.507932,-0.110994,-0.522299,0.845492,-0.875769,0.453596,0.165247,0.0079,-0.061967,0.038995,0.559332,1.655779,-1.10455,-1.919102,-0.181989,0.054934,0.316401,-0.060514,-0.978106,0.19909,-0.139718,0.205674,0.968561,-0.988193,0.032029,-0.14937,-0.020554,-0.01949,-0.142189,-0.517184,0.042319,-0.090631,0.537208,0.028817,0.048588,-0.018543,0.237666,0.949311,0.205723,0.113424,-0.237465,0.964751,0.964701,-0.205955,-0.164112,-0.010225,-0.010673,-0.071717,-0.361585,-0.046466,-0.347452,0.521099,0.078591,0.044164,-0.048339,-0.453568,-0.730947,-0.509892,0.000975,-0.572534,0.819879,-0.89122,0.371374,0.260396,0.003888,-0.031205,0.01937,0.677212,1.932981,-1.686116,-0.778099
209,0.125629,0.038218,0.384013,-0.497114,-0.72681,-0.473994,-0.082209,-0.504397,0.859533,-0.863184,0.467155,0.19159,-0.00436,-0.06173,0.039557,0.629775,1.642017,-1.144998,-1.918748,-0.182399,0.054307,0.313652,-0.04382,-0.978832,0.199898,-0.152705,0.204183,0.966915,-0.987173,0.013081,-0.158686,-0.007668,-0.03561,-0.141317,0.007872,-0.607527,0.400503,0.536398,0.028614,0.048285,-0.019867,0.221101,0.952075,0.211343,0.121286,-0.241868,0.962698,0.967679,-0.187221,-0.168951,-0.010069,-0.018786,-0.070862,-0.328854,-1.872468,0.493917,0.521099,0.078608,0.043516,-0.047932,-0.479046,-0.739546,-0.472848,0.029423,-0.551906,0.833386,-0.877296,0.385318,0.286148,-0.002276,-0.031243,0.01957,0.526589,1.586169,-1.180987,-0.778099
210,0.12608,0.035505,0.385298,-0.551691,-0.734186,-0.395795,-0.027823,-0.458117,0.88844,-0.832918,0.502069,0.232811,0.017829,-0.068226,0.020934,0.917713,2.170321,-3.4814,-1.918433,-0.182542,0.052535,0.308114,-0.029033,-0.975631,0.21747,-0.190692,0.218854,0.956908,-0.981112,-0.012456,-0.192685,0.004701,-0.039573,-0.149517,-0.023101,-0.116071,0.206548,0.5318,0.028539,0.047392,-0.022638,0.201607,0.949541,0.240264,0.141948,-0.271036,0.952045,0.969125,-0.157834,-0.189429,0.002739,-0.026191,-0.071644,-0.356214,-0.159291,-0.429231,0.521099,0.078823,0.042223,-0.047298,-0.524249,-0.75409,-0.395613,0.079202,-0.505736,0.859044,-0.847873,0.41902,0.324857,0.008614,-0.039513,0.014847,0.247462,1.255512,-1.819058,-0.782997
211,0.126564,0.032763,0.385854,-0.584227,-0.754394,-0.299354,0.043898,-0.397723,0.91644,-0.809693,0.523206,0.265857,0.004529,-0.073908,0.01812,0.611213,-0.416628,-1.920206,-1.91849,-0.181939,0.05059,0.30247,-0.026058,-0.975748,0.21732,-0.189594,0.218153,0.957286,-0.981411,-0.015026,-0.190967,0.019113,-0.059253,-0.137985,0.173641,0.030057,-0.019279,0.514953,0.028834,0.046412,-0.025476,0.199959,0.949639,0.24125,0.143528,-0.271956,0.951545,0.969234,-0.155644,-0.19068,0.009623,-0.02941,-0.068726,0.098796,-0.02575,0.09449,0.517507,0.079076,0.040788,-0.047011,-0.550133,-0.781837,-0.293399,0.151764,-0.439098,0.885528,-0.82117,0.442631,0.360217,0.002165,-0.03737,0.00884,0.595836,-0.461992,-1.880685,-0.783977
212,0.126905,0.030262,0.386355,-0.567595,-0.799078,-0.198384,0.113719,-0.314787,0.942311,-0.814724,0.513285,0.269797,0.005437,-0.061911,0.009871,-0.53306,0.601439,-2.701628,-1.917842,-0.180894,0.048464,0.297311,-0.026931,-0.975735,0.21727,-0.183227,0.218367,0.958477,-0.982595,-0.012766,-0.184949,0.033471,-0.059429,-0.126176,0.129227,0.138687,-0.135469,0.494327,0.029351,0.045337,-0.02807,0.199114,0.950379,0.239021,0.141437,-0.269221,0.952635,0.969715,-0.155877,-0.188025,0.009978,-0.023135,-0.0653,0.024992,0.008431,0.038845,0.500198,0.079242,0.039552,-0.046768,-0.522785,-0.828798,-0.199468,0.216825,-0.355573,0.909149,-0.824427,0.432041,0.365593,0.008837,-0.031929,0.004326,-0.345871,0.745498,-4.620667,-0.795081
213,0.127124,0.028963,0.38647,-0.550807,-0.819557,-0.158057,0.138386,-0.276476,0.95099,-0.822407,0.50296,0.265905,0.004342,-0.068238,0.006281,-0.259577,-1.035743,-2.108209,-1.917614,-0.180261,0.047362,0.294765,-0.028399,-0.975536,0.217977,-0.180364,0.219368,0.958791,-0.983082,-0.010854,-0.182468,0.033867,-0.055514,-0.12465,0.130866,0.121009,-0.112819,0.489062,0.029668,0.044785,-0.029343,0.199235,0.950389,0.238882,0.140585,-0.268968,0.952833,0.969814,-0.156254,-0.187199,0.016991,-0.027614,-0.062157,0.044596,0.013802,-0.005089,0.486645,0.079353,0.038914,-0.046705,-0.50168,-0.85,-0.160675,0.238483,-0.314442,0.918831,-0.83153,0.422642,0.36046,0.001824,-0.034301,0.00294,0.151643,-4.806665,-3.174303,-0.803572
214,0.127065,0.026595,0.386591,-0.525957,-0.847119,-0.076189,0.177883,-0.197214,0.964073,-0.831057,0.494563,0.254517,-0.006849,-0.060878,0.010528,-0.248437,-1.027249,-1.864269,-1.917248,-0.178961,0.045322,0.290288,-0.024753,-0.975472,0.218705,-0.177009,0.219473,0.959392,-0.983795,-0.013733,-0.178389,0.035443,-0.054937,-0.109747,0.086219,0.074753,-0.097704,0.483062,0.030317,0.043757,-0.031595,0.199974,0.950211,0.238973,0.138594,-0.26888,0.953149,0.969948,-0.157486,-0.185463,0.017786,-0.026907,-0.054321,0.037961,-0.029399,-0.022382,0.474888,0.079323,0.037707,-0.046657,-0.467104,-0.880337,-0.082571,0.272524,-0.232178,0.933714,-0.841155,0.41364,0.348364,-0.003528,-0.0251,0.000603,0.041666,-4.803696,-2.877539,-0.821207
215,0.126747,0.024696,0.386641,-0.513518,-0.858065,-0.008295,0.198007,-0.127956,0.971798,-0.834291,0.498463,0.235629,-0.005849,-0.03939,-0.007411,-0.551545,0.276976,-1.290382,-1.916534,-0.17784,0.043079,0.28649,-0.027585,-0.975081,0.220107,-0.174263,0.221392,0.959454,-0.984206,-0.01066,-0.176318,0.036939,-0.054901,-0.094351,0.061159,0.113625,-0.099011,0.478896,0.030878,0.042635,-0.0335,0.206808,0.948186,0.241192,0.133705,-0.271598,0.953077,0.969202,-0.164856,-0.182946,0.011887,-0.026941,-0.046093,0.035395,-0.08308,-0.052026,0.468846,0.079167,0.036769,-0.04662,-0.447269,-0.894222,-0.017792,0.288993,-0.163317,0.943297,-0.846423,0.416766,0.331471,-0.002872,-0.019372,-0.003515,-0.895146,-0.377779,-1.272933,-0.834107
216,0.126593,0.024033,0.386535,-0.513877,-0.85774,0.016063,0.203018,-0.103457,0.97368,-0.832864,0.504682,0.227289,-0.017412,-0.033111,-0.0036,-0.631011,0.106334,-0.943866,-1.916291,-0.177187,0.042006,0.284781,-0.027315,-0.976067,0.215727,-0.169555,0.217087,0.96128,-0.985036,-0.009088,-0.171712,0.03732,-0.047804,-0.088495,0.065979,0.076536,-0.053626,0.475254,0.031204,0.042093,-0.03436,0.204959,0.949006,0.239538,0.130715,-0.269081,0.954205,0.970002,-0.164261,-0.179201,0.019088,-0.030197,-0.041266,0.25646,-0.099353,0.156434,0.464437,0.079091,0.036414,-0.046682,-0.445496,-0.89525,0.007719,0.292952,-0.137621,0.94617,-0.845997,0.423776,0.323575,-0.002308,-0.012363,-0.007063,-0.617574,0.11006,-1.090208,-0.839169
217,0.126377,0.023071,0.386199,-0.485845,-0.870997,0.073242,0.2187,-0.040069,0.974955,-0.845645,0.49078,0.209871,-0.003567,-0.019035,-0.010976,-0.384868,0.215309,-0.914177,-1.915624,-0.175435,0.040351,0.281843,-0.021153,-0.981045,0.1926,-0.150886,0.193451,0.969404,-0.988226,-0.007316,-0.152374,0.051546,-0.026763,-0.070084,0.24298,-0.107259,0.35838,0.484131,0.032075,0.041245,-0.035849,0.197859,0.955599,0.218358,0.114292,-0.243732,0.963084,0.973544,-0.165598,-0.157442,0.025822,-0.012793,-0.034452,0.667252,-0.129477,0.796392,0.462968,0.078977,0.035927,-0.046848,-0.411008,-0.909534,0.061811,0.302593,-0.072151,0.950385,-0.859947,0.409319,0.304873,-0.007913,-0.008293,-0.004622,-0.414863,0.229613,-1.133476,-0.845048
218,0.126078,0.02267,0.386029,-0.451849,-0.883865,0.12108,0.217512,0.022416,0.975786,-0.864617,0.468346,0.18198,-0.012959,-0.000981,-0.000284,-1.52262,-5.494942,-1.733219,-1.916044,-0.173339,0.039356,0.279802,-0.016191,-0.983157,0.18202,-0.149023,0.182266,0.971857,-0.988609,-0.010148,-0.149707,0.053832,-0.032771,-0.039289,0.007082,-0.109762,0.185527,0.50759,0.033108,0.04076,-0.036862,0.19167,0.958147,0.212642,0.110574,-0.236361,0.965352,0.97521,-0.161516,-0.15125,0.02695,-0.015992,-0.019267,0.084,-0.144291,0.045957,0.483869,0.078833,0.035704,-0.046946,-0.378714,-0.919443,0.105824,0.298702,-0.013203,0.954254,-0.875986,0.393,0.27964,-0.006428,-0.000307,-1.9e-05,-0.521645,0.1165,-0.840937,-0.860723
219,0.125684,0.022806,0.386141,-0.427616,-0.891609,0.149076,0.200912,0.066987,0.977302,-0.880827,0.448973,0.150312,-0.012018,-0.003999,0.013085,-0.804846,-0.041636,-0.692096,-1.916807,-0.17136,0.038365,0.278352,-0.01137,-0.984737,0.17365,-0.140998,0.173387,0.974674,-0.989859,-0.012158,-0.14105,0.068681,-0.036725,-0.026176,-0.018235,-0.13646,0.214706,0.51815,0.034087,0.040278,-0.037586,0.187655,0.96039,0.205998,0.104116,-0.227991,0.968079,0.9767,-0.160218,-0.142776,0.027141,-0.012655,-0.016048,0.096252,-0.170214,0.089217,0.506567,0.078638,0.03578,-0.046891,-0.344838,-0.930863,0.12074,0.284763,0.018823,0.958412,-0.894424,0.364879,0.258585,-0.005702,0.003518,0.002203,-0.139298,-0.489706,-0.067128,-0.868725
