frame,MLTx,MLTy,MLTz,MLTR1,MLTR2,MLTR3,MLTR4,MLTR5,MLTR6,MLTR7,MLTR8,MLTR9,MLTTVx,MLTTVy,MLTTVz,MLTRVx,MLTRVy,MLTRVz,MLGA,MRTx,MRTy,MRTz,MRTR1,MRTR2,MRTR3,MRTR4,MRTR5,MRTR6,MRTR7,MRTR8,MRTR9,MRTTVx,MRTTVy,MRTTVz,MRTRVx,MRTRVy,MRTRVz,MRGA,SLTx,SLTy,SLTz,SLTR1,SLTR2,SLTR3,SLTR4,SLTR5,SLTR6,SLTR7,SLTR8,SLTR9,SLTTVx,SLTTVy,SLTTVz,SLTRVx,SLTRVy,SLTRVz,SLGA,SRTx,SRTy,SRTz,SRTR1,SRTR2,SRTR3,SRTR4,SRTR5,SRTR6,SRTR7,SRTR8,SRTR9,SRTTVx,SRTTVy,SRTTVz,SRTRVx,SRTRVy,SRTRVz,SRGA
30,0.236673,-0.061781,0.351271,-0.878981,0.311033,-0.361519,-0.416691,-0.869606,0.264813,-0.230924,0.383015,0.894428,-0.01071,-0.047733,0.010895,-0.599938,0.613866,-0.514246,-1.909473,-0.229197,-0.038202,0.318432,-0.765417,-0.63631,0.096113,0.631727,-0.714786,0.299893,-0.121163,0.291069,0.948926,-0.016146,-0.003792,-0.003962,-0.39733,0.409147,0.182331,-1.283297,0.007682,0.038439,-0.001169,0.79116,0.599836,0.119425,-0.611358,0.770022,0.182502,0.017511,-0.217399,0.975925,-0.000435,0.003167,-0.00712,0.050336,-0.024673,0.018666,-0.391695,0.119825,0.023198,-0.031276,0.901768,-0.273883,-0.334365,0.353434,0.912562,0.205704,0.24879,-0.303674,0.919719,-0.005326,-0.02439,0.004869,-0.10427,0.067707,-0.152567,-0.677838
31,0.236517,-0.062524,0.351344,-0.883427,0.31132,-0.350261,-0.413337,-0.869855,0.269218,-0.219768,0.382218,0.897574,-0.010825,-0.047129,0.011484,-0.012012,0.505083,-0.146088,-1.779541,-0.229447,-0.03811,0.318196,-0.765121,-0.636616,0.096443,0.632179,-0.714622,0.299329,-0.120676,0.290802,0.94907,-0.016303,0.007024,-0.012592,0.028354,0.00697,-0.009211,-0.701979,0.007552,0.038483,-0.001293,0.791601,0.598858,0.121389,-0.610809,0.770101,0.184,0.016708,-0.219801,0.975401,-0.00811,0.003473,-0.006471,0.050076,-0.010293,-0.009194,-0.265798,0.119743,0.022806,-0.031245,0.906972,-0.271867,-0.321696,0.349015,0.912659,0.212698,0.235774,-0.305188,0.922642,-0.005844,-0.018883,0.000645,-0.213549,1.108523,-0.36653,-0.732377
32,0.236293,-0.063711,0.351814,-0.886685,0.329678,-0.324265,-0.419254,-0.868996,0.262763,-0.194058,0.368523,0.909153,0.001899,-0.020897,0.018021,0.426822,0.665677,-7.5e-05,-0.417265,-0.2304,-0.037964,0.318182,-0.766371,-0.635872,0.09129,0.629135,-0.714511,0.305937,-0.128345,0.292704,0.947478,-0.030059,0.003746,0.004987,-0.006179,0.029786,-0.057302,0.03311,0.007087,0.038547,-0.001313,0.793331,0.59759,0.116236,-0.608297,0.770426,0.190831,0.024488,-0.222099,0.974716,-0.014878,-0.003197,0.007161,-0.025134,0.027589,-0.050556,0.026329,0.119629,0.022179,-0.031039,0.911309,-0.288105,-0.294126,0.35483,0.911922,0.206136,0.208831,-0.292219,0.933272,0.000454,-0.005173,0.004559,0.651387,0.865034,0.090565,-0.467683
33,0.236224,-0.063819,0.352314,-0.879133,0.37224,-0.297669,-0.446887,-0.860922,0.243057,-0.164704,0.346235,0.923591,-0.000759,0.005968,0.006455,-1.083415,2.125618,5.011242,0.091086,-0.231566,-0.038014,0.318468,-0.751813,-0.655005,0.075737,0.640702,-0.698804,0.317973,-0.154403,0.288414,0.944902,-0.030146,0.003335,0.004473,-0.007875,0.025252,-0.056447,0.306928,0.006505,0.038528,-0.001165,0.781434,0.616265,0.097857,-0.621903,0.756382,0.202785,0.050952,-0.21932,0.97432,-0.014965,-0.003532,0.006795,-0.031722,-0.054611,0.101491,0.336581,0.119595,0.022121,-0.030778,0.908082,-0.324006,-0.265341,0.378188,0.906593,0.187248,0.179887,-0.270386,0.945796,-0.00085,0.008095,-0.001403,0.612554,0.739006,0.123252,-0.168045
34,0.236263,-0.063519,0.352281,-0.876909,0.385097,-0.287708,-0.45464,-0.858831,0.235973,-0.155133,0.337247,0.928561,-0.00169,0.016266,-0.002729,0.520424,0.685579,-0.105687,0.243553,-0.232157,-0.037988,0.318653,-0.752684,-0.655066,0.065929,0.636832,-0.699222,0.324757,-0.165691,0.287258,0.943341,-0.029712,0.005428,0.006843,-0.003303,-0.096622,0.14733,0.410315,0.006198,0.03854,-0.001073,0.783169,0.615517,0.088228,-0.618672,0.757101,0.209861,0.062375,-0.218941,0.973741,-0.01484,0.0028,0.003537,0.006975,-0.082433,0.143102,0.497749,0.119614,0.022272,-0.030785,0.904721,-0.34174,-0.254348,0.391617,0.902186,0.18082,0.167676,-0.263198,0.950058,-0.000865,0.008228,-0.001264,0.535235,0.630147,0.108776,-0.014389
35,0.236708,-0.062531,0.351774,-0.877165,0.389545,-0.280857,-0.455775,-0.859561,0.231074,-0.150313,0.330208,0.931877,0.01257,0.033423,-0.026295,0.105761,0.049137,-0.086305,0.36889,-0.233138,-0.037692,0.318793,-0.754176,-0.654554,0.052613,0.631179,-0.70069,0.332535,-0.179848,0.28483,0.941483,-0.014622,0.00379,0.00463,-0.002075,0.015163,-0.029229,0.504063,0.005725,0.038684,-0.001001,0.785767,0.613918,0.07533,-0.613752,0.758807,0.217989,0.076666,-0.217523,0.973039,-0.007345,0.001744,0.002159,0.004125,0.023625,-0.031797,0.514078,0.119829,0.022772,-0.031017,0.90515,-0.346624,-0.246077,0.393209,0.902672,0.174841,0.161523,-0.255017,0.953349,0.006711,0.011922,-0.008175,0.045824,-0.062909,0.094875,0.294884
36,0.237535,-0.061654,0.350958,-0.874529,0.393307,-0.283821,-0.459795,-0.858552,0.226822,-0.153381,0.328368,0.932028,0.014682,0.010836,-0.010101,0.04082,-0.096186,0.235374,0.369447,-0.233753,-0.037668,0.318769,-0.753057,-0.655701,0.05434,0.632743,-0.699314,0.33246,-0.179045,0.285578,0.941409,-0.001027,-0.004857,-0.005552,-0.001693,0.013912,-0.02518,0.507098,0.005409,0.038718,-0.000995,0.78471,0.615095,0.076731,-0.615208,0.757686,0.217786,0.075821,-0.218104,0.972975,-0.000607,-0.00287,-0.003268,-0.001642,0.014028,-0.025373,0.515221,0.120231,0.02321,-0.031423,0.902983,-0.350262,-0.24887,0.396936,0.901763,0.171067,0.164504,-0.253256,0.953309,0.014687,0.010884,-0.010057,0.077565,-0.117127,0.283899,0.518755
37,0.238305,-0.061086,0.350471,-0.871194,0.397909,-0.287637,-0.465036,-0.856671,0.223221,-0.156509,0.32773,0.931732,0.014532,0.01186,-0.00901,0.036353,-0.01982,0.051783,0.36716,-0.233851,-0.038058,0.318292,-0.751713,-0.657061,0.056473,0.634612,-0.697632,0.332431,-0.178083,0.286567,0.941291,-0.002827,-0.013331,-0.015309,-0.003386,0.027826,-0.050358,0.476349,0.005356,0.038528,-0.001227,0.783186,0.616783,0.078721,-0.617275,0.756026,0.217703,0.07476,-0.219095,0.972835,0.00612,-0.007564,-0.008821,0.0003,-0.001311,0.003958,0.515221,0.120628,0.023498,-0.031679,0.899958,-0.355404,-0.252511,0.402425,0.899991,0.167539,0.167714,-0.252395,0.952978,0.007709,0.001106,0.000424,0.006132,-0.091778,0.210882,0.521368
38,0.238643,-0.060952,0.350445,-0.869604,0.400042,-0.289483,-0.467579,-0.855585,0.222069,-0.157762,0.327966,0.931438,0.015272,0.003141,0.001868,0.005457,-0.091433,0.213001,0.379046,-0.233702,-0.038388,0.317892,-0.751098,-0.657678,0.057463,0.635467,-0.696862,0.332412,-0.177631,0.287026,0.941237,-0.003331,-0.015726,-0.018124,-0.003387,0.027827,-0.050357,0.46173,0.005425,0.038368,-0.001421,0.782532,0.617502,0.079586,-0.618161,0.755314,0.217662,0.074294,-0.219525,0.972773,0.005843,-0.008926,-0.010421,-0.001396,0.012605,-0.021203,0.515384,0.120802,0.023568,-0.031697,0.898538,-0.357757,-0.254239,0.405044,0.899018,0.166448,0.169018,-0.252538,0.952709,0.007633,0.001638,0.000993,0.006045,-0.09173,0.21126,0.521694
39,0.239014,-0.060904,0.35046,-0.867064,0.403408,-0.292417,-0.471657,-0.853729,0.220583,-0.159585,0.328673,0.930878,-0.0,1e-06,1e-06,0.0,0.0,0.0,0.415183,-0.233185,-0.039123,0.317013,-0.750567,-0.658206,0.058352,0.636212,-0.696193,0.33239,-0.177212,0.287442,0.941189,0.011105,-0.020785,-0.024424,-0.003038,0.026538,-0.046289,0.409257,0.005682,0.037994,-0.001868,0.781944,0.618142,0.080393,-0.618957,0.754674,0.217619,0.073849,-0.219926,0.972716,0.013178,-0.010993,-0.013054,0.000679,-0.002587,0.008061,0.515221,0.120987,0.023594,-0.031687,0.896293,-0.36143,-0.256956,0.409206,0.897376,0.165123,0.170906,-0.253147,0.952211,4e-06,-2.1e-05,-3.1e-05,0.004847,-0.076932,0.182251,0.522021
40,0.238996,-0.060938,0.350379,-0.865226,0.405847,-0.294478,-0.474579,-0.852405,0.219435,-0.160885,0.329104,0.930502,-0.000424,0.006331,-0.01346,0.034715,0.006053,-0.004331,0.424887,-0.232688,-0.040011,0.315931,-0.750851,-0.657635,0.061076,0.636108,-0.695406,0.334231,-0.176384,0.290644,0.94036,0.010404,-0.024388,-0.028885,-0.067613,0.09039,-0.00657,0.301763,0.005931,0.03755,-0.002409,0.781826,0.617912,0.083254,-0.619213,0.753882,0.219624,0.072945,-0.22326,0.972025,0.005092,-0.007099,-0.019119,-0.037049,0.083773,0.019637,0.515384,0.120978,0.02358,-0.031717,0.894665,-0.364091,-0.258864,0.412197,0.896191,0.164114,0.172239,-0.25353,0.951869,-0.007528,-0.00235,-0.001773,0.003741,-0.062152,0.153074,0.522837
41,0.238805,-0.060994,0.350247,-0.864554,0.406758,-0.295195,-0.475633,-0.851957,0.218894,-0.161384,0.329139,0.930403,0.000665,-0.004912,-0.005306,0.003825,-0.065639,0.156851,0.421557,-0.23247,-0.040368,0.315201,-0.751587,-0.656614,0.062978,0.635442,-0.695333,0.335648,-0.175655,0.293122,0.939728,0.009939,-0.015341,-0.039748,-0.353404,0.395222,0.20842,0.238529,0.00604,0.037367,-0.002771,0.781587,0.618155,0.083693,-0.619582,0.753722,0.219135,0.072378,-0.223128,0.972097,0.004886,-0.008147,-0.020437,0.042086,0.005644,-0.028672,0.515221,0.120882,0.023557,-0.031785,0.894131,-0.364985,-0.25945,0.41316,0.895838,0.163623,0.172706,-0.253495,0.951794,-0.007419,-0.003175,-0.002663,-0.001406,0.025722,-0.056803,0.522674
42,0.238406,-0.061132,0.349897,-0.863349,0.407032,-0.298328,-0.477149,-0.850892,0.219733,-0.163336,0.331542,0.929208,-0.014703,-0.007487,-0.006581,-0.0634,-0.046147,-0.084701,0.393099,-0.232225,-0.040719,0.313312,-0.754413,-0.652914,0.06749,0.632696,-0.69618,0.339062,-0.173444,0.299323,0.938182,0.009536,0.005437,-0.058366,-0.012917,0.029173,0.230969,0.146898,0.006157,0.037181,-0.003695,0.784323,0.613715,0.090501,-0.616421,0.754616,0.224897,0.069729,-0.232178,0.97017,-0.002799,-0.002053,-0.02397,-0.103188,0.185567,0.072173,0.459538,0.120688,0.023484,-0.031958,0.892876,-0.365727,-0.262705,0.414952,0.894833,0.164583,0.174884,-0.255963,0.950734,-0.007292,-0.004145,-0.003719,-0.083688,-0.152508,0.08579,0.523327
43,0.238284,-0.061235,0.349524,-0.86237,0.406969,-0.301229,-0.478277,-0.850021,0.220651,-0.165184,0.333843,0.928057,-0.000173,0.004456,-0.015515,0.033458,0.004531,-0.00494,0.357881,-0.232106,-0.04053,0.311494,-0.783592,-0.616758,0.074727,0.600108,-0.720543,0.347308,-0.159375,0.317776,0.934603,-0.003905,0.004273,-0.038146,-0.360375,0.487853,0.399596,0.118538,0.006221,0.037263,-0.00466,0.810152,0.577208,0.102385,-0.583628,0.777772,0.233342,0.055055,-0.248797,0.966988,-0.001855,0.002433,-0.01871,-0.474859,0.577637,0.403124,0.348174,0.120622,0.023428,-0.032156,0.892,-0.365741,-0.265647,0.415954,0.894179,0.165606,0.176967,-0.258218,0.949739,-8.5e-05,0.002256,-0.007725,0.045675,0.016878,-0.003609,0.523491
44,0.238258,-0.061291,0.34939,-0.861186,0.406255,-0.305551,-0.479035,-0.849707,0.220216,-0.169098,0.335506,0.926752,0.000504,-0.003765,-0.004089,0.005302,-0.025587,0.004177,0.352396,-0.232184,-0.040217,0.310669,-0.811456,-0.57914,0.078283,0.566023,-0.745806,0.351178,-0.143975,0.330011,0.93286,-0.003157,0.019292,-0.041747,-0.031213,0.831744,1.715306,0.094302,0.006184,0.037408,-0.005047,0.832318,0.543052,0.111088,-0.552773,0.798333,0.238968,0.041086,-0.260304,0.964651,-0.00154,0.009639,-0.020866,-0.314217,0.405483,0.274594,0.303433,0.12061,0.023397,-0.032219,0.890876,-0.365245,-0.270063,0.416623,0.893908,0.165385,0.181006,-0.259852,0.948531,0.000254,-0.00187,-0.002029,0.181853,-0.173208,0.095207,0.523654
45,0.23816,-0.061338,0.349274,-0.863735,0.399548,-0.307195,-0.473362,-0.852383,0.222135,-0.172024,0.336778,0.925752,3.5e-05,-0.000264,-0.000287,-0.000111,-0.00013,-5.2e-05,0.363078,-0.232654,-0.039531,0.309225,-0.849628,-0.519591,0.090267,0.514237,-0.77865,0.359443,-0.115407,0.352472,0.928605,-0.018149,0.02226,-0.037976,-0.28044,1.121624,1.844356,0.066939,0.005955,0.037759,-0.005775,0.867553,0.479872,0.130665,-0.497229,0.831262,0.248528,0.010645,-0.280582,0.95977,-0.009004,0.006253,-0.014142,0.441311,2.09198,5.233202,0.214766,0.120561,0.023371,-0.032287,0.892955,-0.358647,-0.272032,0.41082,0.896325,0.166816,0.184002,-0.260716,0.947718,-0.0,1.4e-05,1.7e-05,0.004138,0.004728,0.000904,0.523654
46,0.238085,-0.061304,0.349317,-0.863508,0.399849,-0.307441,-0.473722,-0.852219,0.221997,-0.172172,0.336836,0.925703,-0.000184,0.00138,0.001499,0.00452,-0.07697,0.183341,0.381105,-0.233391,-0.03898,0.308323,-0.88941,-0.444553,0.106367,0.451061,-0.816465,0.360363,-0.072235,0.369054,0.926522,-0.032178,0.018316,-0.02081,1.416219,2.399984,-0.289392,0.094454,0.005591,0.038034,-0.006236,0.902636,0.401477,0.155124,-0.429242,0.866168,0.255937,-0.031611,-0.297604,0.954165,-0.008266,0.003454,-0.006558,0.013145,0.822176,1.708611,0.186353,0.120523,0.023389,-0.032264,0.89282,-0.358902,-0.272141,0.411082,0.896228,0.166694,0.184073,-0.2607,0.947708,-0.007881,0.00017,0.000952,-0.000342,0.003721,-0.002604,0.520878
47,0.237972,-0.061256,0.34938,-0.869448,0.385838,-0.308601,-0.460176,-0.859773,0.221362,-0.178839,0.333988,0.92547,-0.000119,0.000893,0.000969,0.004533,-0.076977,0.183311,0.388713,-0.234146,-0.038555,0.307987,-0.92281,-0.364184,0.125625,0.38428,-0.848866,0.362891,-0.024358,0.383619,0.923096,-0.030634,0.002753,0.003786,0.136679,1.194595,0.315687,0.103193,0.005213,0.038251,-0.006415,0.928644,0.321932,0.184334,-0.361962,0.895159,0.260143,-0.08126,-0.308302,0.947811,-0.007595,0.006549,-0.002786,1.148467,3.132775,0.949562,0.176066,0.120467,0.023418,-0.032228,0.89781,-0.344584,-0.274222,0.39702,0.902777,0.165434,0.190556,-0.257399,0.947329,-7.3e-05,0.000538,0.000587,-0.000867,0.00112,0.000299,0.515979
48,0.237888,-0.061247,0.349398,-0.875497,0.37127,-0.30937,-0.445946,-0.867346,0.220939,-0.185218,0.330926,0.925316,-0.015536,-0.001338,6.8e-05,0.157418,-0.172147,-0.306453,0.392153,-0.234464,-0.038376,0.307948,-0.931571,-0.336918,0.136578,0.363391,-0.857675,0.363695,-0.004222,0.388868,0.921209,-0.015168,0.002044,0.002701,7e-06,1.140929,0.071374,0.105851,0.005043,0.038345,-0.006427,0.93464,0.294923,0.198665,-0.340598,0.903017,0.261825,-0.102179,-0.312377,0.944446,-0.007523,0.001201,0.001588,-0.079121,1.289422,0.050863,0.168718,0.12043,0.023424,-0.032218,0.902688,-0.330175,-0.275931,0.382772,0.909098,0.164394,0.19657,-0.254015,0.947013,-2.3e-05,0.000184,0.0002,0.522303,-0.378507,-1.546859,0.510264
49,0.237733,-0.061235,0.34944,-0.876418,0.36786,-0.31083,-0.442925,-0.869091,0.220157,-0.188066,0.330161,0.925014,-0.000204,0.001542,0.001673,0.005185,-0.088117,0.20991,0.39318,-0.235054,-0.038061,0.307998,-0.940562,-0.303347,0.15269,0.338886,-0.865462,0.368871,0.021436,0.399078,0.916592,-0.014552,0.004808,0.006057,-0.192865,0.099939,0.295208,0.095249,0.004754,0.038501,-0.006404,0.939993,0.261561,0.219082,-0.315976,0.909613,0.269746,-0.128725,-0.322784,0.937677,-0.007305,0.00222,0.00282,-0.215134,0.217982,0.119489,0.142102,0.120347,0.023426,-0.0322,0.903576,-0.32632,-0.277606,0.379147,0.910781,0.163476,0.199493,-0.252966,0.946683,-0.007768,-0.000668,3.4e-05,-0.001313,0.014969,-0.02863,0.497201
50,0.237577,-0.06121,0.349483,-0.875493,0.369164,-0.311889,-0.444474,-0.86845,0.219565,-0.188719,0.33039,0.9248,-0.000176,0.001339,0.001452,0.004533,-0.076964,0.183343,0.387578,-0.235485,-0.037859,0.3083,-0.954118,-0.246697,0.169675,0.294329,-0.875883,0.382272,0.055511,0.414988,0.908056,0.001277,0.005767,0.007015,-0.353325,1.147298,2.106703,0.095788,0.004538,0.038604,-0.006259,0.947176,0.21353,0.239291,-0.278543,0.917539,0.283786,-0.158963,-0.335449,0.928549,-0.007066,0.003288,0.004107,-0.366439,0.354114,0.232863,0.112056,0.120275,0.023439,-0.032179,0.902735,-0.327801,-0.278593,0.380792,0.910191,0.162935,0.200163,-0.253173,0.946486,-2.7e-05,0.000197,0.000218,-0.00016,0.00011,0.000653,0.476953
51,0.237389,-0.06122,0.349505,-0.876685,0.365364,-0.313013,-0.440976,-0.870384,0.218959,-0.191355,0.32953,0.924565,-8.5e-05,0.000647,0.000701,0.0,-0.0,-0.0,0.38869,-0.235909,-0.037632,0.308728,-0.965386,-0.190871,0.177735,0.247829,-0.883031,0.398459,0.082107,0.428959,0.899509,-0.013521,0.009327,0.011494,-0.357896,0.540241,0.898419,0.131849,0.004326,0.038711,-0.006044,0.955116,0.153243,0.253514,-0.229236,0.924393,0.304873,-0.187627,-0.349304,0.918031,-0.006867,0.005,0.006168,0.408358,2.755777,5.354306,0.123487,0.120175,0.023435,-0.032165,0.903613,-0.324127,-0.280041,0.377304,0.911786,0.16213,0.202787,-0.252164,0.946197,-0.007795,-0.000454,0.000267,0.003336,-0.062057,0.154356,0.458501
52,0.237297,-0.061238,0.349511,-0.878295,0.360938,-0.313637,-0.436732,-0.872603,0.218633,-0.193678,0.328546,0.924431,-1e-06,9e-06,1e-05,0.0,-0.0,-1e-06,0.388732,-0.23616,-0.037425,0.30895,-0.968246,-0.171507,0.181869,0.232713,-0.883543,0.406362,0.092214,0.436001,0.895133,-0.013219,0.010621,0.013035,-0.461092,0.444278,0.281814,0.137311,0.004196,0.038821,-0.005925,0.95661,0.131575,0.25997,-0.212862,0.92485,0.315185,-0.198963,-0.356847,0.912728,-0.006569,0.005483,0.006734,-0.513197,0.479164,0.286287,0.130181,0.120129,0.023428,-0.032162,0.904925,-0.319643,-0.280958,0.372915,0.913681,0.161619,0.205046,-0.251026,0.946013,1e-06,-2.1e-05,-2.2e-05,-0.000528,0.000622,0.000486,0.451969
53,0.237136,-0.061266,0.349481,-0.877054,0.362706,-0.315064,-0.438819,-0.871763,0.217803,-0.194575,0.328825,0.924143,4.6e-05,-0.00035,-0.000379,0.004544,-0.076958,0.183346,0.38195,-0.236535,-0.036933,0.309501,-0.974037,-0.121676,0.190886,0.193232,-0.88571,0.422034,0.118945,0.448118,0.885949,0.002693,0.012024,0.014481,-0.291327,0.555268,0.731289,0.12766,0.004008,0.039063,-0.005655,0.958386,0.082892,0.273174,-0.175372,0.926016,0.334272,-0.225256,-0.368268,0.902018,-0.006355,0.006499,0.007926,-0.204889,1.182793,1.791817,0.116302,0.120048,0.023413,-0.032177,0.903822,-0.321607,-0.282266,0.375086,0.912924,0.160868,0.205951,-0.25127,0.945751,2.4e-05,-0.000188,-0.000202,0.004443,-0.07687,0.183799,0.434824
54,0.23703,-0.061267,0.349506,-0.876062,0.364108,-0.316206,-0.440487,-0.871076,0.217184,-0.195275,0.329093,0.923901,-5.1e-05,0.000394,0.000427,0.004547,-0.076953,0.183348,0.377704,-0.23673,-0.036527,0.310155,-0.978914,-0.042585,0.199765,0.127961,-0.889815,0.437938,0.160337,0.454321,0.876212,-0.012448,0.01384,0.016759,-0.265106,0.336898,0.335458,0.169357,0.003916,0.039267,-0.005327,0.957439,0.003756,0.288609,-0.111063,0.92772,0.356369,-0.266411,-0.373256,0.888653,0.001391,0.000638,0.01155,-0.280835,0.542504,0.689943,0.121527,0.119995,0.023412,-0.032166,0.903002,-0.32305,-0.28324,0.376692,0.912354,0.160351,0.206614,-0.251492,0.945548,-3.8e-05,0.000297,0.000325,-6e-05,5.8e-05,0.00033,0.413433
55,0.237004,-0.061252,0.349524,-0.877767,0.359534,-0.316711,-0.436055,-0.873374,0.216899,-0.197536,0.328038,0.923795,-7.9e-05,0.000611,0.000662,1e-06,-1e-06,-3e-06,0.377872,-0.236882,-0.036302,0.310492,-0.978629,-0.028704,0.203599,0.118674,-0.887135,0.445918,0.169052,0.460588,0.871289,-0.012353,0.0142,0.017142,-0.523318,0.489307,0.34405,0.186779,0.003841,0.039381,-0.005157,0.95621,-0.008685,0.29255,-0.102919,0.925743,0.363876,-0.273987,-0.378051,0.884311,-0.006194,0.007026,0.008486,-0.068762,0.091345,0.079056,0.144551,0.119983,0.023419,-0.032156,0.904335,-0.318511,-0.284126,0.372228,0.914275,0.15983,0.208862,-0.2503,0.94537,-5e-05,0.000378,0.000412,-0.000472,0.000644,0.000249,0.406738
56,0.23699,-0.061229,0.34955,-0.88287,0.345566,-0.318073,-0.422456,-0.880222,0.216131,-0.204193,0.324752,0.923509,-1.3e-05,0.0001,0.000108,1.762387,-1.271404,-4.920448,0.379776,-0.237242,-0.035717,0.311082,-0.977436,-0.014924,0.210683,0.112364,-0.88104,0.45943,0.179993,0.472757,0.862535,-0.012787,0.012128,0.014585,-0.350843,0.336352,0.211579,0.16854,0.003657,0.039684,-0.004849,0.953277,-0.02277,0.301236,-0.097996,0.919926,0.379648,-0.28576,-0.391429,0.874713,-0.006415,0.006,0.007221,-0.371168,0.348331,0.211867,0.148143,0.119975,0.023432,-0.032142,0.906855,-0.309558,-0.285983,0.363424,0.917998,0.158748,0.21339,-0.247895,0.944992,-5e-06,2.9e-05,3.1e-05,-0.000354,0.000398,0.000524,0.398083
57,0.23699,-0.061235,0.349544,-0.883729,0.342062,-0.319471,-0.419274,-0.881936,0.215339,-0.206998,0.323816,0.923213,2.6e-05,-0.000199,-0.000216,0.0,-0.0,-0.0,0.372377,-0.237351,-0.035334,0.311457,-0.975333,0.033236,0.2182,0.075748,-0.877856,0.472827,0.208491,0.477651,0.853372,0.001428,0.006343,0.007506,-0.211282,0.220112,0.200415,0.183098,0.003603,0.039876,-0.00466,0.947357,-0.070306,0.312363,-0.062983,0.915609,0.397104,-0.313922,-0.395873,0.862981,0.000657,0.002915,0.003449,-0.187317,0.294645,0.283201,0.129692,0.119975,0.023429,-0.032145,0.90913,-0.300867,-0.288028,0.354891,0.921534,0.157564,0.218023,-0.245465,0.944569,2.1e-05,-0.000164,-0.000176,0.004273,-0.07667,0.184028,0.386326
58,0.236992,-0.061247,0.349531,-0.883261,0.34275,-0.320027,-0.420084,-0.881627,0.215023,-0.20735,0.323928,0.923095,0.00016,-0.001231,-0.001334,-0.000659,0.01115,-0.026567,0.364219,-0.237516,-0.035196,0.311639,-0.973891,0.046912,0.222097,0.067366,-0.874316,0.480591,0.217954,0.482945,0.848011,0.0015,0.006647,0.007855,-0.35001,0.322321,0.241606,0.193105,0.003525,0.039939,-0.004577,0.944989,-0.082607,0.316499,-0.055776,0.912722,0.404756,-0.322311,-0.400143,0.857904,-0.006921,0.003684,0.004443,-0.599844,0.536264,0.307729,0.138509,0.119976,0.023425,-0.032149,0.908705,-0.30165,-0.288549,0.355754,0.921251,0.15727,0.218386,-0.245565,0.944459,3e-06,-2.2e-05,-2.4e-05,-0.000172,0.000112,0.000603,0.37457
59,0.23698,-0.061248,0.34953,-0.882364,0.344067,-0.321088,-0.421634,-0.881035,0.214416,-0.208022,0.324142,0.922868,0.0,-0.0,-0.0,0.0,0.0,0.0,0.358093,-0.238095,-0.034886,0.311933,-0.972133,0.06087,0.226369,0.060938,-0.866585,0.495228,0.227535,0.495145,0.838404,-0.014026,0.006437,0.007759,-0.536651,0.51424,0.326129,0.191306,0.003236,0.040097,-0.004427,0.942218,-0.095333,0.321146,-0.051337,0.906238,0.419637,-0.33104,-0.411877,0.848981,-0.007081,0.002938,0.003555,-0.110537,0.13965,0.06542,0.147,0.119971,0.023421,-0.032153,0.907916,-0.303098,-0.289513,0.35735,0.920727,0.156724,0.21906,-0.24575,0.944255,-3e-06,8e-06,8e-06,-0.000116,3.6e-05,0.000401,0.352035
60,0.237003,-0.061237,0.34951,-0.883383,0.340319,-0.322278,-0.41814,-0.882876,0.213685,-0.210715,0.323094,0.922625,1.9e-05,-0.000144,-0.000156,3e-06,-2e-06,-9e-06,0.353471,-0.238512,-0.034537,0.312077,-0.969866,0.072293,0.232646,0.057163,-0.860487,0.506189,0.238002,0.504143,0.830095,-0.014187,0.016674,-0.00155,-0.176648,0.189561,0.142787,0.191671,0.003027,0.040265,-0.004354,0.938182,-0.107608,0.328988,-0.048669,0.899998,0.433167,-0.342701,-0.422401,0.839125,0.000429,0.00189,0.002232,-0.22145,0.221489,0.149223,0.130835,0.119982,0.023427,-0.032163,0.908692,-0.299371,-0.290955,0.353741,0.922269,0.155838,0.221686,-0.244531,0.943959,8e-06,-8.4e-05,-9.2e-05,-0.000495,0.000676,0.00022,0.340115
61,0.236983,-0.061272,0.349505,-0.882474,0.341653,-0.323354,-0.41972,-0.882263,0.213115,-0.211378,0.323357,0.922381,2.7e-05,-0.000207,-0.000225,0.0,-0.0,-0.0,0.342242,-0.23893,-0.034122,0.312058,-0.966794,0.088104,0.23987,0.051406,-0.852169,0.520672,0.251499,0.5156,0.819004,-0.014731,0.014217,-0.004452,-0.252067,0.274381,0.163516,0.224776,0.002824,0.040475,-0.004361,0.933607,-0.122129,0.336841,-0.044987,0.892718,0.448363,-0.355462,-0.433749,0.827953,-0.007465,0.006679,-0.002723,-0.390449,0.397212,0.235613,0.154675,0.119978,0.02341,-0.032166,0.907939,-0.300753,-0.291877,0.355275,0.921759,0.155363,0.222314,-0.244757,0.943752,1.7e-05,-0.00014,-0.000152,-8.3e-05,6.1e-05,0.000326,0.320684
62,0.236972,-0.061273,0.349504,-0.882066,0.342253,-0.323834,-0.420424,-0.881995,0.212837,-0.211682,0.323453,0.922277,0.0,-4e-06,-4e-06,0.0,0.0,0.0,0.338761,-0.239202,-0.033952,0.311989,-0.965103,0.095863,0.243675,0.048919,-0.847922,0.527796,0.258426,0.521175,0.813299,-0.015142,0.012403,-0.006588,-0.359202,0.377102,0.229957,0.226627,0.002677,0.040567,-0.004394,0.931098,-0.129442,0.341028,-0.043413,0.88895,0.455942,-0.362175,-0.439332,0.82208,-0.007604,0.006057,-0.003455,-0.390276,0.395981,0.23447,0.164472,0.119966,0.023409,-0.032166,0.907526,-0.301511,-0.292379,0.35611,0.921486,0.155073,0.222667,-0.244852,0.943644,-4e-06,1.3e-05,1.5e-05,-7e-05,2.8e-05,0.000269,0.311213
63,0.236994,-0.061257,0.349504,-0.881252,0.343441,-0.32479,-0.421815,-0.88147,0.212259,-0.212301,0.323623,0.922076,-9.5e-05,0.00073,0.000791,0.0,0.0,0.0,0.338845,-0.239795,-0.033754,0.311925,-0.962347,0.107287,0.249737,0.045821,-0.841356,0.538474,0.269098,0.529504,0.804409,-0.014893,0.002504,0.003083,-0.213814,0.205646,0.127971,0.21884,0.002385,0.04066,-0.004434,0.927007,-0.14054,0.347715,-0.041486,0.883017,0.467502,-0.372741,-0.447803,0.812733,-0.007585,0.000654,0.000849,-0.24923,0.252858,0.12425,0.1599,0.119978,0.023415,-0.032168,0.906805,-0.302826,-0.293257,0.357551,0.921017,0.154543,0.223296,-0.244995,0.943458,-6.7e-05,0.000498,0.000539,0.004513,-0.076934,0.183508,0.300272
64,0.236972,-0.061273,0.349504,-0.880589,0.344406,-0.325564,-0.422954,-0.881027,0.211833,-0.212782,0.323803,0.921901,0.000881,-0.009845,0.00967,-0.035388,0.005228,-0.022171,0.336308,-0.24027,-0.033524,0.312153,-0.959973,0.117008,0.254464,0.043199,-0.835563,0.547633,0.277905,0.536555,0.796706,-0.013578,0.008092,0.009625,-0.436154,0.419592,0.266136,0.228146,0.002146,0.040766,-0.004331,0.924132,-0.148287,0.35212,-0.040216,0.878739,0.475604,-0.379948,-0.453682,0.806108,-0.006754,0.004204,0.005009,0.008631,0.013341,0.016661,0.154838,0.119966,0.023413,-0.032169,0.906212,-0.303902,-0.293975,0.358735,0.920626,0.154127,0.223802,-0.245131,0.943303,2e-06,-3.6e-05,-4e-05,-5.1e-05,-1.9e-05,0.00012,0.293414
65,0.236937,-0.061277,0.349504,-0.880201,0.344972,-0.326014,-0.423618,-0.880771,0.211569,-0.213066,0.323895,0.921804,-0.015486,-0.001683,-0.000323,-0.000984,0.014715,-0.029553,0.335378,-0.240468,-0.033343,0.312399,-0.95945,0.118861,0.255574,0.042883,-0.834368,0.549477,0.279759,0.538003,0.795079,-0.012737,0.011635,0.013751,-0.046846,0.045456,0.024494,0.247757,0.002046,0.040852,-0.004212,0.922747,-0.151858,0.354225,-0.039807,0.876631,0.479513,-0.383343,-0.45657,0.802864,-0.006246,0.006364,0.007523,0.00529,0.002442,0.042832,0.165452,0.119955,0.023408,-0.032166,0.905865,-0.304528,-0.294395,0.35943,0.920391,0.153909,0.224089,-0.245236,0.943208,-2e-06,4e-06,4e-06,-3.5e-05,-1.7e-05,0.000114,0.290148
66,0.236924,-0.061266,0.349516,-0.879415,0.346112,-0.326927,-0.424956,-0.880255,0.211035,-0.213647,0.324081,0.921604,-1.4e-05,0.000107,0.000116,0.0,0.0,0.0,0.336965,-0.240865,-0.032865,0.313264,-0.958712,0.120227,0.257697,0.04365,-0.83301,0.551473,0.28217,0.539797,0.793008,-0.011402,0.00632,0.028662,-0.035164,0.001729,0.004852,0.26001,0.001843,0.041098,-0.003772,0.921854,-0.152756,0.356159,-0.040751,0.87573,0.481077,-0.385387,-0.457997,0.801071,-0.005651,0.003424,0.014645,-0.028004,-0.006055,-0.000676,0.192558,0.119942,0.023413,-0.032159,0.90518,-0.305763,-0.295221,0.360789,0.91994,0.153429,0.224673,-0.245394,0.943028,-6e-06,4.8e-05,5.3e-05,1.8e-05,1.9e-05,0.000102,0.28574
67,0.236923,-0.061259,0.349509,-0.878626,0.347251,-0.327838,-0.426287,-0.879745,0.210475,-0.214237,0.324245,0.921409,-0.0,0.0,0.0,0.00455,-0.076957,0.183346,0.339471,-0.241229,-0.032506,0.314193,-0.957833,0.118128,0.261903,0.047899,-0.832901,0.551285,0.284465,0.540432,0.791755,-0.01184,0.015187,0.017677,-0.011546,0.099904,-0.176404,0.264973,0.001668,0.041281,-0.003304,0.920811,-0.150172,0.359937,-0.044969,0.875859,0.480466,-0.387407,-0.458604,0.799748,-0.005805,0.002728,0.013775,-0.036049,-0.000493,0.001553,0.196314,0.119942,0.023416,-0.032163,0.904546,-0.306902,-0.295982,0.362036,0.919528,0.15296,0.225221,-0.245516,0.942865,3e-06,-6e-06,-8e-06,1.4e-05,3e-05,8.2e-05,0.285086
68,0.236891,-0.061281,0.349489,-0.87791,0.348283,-0.32866,-0.427497,-0.879274,0.209989,-0.214759,0.324414,0.921228,9.7e-05,-0.000751,-0.000814,0.004551,-0.076957,0.183346,0.339007,-0.241568,-0.031931,0.31486,-0.957201,0.116519,0.264916,0.050859,-0.833149,0.550645,0.286077,0.540402,0.791195,-0.011791,0.015255,0.017651,-0.00993,0.085551,-0.151468,0.28238,0.001498,0.041568,-0.002971,0.920026,-0.148168,0.362765,-0.047964,0.876216,0.479525,-0.38891,-0.458575,0.799035,0.001582,0.006743,0.007747,0.002226,-0.029943,0.047795,0.2115,0.119926,0.023407,-0.032172,0.903912,-0.308037,-0.296737,0.363284,0.919109,0.152516,0.225754,-0.245661,0.9427,6.5e-05,-0.000495,-0.000537,9e-06,3e-06,5.8e-05,0.28378
69,0.236902,-0.061279,0.349489,-0.877613,0.348707,-0.329003,-0.427996,-0.879079,0.209787,-0.214977,0.324485,0.921152,1e-06,-1.1e-05,-1.2e-05,0.0,0.0,0.0,0.338013,-0.2417,-0.031606,0.315139,-0.956941,0.115832,0.266153,0.05205,-0.833336,0.550251,0.286733,0.540262,0.791052,0.003218,0.013605,0.015576,-0.00788,0.070364,-0.122212,0.277088,0.001427,0.041731,-0.002831,0.9197,-0.147314,0.363936,-0.049161,0.876437,0.479,-0.389531,-0.458428,0.798817,-0.005963,0.007354,0.008493,0.000338,-0.014515,0.018915,0.214276,0.119932,0.023406,-0.032174,0.903587,-0.308617,-0.297128,0.363922,0.918895,0.152288,0.226031,-0.245737,0.942614,-0.0,6e-06,5e-06,1.3e-05,1.2e-05,5e-05,0.281821
70,0.236924,-0.061265,0.349503,-0.876998,0.349586,-0.329712,-0.429029,-0.878675,0.20937,-0.21543,0.324633,0.920994,-0.000134,0.001031,0.001117,0.0,0.0,0.0,0.330877,-0.241775,-0.030996,0.315649,-0.956052,0.116801,0.268913,0.053276,-0.832485,0.55142,0.289473,0.541362,0.789301,0.003074,0.013007,0.01481,-0.391491,0.450051,0.121733,0.281001,0.00139,0.042041,-0.00257,0.919068,-0.146241,0.365959,-0.050999,0.876659,0.4784,-0.390783,-0.458346,0.798252,0.001522,0.006479,0.00738,-0.392162,0.449254,0.12049,0.213786,0.119943,0.023411,-0.032169,0.903041,-0.309582,-0.29778,0.364986,0.918536,0.151907,0.226494,-0.245864,0.94247,-7.9e-05,0.000605,0.000657,0.000669,-0.011144,0.026606,0.275616
71,0.236892,-0.061293,0.349476,-0.880378,0.340199,-0.330522,-0.419789,-0.883241,0.208888,-0.219775,0.322221,0.920814,0.000205,-0.001581,-0.001713,-0.000623,0.011128,-0.026667,0.310888,-0.241677,-0.030448,0.316115,-0.955737,0.116004,0.270372,0.054647,-0.832748,0.550889,0.290257,0.54113,0.789172,0.002765,0.02252,0.004654,0.028003,0.055512,-0.106184,0.283584,0.001439,0.042308,-0.002337,0.918109,-0.147016,0.368051,-0.051938,0.876015,0.479479,-0.392909,-0.45933,0.796641,0.001269,0.005416,0.006134,0.004922,-0.017148,0.023442,0.215582,0.119926,0.023402,-0.032177,0.905789,-0.300029,-0.299211,0.355431,0.922418,0.15104,0.230682,-0.243159,0.942156,0.000105,-0.000803,-0.00087,-0.00114,0.011907,-0.026556,0.253735
72,0.23686,-0.061314,0.349456,-0.880021,0.340724,-0.330932,-0.4204,-0.883008,0.208642,-0.220036,0.322304,0.920723,0.000138,-0.001062,-0.001151,0.0,-0.0,-0.0,0.29948,-0.241613,-0.0302,0.316348,-0.955201,0.117915,0.271436,0.054253,-0.831631,0.552613,0.292096,0.542431,0.787599,0.002714,0.011535,0.013033,-0.009115,-0.003723,0.031769,0.283165,0.00147,0.042436,-0.002224,0.917287,-0.148812,0.369376,-0.05193,0.874934,0.481448,-0.394825,-0.460808,0.794838,0.00144,0.011548,0.002634,0.053165,-0.047128,0.069647,0.215093,0.11991,0.02339,-0.032188,0.905474,-0.300609,-0.299583,0.356065,0.92221,0.150818,0.230941,-0.243233,0.942073,8.9e-05,-0.000681,-0.000737,-0.000127,0.000137,0.000266,0.238222
73,0.23683,-0.061361,0.349424,-0.879419,0.3416,-0.331628,-0.421431,-0.882609,0.208251,-0.220469,0.322468,0.920562,2.4e-05,-0.000185,-0.000201,0.0,0.0,0.0,0.287947,-0.241465,-0.029513,0.316731,-0.953253,0.126051,0.27461,0.051656,-0.827219,0.55944,0.298878,0.547311,0.781655,0.00283,0.02286,0.004934,-0.295115,0.389269,0.074396,0.296093,0.001543,0.042765,-0.002032,0.915119,-0.154974,0.372209,-0.050615,0.871714,0.487393,-0.399993,-0.464862,0.789878,0.001451,0.011614,0.002674,-0.360094,0.385441,0.319024,0.218358,0.119896,0.023364,-0.032207,0.904939,-0.301581,-0.30022,0.357136,0.921853,0.150464,0.231382,-0.24338,0.941927,1.3e-05,-9.3e-05,-9.9e-05,0.004506,-0.076913,0.18353,0.210952
74,0.236817,-0.06135,0.349437,-0.879056,0.342128,-0.332045,-0.422047,-0.882374,0.208001,-0.220735,0.322553,0.920469,-3.8e-05,0.000296,0.000321,0.0,0.0,0.0,0.289316,-0.241388,-0.028656,0.316962,-0.950945,0.136627,0.277537,0.047534,-0.821742,0.567815,0.306837,0.552978,0.774551,0.002883,0.023115,0.005152,-0.254609,0.246954,0.253339,0.327919,0.001584,0.043211,-0.001913,0.911504,-0.166118,0.376251,-0.047556,0.866102,0.497599,-0.408532,-0.471456,0.781555,0.001428,0.011517,0.002529,-0.295399,0.273422,0.262829,0.251016,0.119889,0.02337,-0.0322,0.904617,-0.302166,-0.300603,0.357776,0.921642,0.150235,0.231653,-0.243454,0.941841,-2.2e-05,0.000173,0.000187,-3.5e-05,1.9e-05,0.000119,0.202788
75,0.236806,-0.061359,0.349444,-0.880313,0.338021,-0.332922,-0.418111,-0.884363,0.207502,-0.223192,0.321439,0.920266,1.8e-05,-0.000143,-0.000155,0.0,-0.0,-0.0,0.285353,-0.241361,-0.027801,0.31725,-0.948697,0.147554,0.279631,0.04286,-0.816001,0.576401,0.31442,0.558625,0.767425,0.002809,0.012037,0.013384,-0.233454,0.217211,0.174713,0.342296,0.001595,0.043626,-0.001775,0.908451,-0.176544,0.378876,-0.044008,0.860991,0.506712,-0.415666,-0.476997,0.774399,0.001442,0.011589,0.002576,-0.367042,0.324855,0.287942,0.278939,0.119883,0.023367,-0.032196,0.905603,-0.298041,-0.30175,0.35371,0.923318,0.149571,0.234033,-0.242184,0.94158,1.4e-05,-0.00011,-0.00012,-6.8e-05,6.3e-05,0.000203,0.199849
76,0.236794,-0.06136,0.349444,-0.879972,0.33852,-0.333315,-0.418693,-0.884143,0.207265,-0.223444,0.321517,0.920177,0.0,-2e-06,-3e-06,0.004553,-0.076947,0.18335,0.284248,-0.241379,-0.027445,0.317383,-0.947743,0.151856,0.280558,0.041142,-0.813677,0.579802,0.31752,0.560851,0.764519,0.002626,0.022034,0.00385,-0.068856,0.062252,0.134432,0.343105,0.001588,0.043818,-0.0017,0.906816,-0.1817,0.380353,-0.042495,0.858324,0.511345,-0.419378,-0.479859,0.770621,0.001285,0.010911,0.001806,-0.009967,0.029181,0.125201,0.285307,0.119878,0.023366,-0.032196,0.905363,-0.29848,-0.302036,0.354189,0.923162,0.149399,0.234235,-0.242238,0.941516,0.0,1e-06,1e-06,-3.2e-05,4.5e-05,0.000162,0.196093
77,0.23678,-0.061336,0.349455,-0.879522,0.33918,-0.333832,-0.419456,-0.883861,0.206928,-0.223785,0.321598,0.920066,-2.8e-05,0.000214,0.000233,0.0,0.0,0.0,0.288262,-0.241485,-0.026915,0.31768,-0.945575,0.16007,0.283295,0.038725,-0.80885,0.586682,0.32424,0.565516,0.758237,-0.012928,0.00975,0.010957,-0.098739,0.097395,0.058261,0.343333,0.001541,0.044082,-0.001554,0.903947,-0.189448,0.38339,-0.040955,0.854047,0.51858,-0.425677,-0.484471,0.764254,0.000949,0.004081,0.004509,-0.079924,0.079859,0.092644,0.2889,0.11987,0.023378,-0.03219,0.904902,-0.299321,-0.302584,0.355102,0.922869,0.149043,0.234635,-0.242318,0.941396,-1.6e-05,0.000125,0.000137,-2.4e-05,1e-05,0.000117,0.193807
78,0.236744,-0.061334,0.349461,-0.878839,0.340176,-0.334615,-0.420616,-0.88342,0.206454,-0.224285,0.321755,0.919889,-0.0,1e-06,1e-06,0.0,0.0,0.0,0.291714,-0.241504,-0.026603,0.318025,-0.944331,0.163948,0.285218,0.038139,-0.806336,0.590171,0.327924,0.567984,0.7548,0.001675,0.007183,0.00791,-0.103614,0.089117,0.091986,0.337913,0.001526,0.044238,-0.001381,0.902405,-0.192816,0.385338,-0.040817,0.852016,0.52192,-0.42895,-0.486712,0.760994,0.000796,0.003432,0.00378,-0.136144,0.114629,0.105339,0.283511,0.119852,0.023379,-0.032187,0.904299,-0.300414,-0.303302,0.356297,0.922478,0.14861,0.235146,-0.242453,0.941234,2e-06,-1.3e-05,-1e-05,9e-06,2e-05,0.000113,0.196909
79,0.236745,-0.06134,0.349455,-0.878424,0.340779,-0.335092,-0.421319,-0.883152,0.206166,-0.224591,0.321852,0.919781,3e-06,-2.4e-05,-2.6e-05,0.0,0.0,0.0,0.290037,-0.241448,-0.026467,0.31819,-0.944237,0.163761,0.285638,0.038536,-0.806372,0.590095,0.32815,0.567986,0.7547,0.001583,0.006796,0.007472,5e-05,-0.012955,0.025851,0.345534,0.001554,0.044308,-0.001296,0.902206,-0.192889,0.385767,-0.041015,0.851997,0.521936,-0.429349,-0.486716,0.760766,0.000764,0.003302,0.003628,0.013718,-0.022896,0.021032,0.285144,0.119853,0.023376,-0.03219,0.903932,-0.301075,-0.30374,0.357021,0.922241,0.148346,0.235458,-0.242536,0.941134,2e-06,-1.6e-05,-1.5e-05,-5e-06,5e-06,0.000102,0.197236
80,0.236756,-0.061333,0.349461,-0.877834,0.341632,-0.335769,-0.422316,-0.882772,0.205756,-0.225026,0.32199,0.919626,-2.2e-05,0.000169,0.000183,0.0,0.0,0.0,0.288817,-0.241455,-0.026171,0.318546,-0.944005,0.16328,0.286677,0.039528,-0.80647,0.589895,0.328699,0.567985,0.754461,0.001818,0.007813,0.008562,0.001587,-0.014469,0.024871,0.349178,0.001549,0.044451,-0.001124,0.901959,-0.192152,0.386712,-0.042047,0.852203,0.521517,-0.429768,-0.486647,0.760574,0.000903,0.003904,0.004279,0.000942,-0.015933,0.02295,0.291513,0.119858,0.023379,-0.032187,0.903411,-0.302013,-0.304362,0.358047,0.921903,0.147971,0.235903,-0.242654,0.940992,-1.3e-05,0.000106,0.000116,-9e-06,-2e-06,9.5e-05,0.194787
81,0.236742,-0.061316,0.349481,-0.877388,0.342277,-0.336278,-0.423068,-0.882483,0.205447,-0.225352,0.322094,0.91951,-5e-06,4.2e-05,4.5e-05,0.0,0.0,0.0,0.291974,-0.241639,-0.025843,0.318924,-0.943647,0.162508,0.28829,0.041069,-0.806655,0.589537,0.329539,0.567946,0.754125,-0.012984,0.00931,0.010363,-0.011406,0.100586,-0.176018,0.346477,0.001463,0.044614,-0.000936,0.901565,-0.191249,0.388076,-0.043461,0.852418,0.521051,-0.430454,-0.486627,0.760198,0.000907,0.003914,0.004279,0.000919,-0.015336,0.023595,0.291676,0.119851,0.023388,-0.032177,0.903016,-0.302721,-0.304828,0.358821,0.921648,0.147687,0.236236,-0.242743,0.940886,-2e-06,1.2e-05,1.3e-05,-2e-05,-5e-06,8.7e-05,0.19495
82,0.236673,-0.06133,0.349473,-0.876827,0.343091,-0.336909,-0.424013,-0.88212,0.205058,-0.225754,0.322222,0.919367,1.3e-05,-0.000104,-0.000113,0.0,0.0,0.0,0.292181,-0.241767,-0.025423,0.319309,-0.943275,0.161688,0.289966,0.042633,-0.806938,0.589039,0.330409,0.56778,0.75387,0.002321,0.009952,0.010826,0.001585,-0.014471,0.024869,0.345892,0.001393,0.044821,-0.000747,0.901061,-0.190142,0.389787,-0.045139,0.852767,0.520335,-0.431336,-0.486449,0.759812,0.001233,0.010682,0.001443,0.027695,0.055178,-0.106886,0.289227,0.119817,0.023381,-0.032181,0.902521,-0.303613,-0.305407,0.359795,0.921325,0.147332,0.236648,-0.242854,0.940754,1.2e-05,-7.1e-05,-7.4e-05,2.1e-05,3.5e-05,8.3e-05,0.197236
83,0.23665,-0.06134,0.34948,-0.876573,0.343456,-0.337198,-0.424445,-0.881947,0.204906,-0.225928,0.322305,0.919295,0.0,-2e-06,-2e-06,0.0,0.0,0.0,0.289281,-0.241798,-0.025157,0.319491,-0.943118,0.16132,0.290679,0.04327,-0.807132,0.588726,0.330773,0.567609,0.753838,0.002245,0.020357,0.001767,0.037506,-0.029636,0.040719,0.346215,0.001378,0.044952,-0.000649,0.900862,-0.189687,0.390467,-0.045772,0.852959,0.519966,-0.431684,-0.48629,0.759716,0.001132,0.004882,0.005299,0.00119,-0.014958,0.024176,0.288737,0.119805,0.023376,-0.032178,0.902296,-0.304015,-0.305672,0.36024,0.921173,0.147196,0.236827,-0.242929,0.94069,3e-06,-1e-06,3e-06,2.1e-05,2.7e-05,7.9e-05,0.196256
84,0.236636,-0.061322,0.349485,-0.875984,0.344304,-0.337863,-0.425427,-0.881575,0.204474,-0.226364,0.322418,0.919148,-5e-06,4.2e-05,4.5e-05,0.0,0.0,0.0,0.288146,-0.241747,-0.024817,0.319723,-0.942589,0.160203,0.293004,0.045403,-0.807552,0.58799,0.331996,0.56733,0.75351,0.00089,0.003823,0.004138,-0.0,0.0,0.0,0.337739,0.001406,0.045138,-0.000525,0.900212,-0.188349,0.392609,-0.047785,0.853442,0.518992,-0.43282,-0.485964,0.759279,0.000459,0.001989,0.002152,-0.009631,0.085147,-0.147195,0.282695,0.119799,0.023385,-0.032175,0.901775,-0.304945,-0.306282,0.361251,0.920841,0.146797,0.237272,-0.243022,0.940553,-2e-06,1.8e-05,2.2e-05,-1e-06,4e-06,7.3e-05,0.193154
85,0.236671,-0.061318,0.349486,-0.875303,0.345276,-0.338637,-0.426561,-0.881136,0.204002,-0.226863,0.322578,0.918969,-0.0,0.0,0.0,0.0,0.0,0.0,0.285192,-0.241711,-0.025068,0.319663,-0.941075,0.160518,0.297662,0.048646,-0.80654,0.589119,0.335821,0.568678,0.750794,-0.001699,-0.007297,-0.007909,-0.002673,0.015574,-0.024157,0.307908,0.001426,0.045024,-0.000542,0.89824,-0.188277,0.397133,-0.051177,0.852642,0.519982,-0.436514,-0.487393,0.756242,-0.000953,-0.004092,-0.004435,-0.001593,0.108336,-0.198097,0.259834,0.119816,0.023387,-0.032175,0.901172,-0.306011,-0.306993,0.362419,0.92045,0.146365,0.237782,-0.24316,0.940389,3e-06,-5e-06,-7e-06,1.3e-05,1.7e-05,7.3e-05,0.188745
