frame,MLTx,MLTy,MLTz,MLTR1,MLTR2,MLTR3,MLTR4,MLTR5,MLTR6,MLTR7,MLTR8,MLTR9,MLTTVx,MLTTVy,MLTTVz,MLTRVx,MLTRVy,MLTRVz,MLGA,MRTx,MRTy,MRTz,MRTR1,MRTR2,MRTR3,MRTR4,MRTR5,MRTR6,MRTR7,MRTR8,MRTR9,MRTTVx,MRTTVy,MRTTVz,MRTRVx,MRTRVy,MRTRVz,MRGA,SLTx,SLTy,SLTz,SLTR1,SLTR2,SLTR3,SLTR4,SLTR5,SLTR6,SLTR7,SLTR8,SLTR9,SLTTVx,SLTTVy,SLTTVz,SLTRVx,SLTRVy,SLTRVz,SLGA,SRTx,SRTy,SRTz,SRTR1,SRTR2,SRTR3,SRTR4,SRTR5,SRTR6,SRTR7,SRTR8,SRTR9,SRTTVx,SRTTVy,SRTTVz,SRTRVx,SRTRVy,SRTRVz,SRGA
3054,0.076975,0.048705,0.40839,-0.230324,-0.317969,-0.919723,-0.268494,-0.887668,0.374068,-0.935071,0.333488,0.120226,-0.0,-0.0,-0.0,-0.0,-1e-06,-1e-06,-0.116555,-0.104235,0.077819,0.356065,0.243177,0.108599,0.963879,-0.791039,0.59721,0.132403,-0.561535,-0.794786,0.229904,-0.011014,-0.003295,-0.000956,0.007007,-0.016154,-0.051292,0.185928,0.037638,0.056916,-0.006783,-0.07716,-0.240177,0.967657,0.836892,-0.543118,-0.068072,0.541902,0.804572,0.242909,-0.0055,-0.001675,-0.000488,0.002828,0.01993,-0.02401,0.039718,0.076023,0.046677,-0.038945,-0.225224,-0.296424,-0.928119,-0.201428,-0.917848,0.342023,-0.953257,0.263981,0.147013,1e-06,2e-06,0.0,0.000154,0.000481,0.000236,-0.288064
3055,0.077003,0.048743,0.408322,-0.230171,-0.317907,-0.919783,-0.268329,-0.887775,0.373934,-0.935157,0.333264,0.120184,0.000704,0.008809,-0.009971,0.034179,-0.019226,0.015295,-0.115547,-0.10458,0.077743,0.35605,0.242228,0.11449,0.963436,-0.791335,0.59777,0.128041,-0.561528,-0.793546,0.234167,-0.011234,-0.002396,-0.000459,0.00133,0.003462,-0.0375,0.208735,0.037465,0.056878,-0.00679,-0.075946,-0.245802,0.966339,0.836508,-0.543147,-0.072415,0.542665,0.802852,0.246866,-0.00563,-0.001142,-0.000194,-0.002618,0.035385,-0.0134,0.077112,0.076037,0.046695,-0.038974,-0.225097,-0.296352,-0.928173,-0.20128,-0.917929,0.341894,-0.953318,0.263782,0.146973,-0.000265,-0.000754,-0.000351,-0.001006,0.012528,-0.025924,-0.28741
3056,0.077031,0.048774,0.408272,-0.230036,-0.31784,-0.91984,-0.26821,-0.887864,0.373809,-0.935224,0.333091,0.120141,-2.1e-05,-5.9e-05,-2.7e-05,-0.0,-0.0,-0.0,-0.114631,-0.104937,0.077681,0.356044,0.241452,0.123232,0.962552,-0.791609,0.598659,0.122047,-0.561474,-0.791575,0.24087,-2.7e-05,0.000113,6.2e-05,0.117678,-0.411125,-0.288933,0.206995,0.037282,0.056847,-0.006793,-0.074858,-0.251894,0.964854,0.836075,-0.543191,-0.076944,0.543482,0.800932,0.251265,-0.005629,-0.001156,-0.000201,0.131414,-0.434307,-0.343453,0.086093,0.07605,0.046711,-0.039004,-0.224952,-0.296267,-0.928235,-0.201137,-0.918014,0.341749,-0.953382,0.26358,0.146919,-9e-06,-3e-05,-1.4e-05,-2.4e-05,2e-06,2.6e-05,-0.286594
3057,0.077048,0.048784,0.408244,-0.227904,-0.319715,-0.919721,-0.268736,-0.887222,0.374952,-0.935597,0.333008,0.117431,-2.9e-05,-8.2e-05,-3.8e-05,-0.007113,-0.019756,-0.009257,-0.114682,-0.10508,0.077649,0.356037,0.24106,0.12616,0.962271,-0.791735,0.598919,0.119936,-0.561464,-0.790921,0.243033,-0.0,2e-06,1e-06,0.018014,-0.063053,-0.044309,0.214707,0.037211,0.056832,-0.006796,-0.074229,-0.257278,0.963481,0.835686,-0.543248,-0.08068,0.544167,0.79918,0.255328,-0.005609,-0.001229,-0.000242,0.013365,-0.014021,-0.047435,0.090175,0.076059,0.046716,-0.039018,-0.222451,-0.298195,-0.928221,-0.201777,-0.917381,0.343069,-0.953834,0.26361,0.143903,-1e-05,-3.6e-05,-1.7e-05,0.004555,0.005983,0.002838,-0.286431
3058,0.077064,0.048817,0.408175,-0.227781,-0.319682,-0.919763,-0.268563,-0.887315,0.374857,-0.935677,0.332792,0.117407,-0.000258,-0.000735,-0.000341,-2e-06,-4e-06,-2e-06,-0.112976,-0.105274,0.077607,0.356029,0.240416,0.137688,0.96085,-0.791998,0.60005,0.112301,-0.561368,-0.788151,0.252084,-0.011222,-0.002443,-0.000486,0.026279,-0.084261,-0.099133,0.241704,0.037118,0.056812,-0.0068,-0.073131,-0.268636,0.960461,0.834784,-0.543428,-0.088432,0.545698,0.79531,0.263995,-0.0,-1e-06,3e-06,0.026348,-0.060512,-0.039358,0.115159,0.076067,0.046735,-0.039052,-0.222569,-0.29796,-0.928268,-0.201507,-0.917531,0.342828,-0.953864,0.263355,0.144173,-0.000194,-0.000556,-0.00026,0.000358,0.000974,0.000451,-0.286104
3059,0.077068,0.048828,0.408073,-0.227695,-0.319709,-0.919775,-0.268328,-0.8874,0.374824,-0.935766,0.332539,0.117418,-0.000667,-0.001897,-0.00088,-0.0,-0.0,-0.0,-0.112424,-0.105493,0.07756,0.35602,0.239421,0.152079,0.958927,-0.792375,0.601289,0.102597,-0.56126,-0.784572,0.26324,-0.011294,-0.002141,-0.000319,0.145936,-0.507062,-0.396125,0.259708,0.037013,0.056788,-0.006805,-0.071711,-0.279838,0.957364,0.83388,-0.543462,-0.096393,0.547266,0.791415,0.272324,-5.5e-05,0.000232,0.000133,0.011354,-0.005839,-0.000538,0.14847,0.07607,0.046738,-0.039098,-0.222505,-0.297981,-0.928277,-0.201288,-0.91759,0.342799,-0.953925,0.263126,0.144189,-0.000464,-0.001322,-0.000615,-0.001004,0.012555,-0.025916,-0.285288
3060,0.077073,0.048808,0.408021,-0.227583,-0.319643,-0.919826,-0.268254,-0.887469,0.374713,-0.935814,0.332418,0.117376,-0.000917,-0.002609,-0.001212,-0.0,-0.0,-0.0,-0.112416,-0.105621,0.07754,0.356019,0.240867,0.15641,0.957868,-0.795767,0.596762,0.10278,-0.555816,-0.787179,0.266983,-7.2e-05,0.000302,0.000167,0.028815,-0.101931,-0.071597,0.252151,0.036941,0.056777,-0.006805,-0.072947,-0.286665,0.955249,0.836765,-0.538759,-0.09778,0.54268,0.792187,0.279172,-0.005657,-0.001026,-0.000131,0.028023,-0.063175,-0.087294,0.153858,0.076072,0.046732,-0.039128,-0.222384,-0.297898,-0.928332,-0.201191,-0.917659,0.342669,-0.953974,0.262976,0.144138,-0.000544,-0.001549,-0.000719,-0.001002,0.012544,-0.025928,-0.285124
3061,0.077064,0.048765,0.407927,-0.227603,-0.319742,-0.919786,-0.268068,-0.887492,0.374792,-0.935862,0.332262,0.117431,-0.00063,-0.001792,-0.000833,-0.0,-0.0,-0.0,-0.112631,-0.105924,0.077516,0.356008,0.244114,0.168093,0.955063,-0.809145,0.578058,0.105198,-0.534676,-0.798663,0.275903,-0.00031,0.001299,0.000716,-0.46466,-0.176908,-0.134817,0.187695,0.036789,0.056763,-0.006812,-0.076001,-0.297978,0.951542,0.849149,-0.51956,-0.09488,0.522656,0.80079,0.292514,-0.000175,0.000732,0.000408,-0.472374,-0.154495,-0.120084,0.113852,0.076067,0.046706,-0.039177,-0.222396,-0.298,-0.928296,-0.201004,-0.917672,0.342745,-0.954011,0.262816,0.144188,-0.000311,-0.000887,-0.000411,-3e-05,-6e-06,-1e-06,-0.285124
3062,0.077031,0.048714,0.407872,-0.227709,-0.319883,-0.919711,-0.267962,-0.887456,0.374952,-0.935867,0.332221,0.117513,-0.000558,-0.001586,-0.000738,-0.0,-0.0,-0.0,-0.113129,-0.106117,0.077548,0.356009,0.245972,0.172692,0.953765,-0.818805,0.563521,0.109254,-0.51888,-0.808024,0.278793,-0.002515,0.012939,-0.006727,0.036229,-0.005601,0.02065,0.135624,0.036694,0.056774,-0.006809,-0.077681,-0.30221,0.95007,0.858528,-0.504742,-0.090359,0.506848,0.808643,0.298664,-0.000287,0.001209,0.000668,0.0008,0.006281,-0.001078,0.040045,0.076051,0.046681,-0.039204,-0.222492,-0.298151,-0.928225,-0.200898,-0.917636,0.342904,-0.95401,0.262772,0.144269,-0.000331,-0.000946,-0.00044,-2.2e-05,-5e-06,1e-06,-0.285288
3063,0.077037,0.048719,0.407842,-0.227671,-0.319879,-0.919721,-0.267895,-0.887487,0.374927,-0.935895,0.332142,0.117509,-3e-06,-7e-06,-3e-06,-0.0,-0.0,-0.0,-0.112159,-0.106161,0.077586,0.356032,0.247938,0.174288,0.952965,-0.821757,0.558718,0.111737,-0.513247,-0.811014,0.280532,-0.000457,0.001921,0.001059,0.0,-0.0,-0.0,0.12749,0.036661,0.056823,-0.006786,-0.079904,-0.303822,0.949371,0.861501,-0.500149,-0.087552,0.501427,0.810889,0.301707,-0.000375,0.001577,0.000869,0.002668,-0.015619,0.023601,0.004448,0.076053,0.046682,-0.03922,-0.222455,-0.298144,-0.928236,-0.20083,-0.917661,0.342877,-0.954033,0.262692,0.144262,2e-05,5.6e-05,2.6e-05,-1.5e-05,-5e-06,-1.2e-05,-0.285124
3064,0.077043,0.04875,0.407825,-0.227608,-0.319849,-0.919748,-0.267835,-0.88753,0.374868,-0.935928,0.332056,0.11749,0.001196,0.010211,-0.009313,0.034173,-0.019241,0.015288,-0.112145,-0.106176,0.077685,0.356096,0.248671,0.174282,0.952775,-0.821581,0.558858,0.112323,-0.513174,-0.810919,0.280941,-0.000674,0.002834,0.00156,0.0,-0.0,-0.0,0.12693,0.036663,0.056847,-0.006768,-0.08038,-0.303838,0.949326,0.861461,-0.500284,-0.087179,0.501421,0.8108,0.301957,-0.000396,0.001659,0.000913,0.002554,-0.015986,0.023794,-0.000451,0.076055,0.046695,-0.039224,-0.22241,-0.298115,-0.928256,-0.20079,-0.917687,0.34283,-0.954052,0.262634,0.144244,3.1e-05,8.8e-05,4.1e-05,-1.1e-05,-4e-06,-5e-06,-0.284961
3065,0.077045,0.048772,0.407804,-0.227558,-0.319833,-0.919766,-0.267771,-0.887567,0.374827,-0.935959,0.331974,0.117479,0.0,0.0,0.0,-0.0,-0.0,-0.0,-0.112268,-0.106174,0.077749,0.35613,0.249453,0.177106,0.95205,-0.821411,0.559313,0.111298,-0.513067,-0.809996,0.283782,-7.5e-05,0.000313,0.000172,0.0099,-0.035055,-0.024627,0.121475,0.036663,0.056885,-0.006748,-0.081053,-0.306938,0.948271,0.861155,-0.500592,-0.088426,0.501838,0.809442,0.304896,-1.5e-05,6e-05,3.3e-05,0.006057,-0.008148,-0.004273,-0.00437,0.076058,0.046711,-0.039238,-0.222346,-0.298088,-0.92828,-0.200703,-0.917727,0.342772,-0.954085,0.262522,0.144226,-0.005689,0.001559,0.000965,-0.000998,0.014691,-0.029563,-0.284961
3066,0.077029,0.048785,0.407799,-0.227574,-0.31986,-0.919753,-0.267741,-0.887564,0.374855,-0.935963,0.331955,0.117495,0.0,0.0,0.0,-0.0,-0.0,-0.0,-0.112499,-0.106171,0.077774,0.356133,0.248625,0.17857,0.951993,-0.824637,0.554511,0.111472,-0.508268,-0.812973,0.283904,-2e-06,8e-06,4e-06,-0.042614,-0.004996,-0.012713,0.08951,0.036665,0.056896,-0.006747,-0.080248,-0.307982,0.948001,0.863991,-0.495769,-0.087927,0.49707,0.812009,0.305879,1.1e-05,-4.7e-05,-2.6e-05,-0.479484,-0.062163,-0.141484,-0.029027,0.07605,0.046717,-0.03924,-0.22236,-0.298116,-0.928268,-0.200672,-0.917724,0.342799,-0.954089,0.262503,0.144241,-4e-06,5e-06,4e-06,-2.4e-05,-4.5e-05,-1.1e-05,-0.285124
3067,0.077029,0.048785,0.407799,-0.227574,-0.31986,-0.919753,-0.267741,-0.887564,0.374855,-0.935963,0.331955,0.117495,0.0,0.0,0.0,-0.0,-0.0,-0.0,-0.112351,-0.106179,0.077775,0.356113,0.248877,0.178561,0.951929,-0.824544,0.554611,0.11166,-0.508296,-0.812907,0.284045,0.000396,-0.001664,-0.000916,-0.002452,0.016036,-0.023816,0.070748,0.03666,0.056899,-0.006755,-0.080337,-0.30799,0.947991,0.864028,-0.495721,-0.087832,0.496991,0.812035,0.305937,3.4e-05,-0.000141,-7.7e-05,0.00012,0.000575,9.4e-05,-0.050255,0.07605,0.046717,-0.03924,-0.22236,-0.298116,-0.928268,-0.200672,-0.917724,0.3428,-0.954088,0.262503,0.144241,-5e-06,5e-06,4e-06,-1.9e-05,-4e-05,-7e-06,-0.285124
3068,0.077046,0.04878,0.407797,-0.225682,-0.317835,-0.92092,-0.268504,-0.888388,0.37235,-0.936205,0.331694,0.116303,0.0,0.0,0.0,-3.1e-05,-0.000248,0.00055,-0.112204,-0.106168,0.077772,0.35608,0.249437,0.17854,0.951786,-0.824358,0.554801,0.112091,-0.508324,-0.812781,0.284352,0.000379,-0.00159,-0.000875,0.0,-0.0,-0.0,0.051863,0.036666,0.056896,-0.006773,-0.081039,-0.307997,0.947929,0.86391,-0.496019,-0.087309,0.497082,0.81185,0.306279,0.000223,-0.000933,-0.000513,-0.002394,0.016038,-0.023786,-0.088628,0.076058,0.046715,-0.039242,-0.220592,-0.295876,-0.929405,-0.201438,-0.918516,0.34022,-0.954337,0.262268,0.143016,-6e-06,4e-06,3e-06,-6e-06,0.00207,-0.004474,-0.285124
3069,0.077045,0.048772,0.407804,-0.225699,-0.317841,-0.920914,-0.268525,-0.888376,0.372364,-0.936195,0.331721,0.116307,0.0,0.0,0.0,-0.0,-0.0,0.0,-0.112421,-0.106174,0.077808,0.356037,0.249917,0.178506,0.951667,-0.824151,0.555038,0.112441,-0.508425,-0.812627,0.284613,3e-06,-1.2e-05,-6e-06,0.016933,-0.110708,0.164335,0.039474,0.036664,0.05691,-0.006796,-0.081532,-0.307988,0.947889,0.863776,-0.496313,-0.086965,0.497234,0.811675,0.306498,-4e-06,2.4e-05,1.2e-05,0.016968,-0.110727,0.164366,-0.109203,0.076058,0.046711,-0.039238,-0.220645,-0.29593,-0.929376,-0.201446,-0.918489,0.340289,-0.954323,0.262303,0.143046,-4e-06,1e-06,4e-06,1e-05,5.3e-05,-0.000109,-0.284798
3070,0.077037,0.048775,0.407805,-0.225715,-0.317857,-0.920904,-0.268521,-0.888368,0.372384,-0.936192,0.331725,0.116316,0.0,0.0,0.0,0.0,0.0,0.0,-0.1128,-0.10617,0.077835,0.356021,0.250129,0.178486,0.951615,-0.824054,0.55515,0.112596,-0.508477,-0.812555,0.284725,0.0,-0.0,-0.0,0.0,-0.0,-0.0,0.040742,0.036666,0.056924,-0.006805,-0.081752,-0.30798,0.947873,0.863712,-0.496451,-0.086812,0.497309,0.811594,0.306592,0.005605,0.001226,0.000246,0.002083,-0.015206,0.029249,-0.114591,0.076053,0.046712,-0.039237,-0.220661,-0.295948,-0.929366,-0.201442,-0.918481,0.34031,-0.954321,0.262307,0.143056,-3e-06,1e-06,4e-06,1.6e-05,3.2e-05,-4.4e-05,-0.284961
3071,0.077022,0.048787,0.407812,-0.225734,-0.317874,-0.920894,-0.268516,-0.88836,0.372407,-0.936189,0.33173,0.116328,1.3e-05,3.6e-05,1.7e-05,0.0,0.0,0.0,-0.113501,-0.106146,0.07785,0.356006,0.250521,0.175629,0.952043,-0.823894,0.55499,0.114539,-0.508544,-0.813283,0.28252,2e-06,-1e-05,-5e-06,-0.001026,0.003599,0.002532,0.072142,0.036678,0.056932,-0.006812,-0.082267,-0.30503,0.948782,0.863865,-0.496543,-0.084733,0.496958,0.81265,0.304354,1e-06,8e-06,5e-06,0.001692,-0.013904,-0.0107,-0.102181,0.076046,0.046718,-0.039234,-0.220678,-0.295968,-0.929356,-0.201437,-0.918474,0.340334,-0.954318,0.262311,0.143068,3e-06,1.5e-05,9e-06,8e-06,2e-06,-2e-06,-0.285124
3072,0.076993,0.048779,0.407819,-0.225813,-0.317942,-0.920851,-0.268521,-0.888319,0.3725,-0.936168,0.331774,0.11637,-0.000171,-0.000487,-0.000227,0.0,0.0,0.0,-0.11318,-0.106073,0.077873,0.356023,0.251121,0.167088,0.953421,-0.82366,0.554196,0.119941,-0.508628,-0.815609,0.275576,-3.7e-05,0.000157,8.6e-05,-0.023417,0.082093,0.057749,0.143789,0.03671,0.056943,-0.006803,-0.08316,-0.296655,0.951356,0.864443,-0.496444,-0.079241,0.495803,0.815805,0.297725,0.001044,-0.005567,0.00386,-0.065762,0.098307,0.043324,-0.035559,0.076032,0.046715,-0.03923,-0.220752,-0.296042,-0.929315,-0.201443,-0.918438,0.340428,-0.9543,0.262354,0.143111,-0.000116,-0.000325,-0.000147,1e-05,2.1e-05,-2.6e-05,-0.285288
3073,0.076979,0.048766,0.407814,-0.225857,-0.317987,-0.920825,-0.268509,-0.888299,0.372557,-0.936161,0.331785,0.116396,-2.5e-05,-7.2e-05,-3.4e-05,0.0,0.0,0.0,-0.113019,-0.106011,0.07784,0.355991,0.251058,0.158534,0.954897,-0.823567,0.55326,0.124796,-0.508809,-0.817937,0.268244,0.000512,-0.002145,-0.001182,-0.03064,0.115113,0.045878,0.15733,0.036744,0.056931,-0.006817,-0.083426,-0.288348,0.953884,0.865078,-0.496102,-0.074307,0.49465,0.818985,0.290831,0.000111,-0.00046,-0.000254,-0.036309,0.117531,0.081557,0.016531,0.076024,0.046707,-0.039233,-0.220793,-0.296091,-0.929289,-0.201431,-0.918419,0.340485,-0.954292,0.262365,0.143139,-1.3e-05,-3.6e-05,-1.7e-05,6e-06,4e-06,9e-06,-0.285288
3074,0.076974,0.048751,0.407807,-0.225886,-0.318015,-0.920808,-0.268502,-0.888287,0.372593,-0.936156,0.331792,0.116413,-0.000548,-0.001558,-0.000725,-0.000964,0.012543,-0.025929,-0.112576,-0.105974,0.077832,0.355984,0.251278,0.155676,0.955309,-0.823478,0.552981,0.126609,-0.508845,-0.818671,0.265928,0.000218,-0.000914,-0.000503,-0.05104,0.179365,0.126172,0.15063,0.036764,0.056924,-0.006822,-0.083634,-0.286448,0.954438,0.865225,-0.496031,-0.073053,0.494357,0.819695,0.289327,0.000161,-0.000672,-0.000371,-0.065006,0.205798,0.389878,0.018981,0.076023,0.046703,-0.039235,-0.220806,-0.296106,-0.929281,-0.201427,-0.918413,0.340504,-0.95429,0.262368,0.143147,-0.0,-3e-06,-1e-06,0.0,-3e-06,-1e-06,-0.285124
3075,0.07698,0.048741,0.407802,-0.225883,-0.318013,-0.920809,-0.268502,-0.888287,0.37259,-0.936156,0.331792,0.116411,-2.1e-05,-5.9e-05,-2.8e-05,0.0,0.0,0.0,-0.112456,-0.105817,0.077842,0.355977,0.251645,0.155626,0.955221,-0.823381,0.553053,0.126929,-0.508821,-0.818632,0.266092,8.9e-05,-0.00037,-0.000204,-1.3e-05,4.5e-05,3.2e-05,0.148834,0.036843,0.056928,-0.006826,-0.084049,-0.285862,0.954577,0.865257,-0.496075,-0.072373,0.494231,0.819873,0.289039,5e-05,-0.000203,-0.000114,0.000937,-0.003003,-0.002111,0.015225,0.076025,0.046694,-0.039239,-0.220816,-0.296119,-0.929275,-0.201424,-0.918408,0.340519,-0.954288,0.262371,0.143154,-8e-06,-2.3e-05,-1.2e-05,3e-06,3e-06,-1e-06,-0.285124
3076,0.076966,0.048695,0.407791,-0.22597,-0.318089,-0.920761,-0.268505,-0.888243,0.372693,-0.936135,0.331838,0.116457,-0.000288,-0.00082,-0.000382,0.0,0.0,0.0,-0.112382,-0.105729,0.077845,0.355973,0.25213,0.155597,0.955098,-0.823253,0.55315,0.127331,-0.508788,-0.818572,0.266342,5.2e-05,-0.000216,-0.000119,-0.0,0.0,0.0,0.157353,0.036886,0.056929,-0.006829,-0.084548,-0.28589,0.954525,0.865194,-0.49624,-0.071994,0.494256,0.819763,0.289307,2.1e-05,-9.1e-05,-5.3e-05,0.000338,-6.9e-05,5.7e-05,0.020614,0.076018,0.046673,-0.039244,-0.220897,-0.296203,-0.929229,-0.201428,-0.918368,0.340624,-0.954269,0.262416,0.143201,-0.000178,-0.000504,-0.000236,-4e-06,-8e-06,-3e-06,-0.285124
3077,0.076951,0.04865,0.40778,-0.22596,-0.318068,-0.920771,-0.268533,-0.888243,0.372673,-0.936129,0.331858,0.116445,-0.000635,-0.001803,-0.00084,0.006653,-0.086555,0.178946,-0.112372,-0.105712,0.077849,0.355973,0.252465,0.155591,0.95501,-0.823166,0.553218,0.1276,-0.508765,-0.818527,0.266526,1e-06,-3e-06,-2e-06,0.016968,-0.110722,0.164322,0.158699,0.036895,0.056931,-0.006828,-0.084747,-0.285894,0.954506,0.865169,-0.496306,-0.071839,0.494266,0.819721,0.289407,-4e-06,1.8e-05,1e-05,0.000276,-4.3e-05,5.8e-05,0.024206,0.076011,0.046651,-0.039249,-0.220889,-0.29618,-0.929238,-0.201457,-0.918369,0.340604,-0.954265,0.262437,0.14319,-0.000339,-0.000961,-0.000447,0.006666,-0.086542,0.17893,-0.284961
3078,0.076918,0.048576,0.407757,-0.226119,-0.318217,-0.920681,-0.268517,-0.888166,0.372869,-0.936095,0.331922,0.116534,-0.000795,-0.002258,-0.001053,-0.000964,0.012541,-0.02593,-0.112734,-0.105719,0.077839,0.355969,0.252708,0.155594,0.954946,-0.823102,0.553269,0.127792,-0.508747,-0.818492,0.266665,3e-06,-1.2e-05,-6e-06,-0.0,0.0,0.0,0.143508,0.036891,0.056926,-0.006831,-0.085146,-0.285915,0.954464,0.865119,-0.496437,-0.071535,0.494284,0.819635,0.28962,-1e-06,7e-06,3e-06,0.000184,-2e-06,6.4e-05,0.018491,0.075995,0.046615,-0.03926,-0.221023,-0.296328,-0.929159,-0.201446,-0.918305,0.340785,-0.954236,0.262497,0.143272,-0.000143,-0.000403,-0.000185,-1e-06,2e-06,-9e-06,-0.284961
3079,0.076888,0.048575,0.407747,-0.22618,-0.318288,-0.920641,-0.268475,-0.888144,0.372953,-0.936093,0.331915,0.116577,-5e-06,-1.3e-05,-6e-06,0.0,0.0,0.0,-0.112758,-0.105744,0.077835,0.355958,0.252918,0.155596,0.954889,-0.823034,0.553334,0.12795,-0.508754,-0.818448,0.266789,5e-06,-2.2e-05,-1.2e-05,-0.0,0.0,0.0,0.118693,0.036879,0.056924,-0.006836,-0.085363,-0.285927,0.954441,0.865078,-0.496531,-0.071378,0.494319,0.819574,0.289735,2e-06,-0.0,-0.0,0.000127,-9e-06,3.5e-05,-0.002247,0.075978,0.046611,-0.039267,-0.221091,-0.296419,-0.929114,-0.201401,-0.918276,0.340887,-0.95423,0.262491,0.143323,-0.005676,0.001598,0.000984,-0.000984,0.01471,-0.029557,-0.285451
3080,0.076897,0.048565,0.407763,-0.226182,-0.318268,-0.920647,-0.268526,-0.888133,0.372941,-0.936077,0.331962,0.116566,1e-06,2e-06,1e-06,0.0,0.0,0.0,-0.112898,-0.105799,0.077807,0.355947,0.252686,0.158462,0.954479,-0.823127,0.553615,0.126122,-0.508718,-0.817711,0.269106,5.3e-05,-0.00022,-0.000121,0.007252,-0.025295,-0.0178,0.09457,0.036851,0.05691,-0.006841,-0.084983,-0.289028,0.95354,0.864889,-0.496561,-0.07343,0.494715,0.818467,0.292176,3.1e-05,-0.000125,-6.8e-05,0.004472,-0.002246,-0.00019,-0.038498,0.075984,0.046607,-0.039258,-0.221095,-0.2964,-0.929119,-0.201452,-0.918269,0.340877,-0.954218,0.26254,0.143314,-0.000579,-0.005046,0.004685,-0.034173,0.01924,-0.015306,-0.285451
3081,0.076895,0.04855,0.407777,-0.228279,-0.316371,-0.920784,-0.267981,-0.888793,0.371759,-0.935722,0.332006,0.119261,-0.001163,-0.010114,0.009359,0.078724,0.332073,0.131647,-0.113648,-0.105816,0.077804,0.355937,0.252633,0.158463,0.954493,-0.823127,0.553626,0.126072,-0.508744,-0.817703,0.26908,1.7e-05,-7.2e-05,-4e-05,0.000106,-0.00037,-0.00026,0.092287,0.036843,0.056909,-0.006847,-0.084966,-0.288773,0.953619,0.864876,-0.496601,-0.07332,0.494741,0.818533,0.291947,7e-06,-2.3e-05,-1.1e-05,-0.001003,0.006633,0.005024,-0.047805,0.075983,0.0466,-0.039251,-0.222496,-0.295307,-0.929133,-0.201089,-0.918628,0.340123,-0.953969,0.262515,0.145008,-0.000582,-0.00505,0.004682,0.1323,0.456915,0.190444,-0.285288
3082,0.076868,0.048542,0.407796,-0.228264,-0.316332,-0.920801,-0.268036,-0.888792,0.371723,-0.93571,0.332048,0.11924,0.0,0.0,0.0,2.4e-05,6.7e-05,3.1e-05,-0.113679,-0.105805,0.0778,0.355923,0.252774,0.158454,0.954457,-0.823076,0.553677,0.126181,-0.508756,-0.817671,0.269156,1.2e-05,-5e-05,-2.8e-05,0.0,-0.0,-0.0,0.058806,0.036848,0.056906,-0.006854,-0.085121,-0.288695,0.953629,0.864848,-0.496672,-0.073162,0.494763,0.818517,0.291954,0.005613,0.001204,0.000235,0.002001,-0.015067,0.029346,-0.074095,0.075969,0.046596,-0.039242,-0.223332,-0.294582,-0.929162,-0.200937,-0.918851,0.33961,-0.953806,0.262549,0.146017,-0.0,2e-06,0.0,-0.001372,-0.003262,-0.001535,-0.285451
3083,0.076815,0.048541,0.407819,-0.228395,-0.316439,-0.920732,-0.268053,-0.888724,0.371873,-0.935673,0.332128,0.119307,0.0,0.0,0.0,0.0,0.0,0.0,-0.114057,-0.10576,0.077836,0.355908,0.255782,0.158572,0.953636,-0.822608,0.553799,0.128672,-0.508012,-0.817565,0.270877,0.011217,0.002429,0.000479,0.002045,-0.015205,0.029245,-0.0253,0.036871,0.056925,-0.006861,-0.088214,-0.288956,0.953269,0.864797,-0.497122,-0.070662,0.49431,0.818152,0.293742,0.005608,0.001222,0.000245,0.002166,-0.014926,0.028903,-0.142024,0.075943,0.046595,-0.039231,-0.223428,-0.294722,-0.929095,-0.200963,-0.918783,0.339779,-0.953778,0.26263,0.146053,-0.005693,0.001555,0.000968,-0.000965,0.014648,-0.029589,-0.285614
3084,0.076798,0.048545,0.407821,-0.230297,-0.315113,-0.920713,-0.273301,-0.887107,0.371914,-0.933685,0.33767,0.119326,0.0,0.0,0.0,0.0,0.0,0.0,-0.113764,-0.10576,0.077837,0.355898,0.255776,0.158567,0.953638,-0.822596,0.55382,0.128663,-0.508035,-0.817552,0.270872,0.000222,-0.000926,-0.000511,0.0,-0.0,-0.0,-0.085548,0.036871,0.056928,-0.006865,-0.088204,-0.288951,0.953271,0.864785,-0.497142,-0.070674,0.494333,0.818142,0.29373,0.000151,-0.000619,-0.000338,9e-06,3.3e-05,-2.6e-05,-0.192971,0.075934,0.046597,-0.039229,-0.225418,-0.293524,-0.928993,-0.206321,-0.917526,0.339964,-0.952164,0.268306,0.146266,-1e-06,1e-06,4e-06,0.000187,-9.9e-05,2.7e-05,-0.285778
3085,0.076785,0.048525,0.407833,-0.230361,-0.315153,-0.920683,-0.273336,-0.887068,0.37198,-0.933659,0.337733,0.119352,-1e-06,-2e-06,-1e-06,0.0,0.0,0.0,-0.112803,-0.105772,0.077864,0.355851,0.25578,0.158539,0.953642,-0.822512,0.55395,0.128637,-0.508169,-0.817469,0.270871,0.000222,-0.000926,-0.000511,0.0,-0.0,-0.0,-0.221426,0.036864,0.056941,-0.006888,-0.088208,-0.288923,0.953279,0.864706,-0.497275,-0.070704,0.49447,0.818071,0.293697,-0.005437,-0.001924,-0.000629,-0.002043,0.015197,-0.029259,-0.313969,0.075927,0.046587,-0.039223,-0.225476,-0.293571,-0.928964,-0.206351,-0.917494,0.340031,-0.952144,0.268362,0.146294,2e-06,6e-06,5e-06,0.000126,-5.2e-05,-1.9e-05,-0.285614
3086,0.076791,0.048515,0.407828,-0.230359,-0.315152,-0.920684,-0.273336,-0.887069,0.371978,-0.933659,0.337732,0.119351,-1e-06,-2e-06,-1e-06,0.0,0.0,0.0,-0.113575,-0.105831,0.077912,0.355736,0.255679,0.158484,0.953678,-0.822345,0.554232,0.128486,-0.508489,-0.817289,0.270815,-0.001753,0.009718,-0.008495,0.036235,-0.005576,0.020665,-0.35185,0.036836,0.05696,-0.006943,-0.08809,-0.288869,0.953307,0.86455,-0.497523,-0.07087,0.494764,0.817939,0.293569,-0.005359,-0.002249,-0.000808,-0.002045,0.015205,-0.029247,-0.444928,0.07593,0.046582,-0.039226,-0.225472,-0.29357,-0.928965,-0.206348,-0.917496,0.340029,-0.952145,0.268358,0.146293,2e-06,9e-06,4e-06,8.7e-05,-3.1e-05,-1.9e-05,-0.285451
3087,0.076791,0.048515,0.407828,-0.230359,-0.315152,-0.920684,-0.273336,-0.887069,0.371978,-0.933659,0.337732,0.119351,-0.0,-0.0,-0.0,0.0,0.0,0.0,-0.112585,-0.105928,0.077908,0.355554,0.255119,0.16127,0.953361,-0.822281,0.554827,0.126308,-0.508873,-0.816343,0.272939,-0.010382,-0.005934,-0.002415,-0.001989,0.015012,-0.029381,-0.502012,0.03679,0.056965,-0.007036,-0.087455,-0.291597,0.952534,0.864148,-0.497901,-0.073081,0.495578,0.81674,0.295527,0.000529,-0.002202,-0.001216,-0.000873,0.005039,0.003805,-0.587154,0.075931,0.046582,-0.039226,-0.225472,-0.293571,-0.928965,-0.206345,-0.917497,0.340029,-0.952146,0.268354,0.146293,-2e-06,5e-06,1e-06,4.6e-05,-4.5e-05,-0.0,-0.285124
3088,0.076791,0.048515,0.407828,-0.230359,-0.315152,-0.920684,-0.273336,-0.887069,0.371978,-0.933659,0.337732,0.119351,-0.0,-0.0,-0.0,0.0,0.0,0.0,-0.112385,-0.105974,0.0779,0.35544,0.25489,0.161231,0.953429,-0.82219,0.555018,0.126068,-0.509136,-0.816221,0.272813,-0.010168,-0.006838,-0.002917,-0.004508,0.031281,-0.053033,-0.576734,0.036767,0.056959,-0.007089,-0.087233,-0.291503,0.952583,0.864045,-0.498051,-0.073285,0.495798,0.816682,0.295319,0.000504,-0.002097,-0.001158,-0.000195,0.000742,0.000499,-0.661941,0.075931,0.046582,-0.039226,-0.225471,-0.293571,-0.928965,-0.206343,-0.917497,0.340029,-0.952147,0.268353,0.146293,-4e-06,4e-06,2e-06,3.1e-05,-4.8e-05,-7e-06,-0.285288
3089,0.076787,0.0485,0.407832,-0.230389,-0.315171,-0.92067,-0.273354,-0.88705,0.372009,-0.933647,0.337763,0.119363,-0.000238,-0.000674,-0.000314,0.0,0.0,0.0,-0.11211,-0.106008,0.078012,0.355243,0.255088,0.161108,0.953397,-0.821791,0.555598,0.126109,-0.50968,-0.81585,0.272905,-0.001797,0.009909,-0.008382,0.036244,-0.005618,0.020638,-0.663694,0.036748,0.057006,-0.007192,-0.087395,-0.291387,0.952604,0.863701,-0.498646,-0.07329,0.496368,0.816361,0.29525,0.000194,-0.000797,-0.000441,-5.9e-05,2.5e-05,-1.9e-05,-0.723502,0.075929,0.046576,-0.039223,-0.2255,-0.293593,-0.928952,-0.20636,-0.917481,0.340062,-0.952136,0.268383,0.146306,-0.000162,-0.000447,-0.000208,1.4e-05,-4.7e-05,-1.9e-05,-0.284798
3090,0.076789,0.0485,0.407842,-0.230392,-0.315162,-0.920672,-0.273379,-0.887045,0.372005,-0.933639,0.337787,0.119358,0.000105,0.000299,0.000139,0.0,0.0,0.0,-0.112263,-0.106025,0.078122,0.355096,0.255219,0.161005,0.953379,-0.821479,0.556056,0.126124,-0.510118,-0.815558,0.27296,0.000477,-0.001998,-0.001107,0.0,-0.0,-0.0,-0.719419,0.036738,0.057069,-0.007266,-0.087548,-0.291289,0.95262,0.86341,-0.499151,-0.07328,0.496848,0.816086,0.295201,-0.000805,0.004573,-0.004399,0.033733,0.010481,-0.00314,-0.721053,0.075929,0.046574,-0.039219,-0.225503,-0.293585,-0.928953,-0.206385,-0.917477,0.340058,-0.95213,0.268406,0.146302,5.7e-05,0.000168,7.7e-05,2.2e-05,-6e-06,-1.1e-05,-0.284635
3091,0.076784,0.048517,0.40784,-0.230377,-0.315159,-0.920677,-0.273357,-0.887056,0.371994,-0.933649,0.33776,0.119356,0.000126,0.000356,0.000166,0.0,0.0,0.0,-0.111791,-0.106029,0.078153,0.35503,0.255066,0.163808,0.952943,-0.821444,0.556512,0.124327,-0.51025,-0.814692,0.275289,-0.001522,0.008761,-0.009013,0.052991,-0.056453,-0.050528,-0.739641,0.036736,0.057082,-0.007295,-0.087265,-0.29422,0.951745,0.863141,-0.499327,-0.07522,0.497364,0.814927,0.297527,0.000154,-0.000632,-0.00035,0.020963,-0.065936,-0.045931,-0.721053,0.075927,0.046583,-0.03922,-0.225488,-0.293581,-0.928958,-0.206362,-0.917487,0.340046,-0.952139,0.268379,0.146299,6.5e-05,0.000191,9e-05,2e-05,0.0,-7e-06,-0.284471
3092,0.07675,0.048527,0.407846,-0.230443,-0.315223,-0.920639,-0.273339,-0.887027,0.372076,-0.933638,0.337776,0.119395,-0.011383,0.003109,0.001927,-0.000984,0.014715,-0.029553,-0.110106,-0.106071,0.078204,0.354926,0.255019,0.163753,0.952965,-0.821276,0.556783,0.124225,-0.510544,-0.814518,0.275259,-0.011031,-0.003216,-0.000915,-0.00204,0.015191,-0.029255,-0.806628,0.036716,0.057107,-0.007353,-0.08725,-0.29396,0.951826,0.862944,-0.499669,-0.075214,0.497708,0.814811,0.297267,-0.005524,-0.001564,-0.000433,-0.002387,0.016626,-0.028176,-0.719583,0.075914,0.046587,-0.039217,-0.225533,-0.293633,-0.928931,-0.206349,-0.917467,0.340108,-0.952131,0.26839,0.146328,-2e-06,-7e-06,-2e-06,2.4e-05,1.9e-05,3e-06,-0.283981
3093,0.076735,0.048531,0.40786,-0.230478,-0.315246,-0.920622,-0.273356,-0.887007,0.372112,-0.933624,0.337808,0.11941,0.0,1e-06,0.0,0.0,0.0,0.0,-0.108041,-0.10615,0.078223,0.354807,0.25775,0.163862,0.952211,-0.820749,0.557066,0.126423,-0.510024,-0.814303,0.276857,-0.010706,-0.004586,-0.001676,-0.002045,0.015205,-0.029245,-0.917564,0.036676,0.05712,-0.007411,-0.090066,-0.294185,0.951494,0.862799,-0.500247,-0.072997,0.497457,0.814375,0.298878,-0.005339,-0.002343,-0.000865,-0.00178,0.015955,-0.030158,-0.717297,0.075902,0.046591,-0.03921,-0.225582,-0.293676,-0.928905,-0.206362,-0.917442,0.340166,-0.952117,0.268426,0.146355,-3e-06,-8e-06,-4e-06,1.5e-05,8e-06,-6e-06,-0.283002
3094,0.076733,0.048531,0.407849,-0.230476,-0.315255,-0.920619,-0.273331,-0.887013,0.372117,-0.933632,0.337785,0.119415,-0.0,-1e-06,-0.0,0.0,0.0,0.0,-0.106913,-0.10618,0.078272,0.35466,0.26021,0.163935,0.951529,-0.820231,0.557377,0.128397,-0.50961,-0.814076,0.278283,-0.001499,0.008669,-0.009059,0.033777,0.010472,-0.003138,-0.991386,0.036661,0.057141,-0.007481,-0.092594,-0.29438,0.951191,0.86264,-0.500806,-0.071018,0.497269,0.813961,0.300316,0.000166,-0.000687,-0.000379,0.000119,0.00035,-0.000461,-0.719093,0.075901,0.04659,-0.039215,-0.225578,-0.293685,-0.928904,-0.206336,-0.917447,0.34017,-0.952123,0.268401,0.146358,2e-06,2e-06,1e-06,1.4e-05,1.5e-05,-1e-06,-0.281695
3095,0.076733,0.048531,0.407849,-0.23243,-0.313236,-0.920817,-0.272775,-0.887743,0.370781,-0.933308,0.337741,0.122044,-0.0,-0.0,-0.0,0.009871,0.027327,0.012828,-0.107172,-0.106189,0.078329,0.354576,0.260098,0.166721,0.951076,-0.820153,0.557899,0.126616,-0.509792,-0.813155,0.28063,0.00052,-0.002182,-0.001212,0.082804,-0.288718,-0.205046,-1.036824,0.036656,0.057173,-0.007526,-0.092503,-0.295697,0.950791,0.862401,-0.501086,-0.071935,0.4977,0.813311,0.301362,-0.000754,0.00435,-0.00452,0.160807,-0.498967,-0.335886,-0.724971,0.075901,0.04659,-0.039215,-0.227918,-0.291593,-0.928991,-0.205662,-0.91816,0.33865,-0.951711,0.268243,0.149296,2e-06,1e-06,-0.0,-0.001304,0.002881,0.001337,-0.281369
3096,0.076742,0.048562,0.407853,-0.234221,-0.311807,-0.920848,-0.278017,-0.886144,0.370713,-0.931309,0.343224,0.122015,8.1e-05,0.00023,0.000107,2e-06,6e-06,3e-06,-0.108614,-0.106323,0.078438,0.354272,0.259823,0.166579,0.951176,-0.819728,0.558616,0.126207,-0.510616,-0.812692,0.280475,-0.012023,0.003316,-0.011159,0.031749,0.02562,-0.032423,-1.15411,0.036593,0.057227,-0.007668,-0.09211,-0.296961,0.950436,0.861875,-0.501801,-0.073259,0.498685,0.81241,0.302164,-0.005974,0.001513,-0.005659,0.031127,0.028726,-0.03013,-0.727747,0.075906,0.046606,-0.039213,-0.229564,-0.29048,-0.928935,-0.211108,-0.916842,0.338869,-0.950122,0.273898,0.149151,4.7e-05,0.000132,6.1e-05,-0.000283,-0.001116,-0.000512,-0.281205
3097,0.076678,0.048679,0.407901,-0.232345,-0.30985,-0.921983,-0.278745,-0.886937,0.36826,-0.931564,0.342942,0.120857,0.001431,0.004056,0.001889,0.000874,-0.013364,0.027766,-0.110886,-0.106536,0.078609,0.353841,0.262526,0.166528,0.950442,-0.818659,0.559733,0.128175,-0.510951,-0.811933,0.282059,-0.000824,0.005835,-0.010627,-0.001608,-0.155589,0.215426,-1.21295,0.036482,0.057312,-0.007894,-0.094881,-0.297002,0.95015,0.861191,-0.503252,-0.071312,0.499345,0.811495,0.303525,-0.000387,0.002841,-0.005353,-0.006968,-0.167385,0.230351,-0.728727,0.075872,0.046657,-0.039193,-0.227806,-0.28833,-0.930037,-0.211833,-0.917598,0.336361,-0.950384,0.273638,0.147957,-0.004532,0.008244,-0.002954,0.03305,-0.004436,-0.014509,-0.281858
3098,0.076617,0.048796,0.407959,-0.234285,-0.308571,-0.921921,-0.283962,-0.885225,0.368394,-0.929498,0.348479,0.120923,-0.009501,0.008416,0.004396,-0.137583,0.057149,0.014422,-0.114102,-0.106661,0.078752,0.353564,0.261253,0.167936,0.950545,-0.821554,0.555571,0.127766,-0.506938,-0.8145,0.281898,-0.01192,0.002884,-0.011395,0.030402,0.008923,-0.00984,-1.223451,0.036425,0.057377,-0.008021,-0.093554,-0.298335,0.949864,0.86376,-0.498791,-0.071587,0.495141,0.813758,0.304354,-0.00588,0.001137,-0.005866,-0.010552,0.022638,-0.046459,-0.72938,0.075844,0.046712,-0.039165,-0.229676,-0.287325,-0.929888,-0.216671,-0.916358,0.336661,-0.948842,0.278803,0.14821,0.000953,0.002729,0.001258,-1.542747,0.609576,0.222792,-0.282675
3099,0.076491,0.049127,0.40807,-0.234173,-0.308508,-0.921971,-0.283864,-0.885304,0.36828,-0.929557,0.348335,0.120891,0.002336,0.006607,0.003066,0.0,0.0,0.0,-0.1184,-0.106983,0.079053,0.352952,0.268753,0.16245,0.949407,-0.819465,0.556487,0.136872,-0.506407,-0.81498,0.281466,-0.013724,0.012873,-0.019682,0.060467,0.038168,0.037353,-1.220353,0.036259,0.057534,-0.008338,-0.101555,-0.292971,0.950712,0.863198,-0.501019,-0.062187,0.494544,0.814338,0.303773,-0.006826,0.006326,-0.009898,0.068406,0.0115,0.00707,-0.7284,0.075778,0.046883,-0.039108,-0.229749,-0.287147,-0.929925,-0.217045,-0.916305,0.336564,-0.948739,0.27916,0.148196,-0.003667,0.010653,-0.001842,0.034325,-0.017193,0.011619,-0.285288
3100,0.076359,0.049608,0.408177,-0.231757,-0.310954,-0.92176,-0.289995,-0.882376,0.370524,-0.928272,0.35356,0.115471,-0.008571,0.010955,0.005553,-0.134505,-0.370376,-0.178758,-0.119317,-0.107394,0.079419,0.352268,0.275692,0.151224,0.949271,-0.817126,0.556884,0.14872,-0.506462,-0.816851,0.275885,-0.00263,0.015852,-0.018873,0.006991,0.139801,0.241391,-1.169553,0.03606,0.057705,-0.008667,-0.108794,-0.282941,0.952946,0.862842,-0.502912,-0.050813,0.493626,0.816715,0.298847,-0.005737,0.000544,-0.00619,-0.203351,-0.103174,0.744123,-0.717787,0.075717,0.047123,-0.039054,-0.228421,-0.288361,-0.929876,-0.222995,-0.914238,0.33829,-0.947679,0.284631,0.144528,0.001352,0.003813,0.001766,-0.240202,-0.629545,-0.296241,-0.2879
3101,0.076327,0.049854,0.4082,-0.229484,-0.312762,-0.921717,-0.29041,-0.881839,0.371477,-0.92871,0.353308,0.112689,-0.008459,0.011247,0.005681,-0.071262,-0.195363,-0.096548,-0.121454,-0.107631,0.079646,0.351922,0.277862,0.142654,0.949965,-0.815975,0.556812,0.155176,-0.507137,-0.81843,0.269905,-0.014153,0.014753,-0.018591,-0.071673,0.508744,0.377824,-1.043612,0.035941,0.057821,-0.008849,-0.111423,-0.276247,0.954605,0.862639,-0.503803,-0.045104,0.493393,0.818455,0.294437,-0.006968,0.006949,-0.00953,-0.088316,0.569181,0.375904,-0.682679,0.075701,0.047246,-0.039042,-0.22497,-0.290911,-0.929924,-0.223738,-0.913463,0.339889,-0.948329,0.284524,0.140414,0.001964,0.008938,-0.002886,-0.065819,-0.305538,-0.087634,-0.288553
3102,0.076374,0.050399,0.408087,-0.222402,-0.318029,-0.921651,-0.291523,-0.880372,0.374074,-0.930091,0.352268,0.104234,0.003543,0.016781,-0.006283,0.000548,-0.128056,-0.004191,-0.127739,-0.108012,0.080271,0.351316,0.287325,0.125621,0.949555,-0.812386,0.55704,0.172247,-0.507636,-0.821039,0.26089,-0.015289,0.019686,-0.015781,-0.044605,0.412536,0.309171,-0.569148,0.035752,0.058127,-0.009155,-0.122,-0.258804,0.958193,0.861925,-0.506314,-0.027011,0.492138,0.822596,0.28484,-0.000996,0.005447,-0.003865,-0.113313,0.556883,0.420126,-0.518082,0.075721,0.047519,-0.039094,-0.216968,-0.296226,-0.930147,-0.225085,-0.911988,0.342947,-0.949874,0.283771,0.131197,-0.004627,0.004477,0.002308,-0.020895,-0.066112,-0.035739,-0.291656
3103,0.076488,0.051151,0.407709,-0.212891,-0.32524,-0.92138,-0.292467,-0.878536,0.377636,-0.932029,0.350269,0.09306,0.002949,0.015101,-0.007051,-0.090299,-0.36717,-0.149653,-0.132496,-0.108296,0.080998,0.350833,0.301077,0.105865,0.947701,-0.807495,0.556843,0.194453,-0.507485,-0.823926,0.251926,-0.015669,0.0214,-0.014783,-0.03561,0.377657,0.285393,-0.145726,0.03561,0.058489,-0.009393,-0.137002,-0.240344,0.96097,0.860709,-0.509074,-0.004615,0.490315,0.826485,0.276611,-0.007905,0.011021,-0.007206,-0.096159,0.623059,0.45697,-0.406881,0.075777,0.047887,-0.039275,-0.208399,-0.301631,-0.930369,-0.225719,-0.910743,0.345828,-0.95164,0.282072,0.121715,0.002094,0.012666,-0.008171,-0.170968,-0.677254,-0.272695,-0.295085
3104,0.076697,0.052177,0.407057,-0.208626,-0.327842,-0.921433,-0.302392,-0.874361,0.379503,-0.929829,0.358212,0.084428,0.004566,0.026431,-0.015806,0.023255,-0.180554,-0.005382,-0.135331,-0.108613,0.081426,0.350582,0.303013,0.088502,0.948863,-0.805502,0.555754,0.205516,-0.509499,-0.826681,0.238477,-0.011601,-0.000598,0.000547,-0.108692,0.382035,0.275178,0.058401,0.035449,0.058717,-0.009525,-0.139725,-0.2233,0.964683,0.860442,-0.509503,0.00669,0.490015,0.830989,0.263327,-0.006698,0.004721,-0.003819,-0.111816,0.539643,0.381029,-0.340749,0.075881,0.048403,-0.039606,-0.202691,-0.304998,-0.930532,-0.236231,-0.906962,0.348729,-0.950321,0.290506,0.111783,0.002783,0.017974,-0.012703,0.060973,-0.181897,-0.012991,-0.298024
3105,0.076817,0.052806,0.406632,-0.205481,-0.330299,-0.921263,-0.307269,-0.871963,0.3811,-0.928935,0.361791,0.078831,0.004416,0.026003,-0.015984,-0.091567,-0.489434,-0.185946,-0.136634,-0.108826,0.081488,0.350509,0.303307,0.082771,0.949287,-0.805005,0.555206,0.208919,-0.51011,-0.827636,0.233815,-0.011198,-0.002325,-0.000425,-0.079945,0.288724,0.171344,0.112991,0.035342,0.058753,-0.00956,-0.140338,-0.217456,0.965928,0.860485,-0.509369,0.010346,0.489764,0.832619,0.258602,-0.00559,-0.001185,-0.000221,-0.086283,0.269967,0.40394,-0.314295,0.075939,0.048704,-0.039808,-0.201361,-0.305387,-0.930694,-0.240717,-0.90559,0.34923,-0.949477,0.294355,0.108839,0.002883,0.018245,-0.012564,0.115885,-0.046364,0.083626,-0.299494
3106,0.077055,0.05425,0.405694,-0.21315,-0.334014,-0.918176,-0.317448,-0.865095,0.388341,-0.923762,0.374659,0.079509,0.007822,0.049109,-0.033207,0.124984,-0.007679,-0.096832,-0.138568,-0.10926,0.081433,0.35047,0.299688,0.079854,0.950685,-0.805704,0.554721,0.207511,-0.511142,-0.828243,0.229367,0.000167,-0.000727,-0.000409,0.016103,-0.108899,0.165744,0.186417,0.03512,0.058726,-0.009578,-0.136569,-0.213922,0.967256,0.860983,-0.50855,0.009091,0.489953,0.834034,0.253636,-0.005479,-0.001676,-0.000493,0.00145,-0.006244,-0.040624,-0.037845,0.076058,0.049428,-0.040282,-0.206807,-0.311484,-0.927473,-0.251718,-0.899116,0.358089,-0.945445,0.307517,0.107538,0.003278,0.019336,-0.012033,0.10044,-0.04777,0.084702,-0.30129
3107,0.077403,0.055956,0.404542,-0.219819,-0.336733,-0.915607,-0.327282,-0.858702,0.394321,-0.918747,0.386755,0.079695,0.007501,0.048165,-0.033528,0.122438,-0.077206,0.059518,-0.13936,-0.109717,0.081268,0.350478,0.286652,0.082238,0.954494,-0.808817,0.554645,0.195235,-0.513682,-0.828063,0.224286,-0.011176,-0.002426,-0.000483,0.001074,0.004119,-0.037372,0.243607,0.0349,0.058647,-0.009579,-0.123066,-0.216264,0.968547,0.862005,-0.506886,-0.003652,0.491733,0.834444,0.248801,-0.005586,-0.001226,-0.000239,-0.003859,0.020533,-0.0144,0.08397,0.076233,0.050285,-0.040856,-0.213352,-0.314718,-0.924896,-0.261834,-0.893641,0.364482,-0.941235,0.319932,0.108256,0.003385,0.019621,-0.011868,0.063379,0.048873,-0.092176,-0.302433
3108,0.077573,0.056889,0.403927,-0.223916,-0.335246,-0.91516,-0.334893,-0.855348,0.395218,-0.915003,0.395389,0.080397,0.008214,0.050161,-0.032564,-0.005237,0.056907,-0.079441,-0.140928,-0.109909,0.081221,0.350466,0.279402,0.084821,0.956416,-0.81051,0.554776,0.187697,-0.514999,-0.827719,0.222532,-0.011133,-0.002617,-0.00059,0.023169,0.135258,-0.248842,0.275809,0.034801,0.058619,-0.009582,-0.115649,-0.218581,0.96894,0.862461,-0.505997,-0.011207,0.492731,0.834378,0.247036,-0.005559,-0.001342,-0.000307,0.074577,0.562482,-0.75528,0.130508,0.076317,0.050748,-0.041165,-0.217512,-0.31333,-0.924398,-0.269507,-0.890974,0.365417,-0.938111,0.328615,0.109353,0.004114,0.025031,-0.016305,-0.326323,0.200717,-0.050255,-0.303086
3109,0.078008,0.058703,0.402681,-0.231697,-0.334867,-0.91336,-0.344231,-0.849927,0.398876,-0.909577,0.407237,0.082794,0.018756,0.045326,-0.035144,0.132364,-0.016291,-0.061653,-0.143025,-0.110411,0.08107,0.350422,0.275382,0.096449,0.95648,-0.812015,0.555815,0.177862,-0.514788,-0.825762,0.230158,-0.008826,-0.015033,0.006269,-0.040138,0.078256,-0.253388,0.337973,0.034548,0.058549,-0.009606,-0.110923,-0.230125,0.966818,0.862385,-0.505796,-0.02145,0.49395,0.831391,0.254561,-0.005429,-0.001919,-0.000631,0.005539,0.009592,-0.031378,0.217542,0.076532,0.051661,-0.041785,-0.22538,-0.313516,-0.922448,-0.279263,-0.886291,0.369459,-0.933389,0.340875,0.112198,0.00372,0.023899,-0.016759,0.136245,-0.080734,0.063033,-0.304882
3110,0.078637,0.060348,0.401446,-0.240621,-0.335188,-0.910932,-0.353023,-0.843997,0.403751,-0.903863,0.419143,0.085892,0.01884,0.045708,-0.034851,0.1323,-0.015713,-0.061455,-0.145835,-0.111053,0.080778,0.350416,0.271501,0.11107,0.956003,-0.813689,0.556884,0.166505,-0.514201,-0.82322,0.24035,-0.022072,-0.006166,-0.001706,0.112924,-0.401803,-0.374566,0.363543,0.034233,0.058399,-0.009606,-0.106429,-0.24184,0.964461,0.862388,-0.505262,-0.031531,0.494931,0.828385,0.262335,-0.005389,-0.002131,-0.000748,0.124226,-0.429697,-0.352696,0.279429,0.076846,0.052481,-0.042403,-0.234249,-0.314553,-0.919882,-0.288344,-0.881152,0.374736,-0.928431,0.353024,0.11571,0.01429,0.015936,-0.013939,0.103121,-0.092496,0.111091,-0.307658
