frame,MLTx,MLTy,MLTz,MLTR1,MLTR2,MLTR3,MLTR4,MLTR5,MLTR6,MLTR7,MLTR8,MLTR9,MLTTVx,MLTTVy,MLTTVz,MLTRVx,MLTRVy,MLTRVz,MLGA,MRTx,MRTy,MRTz,MRTR1,MRTR2,MRTR3,MRTR4,MRTR5,MRTR6,MRTR7,MRTR8,MRTR9,MRTTVx,MRTTVy,MRTTVz,MRTRVx,MRTRVy,MRTRVz,MRGA,SLTx,SLTy,SLTz,SLTR1,SLTR2,SLTR3,SLTR4,SLTR5,SLTR6,SLTR7,SLTR8,SLTR9,SLTTVx,SLTTVy,SLTTVz,SLTRVx,SLTRVy,SLTRVz,SLGA,SRTx,SRTy,SRTz,SRTR1,SRTR2,SRTR3,SRTR4,SRTR5,SRTR6,SRTR7,SRTR8,SRTR9,SRTTVx,SRTTVy,SRTTVz,SRTRVx,SRTRVy,SRTRVz,SRGA
1116,0.13708,0.140135,0.310162,-0.351183,0.909158,-0.223935,-0.704358,-0.098883,0.702904,0.617342,0.403447,0.675386,-0.024028,-0.032193,0.006206,-0.036886,0.128404,-0.064435,-1.906038,-0.106803,-0.020131,0.387039,0.563907,0.436935,0.700776,-0.489188,0.860395,-0.142649,-0.665957,-0.262931,0.698019,-0.0,0.0,0.0,0.0,0.0,0.0,0.068386,0.0258,0.03422,-0.015914,-0.600508,-0.391328,0.697317,0.431864,-0.892659,-0.129044,0.672965,0.223655,0.70505,-2e-06,-6e-06,-8e-06,-3e-06,9e-06,1.2e-05,-0.086015,0.114748,0.101092,-0.107576,-0.426225,0.87886,-0.214324,-0.682963,-0.157265,0.713322,0.593205,0.450411,0.66726,-0.006942,-0.016623,0.002689,-0.063438,-0.027357,0.101653,-0.88734
1117,0.136331,0.138807,0.310387,-0.348759,0.909171,-0.22764,-0.704759,-0.094235,0.70314,0.618254,0.404527,0.673904,-0.025359,-0.045488,0.01086,-0.104832,0.099348,-0.099956,-1.905867,-0.106805,-0.020117,0.387049,0.563938,0.436905,0.700771,-0.489164,0.860413,-0.142622,-0.665949,-0.262922,0.698031,-0.00023,0.001242,0.000922,0.0,0.0,0.0,0.06838,0.0258,0.034224,-0.015911,-0.600537,-0.391296,0.69731,0.431839,-0.892675,-0.129017,0.672956,0.223647,0.705061,-0.000136,0.000723,0.000534,0.001355,-0.010875,0.026658,-0.085852,0.114365,0.100416,-0.107462,-0.423685,0.879181,-0.218013,-0.683581,-0.152426,0.71378,0.594312,0.451448,0.665572,-0.012681,-0.02276,0.005432,-0.112703,0.101792,-0.107168,-0.888156
1118,0.135428,0.137264,0.310791,-0.347041,0.908965,-0.231067,-0.707175,-0.091728,0.701044,0.616458,0.405565,0.674925,-0.025036,-0.04279,0.012592,0.004705,0.230885,0.011856,-1.906063,-0.106801,-0.020087,0.387083,0.564023,0.436827,0.700751,-0.489118,0.860454,-0.142535,-0.665911,-0.262917,0.698069,-0.00025,0.001352,0.001003,0.0,0.0,0.0,0.06802,0.025802,0.03424,-0.015893,-0.600616,-0.391213,0.697289,0.431789,-0.892712,-0.128929,0.672917,0.223645,0.705098,-0.000163,0.000873,0.000646,1e-06,2e-06,5e-06,-0.086015,0.113921,0.099657,-0.107267,-0.422527,0.878853,-0.221557,-0.686184,-0.150481,0.711692,0.592133,0.452738,0.666637,-0.01189,-0.014624,0.004057,0.064956,0.217555,0.068989,-0.888973
1119,0.134891,0.136422,0.311052,-0.352925,0.905631,-0.235208,-0.708669,-0.094526,0.699161,0.611384,0.41231,0.675454,-0.026145,-0.054932,0.018025,-0.020551,0.227143,0.018126,-1.90643,-0.106793,-0.020072,0.387106,0.564077,0.43678,0.700736,-0.489096,0.860477,-0.142474,-0.665881,-0.262921,0.698095,-0.000183,0.000991,0.000736,0.0,0.0,0.0,0.068194,0.025805,0.034249,-0.015881,-0.600667,-0.391162,0.697273,0.431764,-0.892732,-0.128868,0.672887,0.223651,0.705125,-0.000115,0.000613,0.000454,1.1e-05,-5e-06,-8e-06,-0.086015,0.113654,0.09924,-0.107138,-0.428117,0.875093,-0.225667,-0.687611,-0.153382,0.709693,0.586434,0.459003,0.66739,-0.012589,-0.021518,0.006264,0.034472,0.23249,0.012424,-0.891096
1120,0.133744,0.134513,0.311656,-0.359698,0.902541,-0.236817,-0.710484,-0.100342,0.696503,0.605304,0.417663,0.677637,-0.026463,-0.055407,0.017913,-0.020878,0.118456,-0.136313,-1.906253,-0.106791,-0.020029,0.387162,0.564198,0.436671,0.700707,-0.489042,0.86053,-0.142339,-0.665819,-0.262927,0.698153,-0.000383,0.002068,0.001534,0.00135,-0.01087,0.026654,0.068265,0.025807,0.034268,-0.015855,-0.600765,-0.391061,0.697245,0.431717,-0.892773,-0.128747,0.67283,0.223666,0.705175,-8.6e-05,0.000456,0.000338,2e-06,4e-06,-1e-06,-0.085852,0.113091,0.098308,-0.106842,-0.433932,0.871809,-0.227267,-0.68928,-0.158809,0.706875,0.580168,0.463386,0.669833,-0.012704,-0.021534,0.006319,0.381325,-1.073249,-0.991835,-0.892402
1121,0.132707,0.132448,0.312389,-0.371095,0.895921,-0.244254,-0.71276,-0.106153,0.693308,0.59568,0.430263,0.678281,-0.027324,-0.065451,0.024878,0.090651,0.358343,0.152647,-1.906357,-0.106806,-0.02001,0.387203,0.564236,0.436639,0.700696,-0.48905,0.860537,-0.142273,-0.665781,-0.262959,0.698177,-5.5e-05,0.000295,0.000219,0.0,0.0,0.0,0.068381,0.025799,0.034282,-0.015831,-0.600816,-0.391011,0.69723,0.431711,-0.892787,-0.128667,0.672789,0.223697,0.705205,-3e-05,0.000163,0.000121,-1.1e-05,-0.0,1.3e-05,-0.086015,0.112562,0.097256,-0.106473,-0.446427,0.863573,-0.2344,-0.690024,-0.165454,0.704621,0.56971,0.476304,0.669749,-0.013121,-0.026561,0.009771,0.31839,0.323411,0.196332,-0.894198
1122,0.13217,0.131303,0.312841,-0.379245,0.892322,-0.244907,-0.711355,-0.111836,0.693858,0.592224,0.436248,0.677484,-0.027325,-0.064865,0.025386,-0.128344,0.201203,-0.09521,-1.906113,-0.106808,-0.019996,0.387213,0.564267,0.436609,0.70069,-0.489025,0.860555,-0.142246,-0.665773,-0.262951,0.698189,-0.000165,0.000892,0.000661,0.0,0.0,0.0,0.068607,0.025798,0.034287,-0.015827,-0.600844,-0.390979,0.697223,0.431686,-0.892803,-0.128641,0.67278,0.223688,0.705216,-0.000102,0.000549,0.000407,-2.2e-05,-2.1e-05,1.9e-05,-0.085852,0.112284,0.096661,-0.106237,-0.45281,0.860116,-0.234864,-0.68917,-0.170512,0.704251,0.565691,0.480753,0.669976,-0.013639,-0.032288,0.012798,-0.173929,0.19764,-0.110893,-0.891749
1123,0.131002,0.128807,0.313871,-0.392887,0.885302,-0.248847,-0.710375,-0.120277,0.693449,0.584468,0.448121,0.67647,-0.027539,-0.064701,0.025815,0.081814,0.286368,0.283053,-1.906352,-0.106809,-0.019989,0.387206,0.564276,0.436596,0.700691,-0.488998,0.860569,-0.142253,-0.665785,-0.262927,0.698186,-0.0,0.0,0.0,0.0,0.0,0.0,0.0684,0.025797,0.034292,-0.01583,-0.600852,-0.390965,0.697224,0.431658,-0.892815,-0.128648,0.67279,0.223664,0.705214,6e-06,-2e-05,-1.3e-05,3e-06,2e-05,1e-05,-0.085852,0.111711,0.095439,-0.10573,-0.467482,0.851206,-0.238551,-0.68636,-0.179434,0.704778,0.557108,0.493204,0.668117,-0.019455,-0.03746,0.016392,0.237247,0.524948,0.205853,-0.892892
1124,0.129606,0.126199,0.315065,-0.404108,0.87873,-0.254119,-0.711005,-0.126906,0.69162,0.575997,0.459077,0.67639,-0.037488,-0.059374,0.029613,-0.070681,0.257846,-0.041464,-1.90626,-0.106807,-0.020003,0.387195,0.564351,0.436522,0.700677,-0.48894,0.860613,-0.142188,-0.665765,-0.262905,0.698213,3.7e-05,-0.0002,-0.000148,0.0,0.0,0.0,0.068209,0.025798,0.034284,-0.015836,-0.600922,-0.390887,0.697208,0.431596,-0.892855,-0.128583,0.672768,0.223644,0.705241,2.4e-05,-0.000126,-9.3e-05,1.5e-05,1e-06,-2e-06,-0.085852,0.111015,0.094129,-0.105137,-0.476966,0.844399,-0.24391,-0.687651,-0.185678,0.701897,0.547393,0.502507,0.669214,-0.019337,-0.035935,0.017543,-0.114387,0.30169,-0.045553,-0.891259
1125,0.128207,0.123467,0.316385,-0.409738,0.87397,-0.261414,-0.712824,-0.127871,0.689567,0.56974,0.467797,0.675713,-0.039085,-0.072181,0.035305,0.053047,0.391671,0.165574,-1.906634,-0.106808,-0.019996,0.3872,0.564366,0.436506,0.700674,-0.488928,0.860622,-0.142174,-0.66576,-0.2629,0.698219,-3e-06,1.7e-05,1.3e-05,0.0,0.0,0.0,0.068478,0.025798,0.034287,-0.015833,-0.600936,-0.39087,0.697205,0.431583,-0.892863,-0.12857,0.672763,0.22364,0.705247,-1e-06,7e-06,6e-06,2e-06,-2e-06,7e-06,-0.085852,0.110331,0.092794,-0.104488,-0.483726,0.838448,-0.251022,-0.68817,-0.187156,0.700994,0.540767,0.511836,0.667528,-0.014326,-0.036989,0.017028,0.08483,-0.117253,0.88367,-0.895668
1126,0.127499,0.12207,0.317063,-0.414969,0.870061,-0.26616,-0.713705,-0.129778,0.688298,0.564833,0.4745,0.67516,-0.03931,-0.072388,0.035405,-0.026744,-1.534872,2.038067,-1.906318,-0.106809,-0.019989,0.387206,0.564381,0.436491,0.700671,-0.488916,0.860631,-0.142161,-0.665756,-0.262896,0.698225,-4e-06,2.1e-05,1.5e-05,0.0,0.0,0.0,0.068532,0.025797,0.034291,-0.01583,-0.60095,-0.390854,0.697202,0.43157,-0.892871,-0.128557,0.672759,0.223636,0.705252,-1e-06,5e-06,3e-06,0.0,-1e-06,4e-06,-0.085852,0.109975,0.092102,-0.104151,-0.488692,0.834937,-0.253098,-0.688348,-0.190744,0.699852,0.536056,0.516232,0.667943,-0.019719,-0.036477,0.017543,0.252685,0.511541,0.170159,-0.897464
1127,0.125933,0.119435,0.318361,-0.418709,0.866614,-0.271492,-0.716967,-0.131908,0.684492,0.557897,0.480177,0.676911,-0.04917,-0.058837,0.031026,0.163077,0.336341,0.339693,-1.906328,-0.106811,-0.019982,0.387211,0.564501,0.436372,0.700649,-0.488821,0.860702,-0.142056,-0.665724,-0.262861,0.698269,-0.0,1e-06,0.0,0.0,0.0,0.0,0.06854,0.025796,0.034295,-0.015828,-0.601061,-0.390728,0.697177,0.43147,-0.892934,-0.128453,0.672724,0.223603,0.705296,1e-06,-9e-06,-8e-06,5e-06,2e-06,-1e-06,-0.086015,0.109185,0.090752,-0.103486,-0.4922,0.830469,-0.260882,-0.692053,-0.191533,0.695971,0.528015,0.523102,0.669002,-0.019984,-0.036799,0.017567,0.116448,-0.074876,0.870603,-0.895341
1128,0.124292,0.116748,0.319573,-0.42732,0.859912,-0.279273,-0.720434,-0.137167,0.679803,0.546793,0.490622,0.67848,-0.041534,-0.078939,0.032211,1.457478,-4.033244,-3.234916,-1.90599,-0.106811,-0.019982,0.387211,0.564501,0.436372,0.700649,-0.488821,0.860702,-0.142056,-0.665724,-0.262861,0.698269,-0.0,0.0,0.0,0.0,0.0,0.0,0.068945,0.025796,0.034294,-0.015828,-0.601061,-0.390728,0.697177,0.43147,-0.892934,-0.128453,0.672724,0.223603,0.705296,-3e-06,-4e-06,-6e-06,2e-06,6e-06,7e-06,-0.085689,0.108363,0.089425,-0.102876,-0.494029,0.827101,-0.268025,-0.697398,-0.192882,0.690241,0.519202,0.527919,0.672108,-0.020161,-0.033368,0.013185,-0.065172,-1.641227,1.903522,-0.897791
1129,0.123486,0.115331,0.320099,-0.427986,0.859297,-0.280144,-0.721305,-0.137919,0.678727,0.54512,0.491487,0.6792,-0.041326,-0.070287,0.024307,-0.043291,0.317899,-0.070944,-1.90619,-0.106809,-0.019989,0.387206,0.564486,0.436387,0.700652,-0.488833,0.860693,-0.142069,-0.665728,-0.262865,0.698263,0.000187,-0.00101,-0.000749,0.0,0.0,0.0,0.068475,0.025797,0.034293,-0.015829,-0.601047,-0.390744,0.69718,0.431483,-0.892926,-0.128466,0.672728,0.223607,0.70529,0.000123,-0.000685,-0.000514,0.0,3e-06,1.1e-05,-0.085852,0.107961,0.088716,-0.102608,-0.499557,0.823235,-0.269676,-0.697209,-0.197322,0.689175,0.51414,0.532303,0.672541,-0.021245,-0.04112,0.015208,-0.069434,0.34786,-0.05126,-0.900403
1130,0.121781,0.112285,0.321038,-0.438422,0.850814,-0.289737,-0.72403,-0.143263,0.674705,0.533082,0.504526,0.679193,-0.043215,-0.076545,0.020707,-0.034194,0.319696,-0.061995,-1.905949,-0.106819,-0.01999,0.387193,0.564462,0.436405,0.70066,-0.488831,0.860688,-0.142104,-0.66575,-0.262852,0.698247,0.000187,-0.00101,-0.000749,0.0,0.0,0.0,0.069445,0.025792,0.034292,-0.015835,-0.601025,-0.390762,0.697189,0.431482,-0.892922,-0.1285,0.672749,0.223593,0.705275,0.000125,-0.000679,-0.000504,2.3e-05,8e-06,-1.5e-05,-0.085525,0.107109,0.087195,-0.102137,-0.509477,0.813933,-0.279185,-0.699573,-0.202882,0.685153,0.501027,0.544381,0.67277,-0.021687,-0.038619,0.010166,-0.024338,0.341566,-0.040788,-0.89975
1131,0.119923,0.10923,0.32179,-0.454866,0.839231,-0.298047,-0.728208,-0.157774,0.666927,0.513245,0.519359,0.68328,-0.054443,-0.067326,0.013143,0.37556,0.352262,-0.387619,-1.906588,-0.106818,-0.019997,0.387175,0.564441,0.436421,0.700667,-0.488828,0.860684,-0.142138,-0.66577,-0.262837,0.698234,3.4e-05,-0.000184,-0.000136,0.0,0.0,0.0,0.070636,0.025793,0.034286,-0.015846,-0.601005,-0.39078,0.697196,0.431479,-0.892918,-0.128534,0.672768,0.223576,0.705262,1.8e-05,-0.000101,-7.6e-05,1.4e-05,-1e-06,-7e-06,-0.084546,0.106184,0.085663,-0.101759,-0.525752,0.800596,-0.287452,-0.701958,-0.217468,0.678205,0.480457,0.558348,0.676319,-0.022445,-0.0407,0.008973,0.88797,-0.468069,-0.921334,-0.902363
1132,0.118924,0.107607,0.322109,-0.459982,0.83453,-0.303349,-0.729932,-0.160789,0.664317,0.506187,0.525961,0.683496,-0.045834,-0.084096,0.016242,-0.02867,-0.272888,0.46557,-1.906169,-0.106826,-0.020005,0.387157,0.564507,0.436349,0.700659,-0.488756,0.860733,-0.142094,-0.665767,-0.262797,0.698251,5.6e-05,-0.000302,-0.000224,0.0,0.0,0.0,0.070729,0.025788,0.034282,-0.015855,-0.601066,-0.390704,0.697186,0.431403,-0.892961,-0.128491,0.672763,0.223537,0.70528,3.3e-05,-0.000171,-0.000127,1.1e-05,-4e-06,-5e-06,-0.083893,0.105702,0.084883,-0.101606,-0.53016,0.796805,-0.28988,-0.703382,-0.222388,0.675126,0.473479,0.561822,0.67836,-0.022906,-0.042059,0.008146,-0.06541,0.330225,-0.078851,-0.90073
1133,0.116969,0.104397,0.322637,-0.475414,0.822858,-0.311337,-0.731646,-0.1732,0.659294,0.48917,0.540203,0.684777,-0.047366,-0.08784,0.01394,-0.057028,0.21595,-0.113444,-1.9061,-0.106835,-0.020013,0.387102,0.564451,0.436385,0.700681,-0.48872,0.860735,-0.142203,-0.665841,-0.26273,0.698206,0.000111,-0.0006,-0.000445,0.0,0.0,0.0,0.070658,0.025784,0.034278,-0.015883,-0.601013,-0.390743,0.69721,0.431369,-0.892962,-0.1286,0.672832,0.223464,0.705236,6.6e-05,-0.000355,-0.000263,1.1e-05,0.0,-6e-06,-0.083239,0.104685,0.083218,-0.101333,-0.544227,0.783424,-0.300104,-0.705054,-0.233246,0.669697,0.454659,0.576057,0.679295,-0.023743,-0.044192,0.006835,-0.101081,0.212868,-0.132636,-0.898281
1134,0.114947,0.10099,0.323113,-0.501168,0.802337,-0.324239,-0.731211,-0.192179,0.6545,0.463438,0.564104,0.683403,-0.047483,-0.078809,0.005732,0.521119,-0.958295,-1.09639,-1.906743,-0.106832,-0.020019,0.387021,0.564402,0.436408,0.700706,-0.488641,0.860758,-0.142338,-0.665941,-0.262617,0.698153,0.000181,-0.000976,-0.000724,0.0,0.0,0.0,0.069879,0.025786,0.034276,-0.015923,-0.600965,-0.39077,0.697236,0.43129,-0.892981,-0.128736,0.672925,0.223345,0.705186,0.000111,-0.000592,-0.00044,5e-06,-2e-06,7e-06,-0.083566,0.103674,0.081514,-0.101095,-0.568271,0.761123,-0.312663,-0.703126,-0.251797,0.664989,0.427411,0.597737,0.678255,-0.023793,-0.039601,0.002775,0.510847,-0.974927,-1.110705,-0.894362
1135,0.112718,0.097511,0.323585,-0.515169,0.788516,-0.335989,-0.73403,-0.203426,0.647912,0.443178,0.57943,0.684018,-0.061087,-0.090327,0.01239,0.198172,-1.556797,1.823601,-1.906632,-0.106857,-0.019985,0.386934,0.564391,0.436376,0.700735,-0.48847,0.86083,-0.142483,-0.666075,-0.262432,0.698095,-0.01334,-0.003769,-0.001328,-0.003398,0.02609,-0.055893,0.069696,0.025778,0.034296,-0.015965,-0.600984,-0.390705,0.697256,0.43109,-0.89306,-0.128855,0.673037,0.22314,0.705144,-3e-06,2.2e-05,1.7e-05,-2e-06,-1.1e-05,7e-06,-0.084382,0.102582,0.079806,-0.100866,-0.582675,0.746305,-0.32174,-0.7036,-0.265105,0.659292,0.406738,0.61053,0.67957,-0.030523,-0.045146,0.00625,0.102002,0.426002,-0.101158,-0.898444
1136,0.111403,0.095708,0.323854,-0.52306,0.781731,-0.339633,-0.735425,-0.21247,0.643411,0.43146,0.585345,0.686469,-0.059901,-0.077039,0.00679,0.262843,0.514576,0.108063,-1.906725,-0.106904,-0.019948,0.386864,0.564259,0.436464,0.700787,-0.488413,0.860824,-0.142714,-0.666229,-0.262305,0.697996,-0.001278,0.008561,-0.010608,0.035653,-0.00288,0.022172,0.074802,0.02575,0.034309,-0.015997,-0.600916,-0.390738,0.697296,0.431003,-0.893079,-0.129017,0.673153,0.223009,0.705075,-0.006652,-0.001977,-0.00073,-0.00205,0.015195,-0.029233,-0.083566,0.101951,0.078933,-0.100739,-0.590607,0.737179,-0.32825,-0.704583,-0.272794,0.655091,0.393376,0.618182,0.680518,-0.030767,-0.045158,0.006224,-0.062474,-0.358598,0.39565,-0.898117
1137,0.108827,0.092289,0.324439,-0.545452,0.760307,-0.352787,-0.735813,-0.232744,0.63591,0.402053,0.605498,0.686842,-0.06338,-0.100255,0.020116,0.085997,0.112176,-0.646209,-1.906553,-0.107129,-0.019828,0.386555,0.564026,0.436508,0.700946,-0.487926,0.860987,-0.143391,-0.666782,-0.261694,0.697697,0.000546,-0.002961,-0.0022,0.0,0.0,0.0,0.089648,0.025636,0.034375,-0.016153,-0.600601,-0.390893,0.697482,0.430575,-0.893173,-0.129797,0.673709,0.222362,0.704749,-0.000405,0.003029,-0.006231,0.034288,0.008012,-0.004462,-0.069523,0.100636,0.077194,-0.100445,-0.609385,0.715756,-0.341089,-0.705167,-0.29259,0.645855,0.362475,0.6341,0.683028,-0.030907,-0.043826,0.007069,0.515327,-0.926671,-1.144294,-0.898117
1138,0.106161,0.088842,0.325014,-0.555045,0.746009,-0.368022,-0.739359,-0.239626,0.629206,0.381893,0.620411,0.685037,-0.063192,-0.089084,0.013003,-0.047429,-0.346603,0.304273,-1.906981,-0.107407,-0.019677,0.386009,0.563661,0.436585,0.701192,-0.487126,0.861256,-0.1445,-0.667676,-0.26068,0.697221,-0.000347,0.003501,-0.014371,0.034301,0.007987,-0.004487,0.088855,0.025497,0.03445,-0.01642,-0.600249,-0.390991,0.697729,0.429788,-0.893391,-0.130894,0.674524,0.221307,0.7043,-0.007008,0.000796,-0.007156,0.032258,0.023196,-0.033719,-0.064788,0.099304,0.075469,-0.100153,-0.618519,0.700866,-0.355273,-0.707684,-0.300371,0.639499,0.34149,0.646964,0.681777,-0.037276,-0.043467,0.007273,0.09838,-1.774805,1.530579,-0.890116
1139,0.104726,0.087128,0.325317,-0.559244,0.739819,-0.37411,-0.741241,-0.24406,0.625274,0.371977,0.626067,0.685347,-0.074951,-0.086123,0.014938,-0.01089,0.151478,-0.071005,-1.907614,-0.107553,-0.019586,0.385683,0.563472,0.436608,0.70133,-0.486632,0.861428,-0.145136,-0.668197,-0.26007,0.69695,-0.000355,0.003541,-0.014345,0.034302,0.007981,-0.00449,0.09069,0.02543,0.034493,-0.016579,-0.600071,-0.391024,0.697864,0.429305,-0.893532,-0.131513,0.674989,0.220679,0.704052,-0.000854,0.006304,-0.01228,0.069961,0.004987,0.017659,-0.063808,0.098562,0.074576,-0.099998,-0.622412,0.694012,-0.361869,-0.709323,-0.304726,0.635611,0.33085,0.652295,0.681944,-0.037482,-0.043095,0.007499,-0.039388,0.142532,-0.076774,-0.889953
1140,0.101706,0.083552,0.326019,-0.578719,0.715515,-0.391366,-0.742591,-0.26385,0.61556,0.337897,0.645971,0.684524,-0.077598,-0.097969,0.021523,0.239985,-1.68507,1.596436,-1.907647,-0.107858,-0.019325,0.385002,0.568351,0.429799,0.701599,-0.475163,0.867594,-0.146404,-0.672317,-0.250717,0.696415,-0.015711,0.012345,-0.023293,1.232551,-0.233625,1.169568,0.091966,0.025278,0.034617,-0.016925,-0.603773,-0.384976,0.698033,0.419064,-0.898179,-0.132885,0.678117,0.212288,0.703626,-0.000136,0.002083,-0.00701,3.916018,-0.796366,3.838627,-0.060705,0.097081,0.072825,-0.099655,-0.640848,0.668989,-0.376519,-0.708082,-0.325665,0.626547,0.296534,0.668128,0.682401,-0.038778,-0.048971,0.01083,0.114696,0.084868,-0.560512,-0.885217
1141,0.098811,0.079957,0.326725,-0.589708,0.698479,-0.405484,-0.745274,-0.277092,0.606432,0.311953,0.658945,0.684473,-0.076933,-0.084876,0.015526,2.308676,-3.567233,-3.406731,-1.908009,-0.108258,-0.018931,0.384238,0.56819,0.429526,0.701897,-0.47355,0.868237,-0.147812,-0.673591,-0.24895,0.695817,-0.015879,0.013292,-0.022581,0.069359,0.008961,0.014875,0.094215,0.025079,0.034813,-0.017308,-0.604296,-0.383648,0.698312,0.415828,-0.899469,-0.134319,0.679642,0.209209,0.703077,-0.007879,0.006373,-0.011487,0.067842,0.020075,-0.011773,-0.059889,0.095634,0.071022,-0.0993,-0.646421,0.654292,-0.39248,-0.712637,-0.334002,0.616919,0.272556,0.678486,0.682179,-0.038435,-0.042394,0.007852,0.272234,-1.564206,1.719625,-0.889626
1142,0.095867,0.076704,0.32735,-0.593927,0.689637,-0.414363,-0.748652,-0.285055,0.598528,0.295386,0.664838,0.686123,-0.065684,-0.085225,0.015225,0.167067,-0.300952,0.31619,-1.907902,-0.108713,-0.018456,0.383436,0.567989,0.429254,0.702225,-0.471805,0.868919,-0.149372,-0.674985,-0.247023,0.695153,-0.002142,0.014939,-0.022816,0.070026,0.004739,0.017508,0.102333,0.024846,0.035053,-0.017706,-0.604076,-0.383393,0.698642,0.414066,-0.900044,-0.135897,0.680912,0.207192,0.702445,-0.007937,0.006727,-0.011218,0.069317,0.00883,0.014744,-0.049928,0.094157,0.069394,-0.098989,-0.653933,0.641403,-0.401212,-0.713437,-0.346342,0.609141,0.251748,0.684578,0.684086,-0.038649,-0.041255,0.008561,0.554299,-1.861037,1.416553,-0.890606
1143,0.094444,0.075101,0.327653,-0.59817,0.683672,-0.418127,-0.749141,-0.291644,0.59473,0.285396,0.668135,0.687147,-0.077613,-0.081641,0.017553,0.054194,0.253676,-0.267704,-1.908176,-0.108985,-0.018161,0.382968,0.567851,0.429113,0.702423,-0.470779,0.869313,-0.150318,-0.675818,-0.245879,0.694749,-0.015883,0.01338,-0.022505,0.06941,0.008706,0.014756,0.099921,0.024715,0.035199,-0.017942,-0.603933,-0.38326,0.698839,0.413028,-0.900376,-0.136852,0.681668,0.20599,0.702064,-0.008611,0.011247,-0.01633,0.103655,0.016671,0.010209,-0.048785,0.093449,0.06859,-0.098839,-0.657356,0.635022,-0.405745,-0.713998,-0.352639,0.604856,0.241016,0.687308,0.685214,-0.032304,-0.036693,0.004196,0.249046,-0.107405,-0.293331,-0.884401
1144,0.091804,0.07199,0.328303,-0.608945,0.664114,-0.433801,-0.750702,-0.305736,0.585614,0.257039,0.681436,0.685276,-0.065404,-0.079994,0.018775,0.212213,-1.72277,1.684078,-1.908247,-0.109543,-0.017482,0.381958,0.566635,0.426791,0.704815,-0.467915,0.870752,-0.15093,-0.678823,-0.24482,0.692189,-0.017396,0.023405,-0.031978,0.102069,0.025625,0.014139,0.093128,0.024442,0.03553,-0.018435,-0.602455,-0.38086,0.701422,0.410114,-0.901636,-0.137324,0.684729,0.204932,0.699391,-0.001187,0.008209,-0.010837,0.075061,-0.022257,0.037897,-0.052541,0.092124,0.067031,-0.098516,-0.66772,0.615537,-0.418644,-0.713213,-0.367878,0.59665,0.21325,0.696978,0.684649,-0.032733,-0.04011,0.009358,-0.132413,0.269969,-0.251435,-0.879828
1145,0.089162,0.069021,0.329157,-0.618445,0.646527,-0.446736,-0.75201,-0.32178,0.575248,0.228928,0.690905,0.685761,-0.064278,-0.074009,0.023078,0.148589,-0.219148,0.44184,-1.908103,-0.110079,-0.016687,0.38098,0.564103,0.42282,0.709227,-0.464667,0.872572,-0.150453,-0.68315,-0.245227,0.687774,-0.002733,0.018316,-0.020248,0.010651,0.32289,0.188777,0.088247,0.02417,0.035923,-0.018927,-0.600641,-0.378192,0.704415,0.407031,-0.902971,-0.137727,0.688153,0.203994,0.696297,-0.008113,0.007806,-0.010396,-0.058964,0.677072,0.30273,-0.059889,0.09083,0.065568,-0.098103,-0.676423,0.596625,-0.431844,-0.713058,-0.383707,0.586784,0.184388,0.704844,0.684977,-0.031941,-0.036427,0.012009,0.203321,0.446517,-0.03808,-0.871338
1146,0.087923,0.067672,0.329653,-0.625661,0.636518,-0.451042,-0.750449,-0.333053,0.570854,0.213912,0.694853,0.686621,-0.063316,-0.070025,0.026004,0.821179,-0.627368,-1.182055,-1.90811,-0.110337,-0.016283,0.380502,0.565083,0.417727,0.711461,-0.458055,0.87607,-0.150401,-0.686802,-0.241436,0.685474,-0.017806,0.02589,-0.030081,0.139772,0.39459,0.103645,0.088826,0.02404,0.036133,-0.019173,-0.601092,-0.372674,0.706966,0.400121,-0.906096,-0.137445,0.691802,0.200255,0.693762,-0.00813,0.007926,-0.010303,0.322286,0.475254,0.595836,-0.060869,0.090181,0.064863,-0.097848,-0.680824,0.586765,-0.438389,-0.712722,-0.392755,0.58118,0.168837,0.708131,0.685597,-0.031656,-0.035015,0.012942,2.665895,-2.907424,-3.686814,-0.870521
1147,0.085487,0.064693,0.330928,-0.640918,0.611098,-0.464573,-0.747157,-0.357662,0.560184,0.176961,0.705381,0.686404,-0.052236,-0.080478,0.034408,1.190183,-2.531673,0.669212,-1.907682,-0.110875,-0.015458,0.379445,0.566749,0.407663,0.715959,-0.444686,0.882905,-0.15055,-0.694185,-0.233578,0.680743,-0.017315,0.023206,-0.032072,0.076423,0.164731,0.076237,0.089895,0.023769,0.036551,-0.019696,-0.60151,-0.361763,0.712258,0.386081,-0.912195,-0.137263,0.699375,0.192424,0.688364,-0.007963,0.00703,-0.010966,0.035931,0.188586,0.094733,-0.060052,0.088941,0.063351,-0.097198,-0.695402,0.559636,-0.450802,-0.706584,-0.418151,0.570866,0.130973,0.715511,0.686213,-0.026034,-0.040012,0.017397,1.229282,-2.507413,0.655459,-0.876726
1148,0.082991,0.061486,0.332667,-0.655142,0.585584,-0.477415,-0.742499,-0.382047,0.550189,0.140598,0.714203,0.685692,-0.06427,-0.082602,0.048664,2.726694,-2.645272,-3.804435,-1.908134,-0.111435,-0.014681,0.378294,0.564351,0.399453,0.722452,-0.436174,0.887285,-0.14971,-0.701507,-0.23114,0.674037,-0.001973,0.014041,-0.023419,0.02381,0.256165,0.130699,0.088099,0.02349,0.036935,-0.020263,-0.598964,-0.354085,0.718237,0.377429,-0.915882,-0.13677,0.706249,0.189163,0.682223,-0.007719,0.005667,-0.011985,-0.014598,0.456777,0.18243,-0.060542,0.08774,0.061807,-0.096367,-0.704839,0.536006,-0.464648,-0.702669,-0.437766,0.560906,0.097242,0.721843,0.68519,-0.031985,-0.040851,0.024711,0.475351,-0.039605,0.659772,-0.87591
1149,0.080671,0.058267,0.334605,-0.658715,0.573267,-0.487345,-0.742977,-0.393171,0.541639,0.119708,0.718159,0.685525,-0.063958,-0.079929,0.050994,0.160309,0.236641,0.255643,-1.90732,-0.11185,-0.014148,0.377164,0.567332,0.379597,0.730775,-0.411703,0.89929,-0.147351,-0.713801,-0.217755,0.665533,-0.00108,0.00888,-0.027308,1.213521,0.132074,1.289707,0.086349,0.023275,0.037217,-0.020835,-0.600181,-0.335097,0.726286,0.353747,-0.925587,-0.134725,0.717387,0.176063,0.674059,-0.00791,0.007943,-0.018852,4.030005,-0.153437,3.721551,-0.063808,0.086558,0.06017,-0.095377,-0.710825,0.519402,-0.474286,-0.699664,-0.453037,0.552474,0.072087,0.724554,0.685437,-0.026739,-0.047243,0.02826,0.400666,0.438139,0.116843,-0.872644
1150,0.079588,0.056491,0.335685,-0.663505,0.564099,-0.491526,-0.7407,-0.402332,0.538018,0.106559,0.720349,0.685396,-0.053329,-0.093416,0.057473,0.156144,-0.133549,-0.141589,-1.907479,-0.11202,-0.014012,0.376556,0.564626,0.371746,0.736881,-0.404723,0.902804,-0.145181,-0.719914,-0.21674,0.659249,-0.000379,0.004797,-0.030408,4.01623,-0.102347,3.946236,0.086977,0.023189,0.037289,-0.021135,-0.596426,-0.330601,0.731422,0.35054,-0.927031,-0.133173,0.722078,0.176965,0.668795,-0.00697,0.001315,-0.015279,0.034298,0.236716,-0.161535,-0.064134,0.086032,0.059322,-0.094861,-0.713692,0.511863,-0.478161,-0.697915,-0.461513,0.547649,0.059644,0.724569,0.686615,-0.026622,-0.04665,0.028716,2.69885,-2.770511,-3.563254,-0.875093
1151,0.07749,0.052771,0.338219,-0.669928,0.54977,-0.498993,-0.738187,-0.421114,0.526988,0.080418,0.72071,0.688577,-0.052857,-0.097731,0.070898,-0.020943,0.064086,0.38337,-1.908141,-0.11235,-0.013931,0.375235,0.55606,0.364365,0.747012,-0.401834,0.904605,-0.141963,-0.728151,-0.221706,0.648465,-0.013129,-0.002444,-0.034496,0.021757,0.279153,0.07566,0.088607,0.023029,0.037332,-0.021795,-0.588102,-0.318746,0.743328,0.341658,-0.930944,-0.128887,0.733079,0.178165,0.656392,-0.006472,-0.001644,-0.017561,0.017285,0.309698,0.05843,-0.062501,0.084942,0.057387,-0.093554,-0.719834,0.49606,-0.485552,-0.69338,-0.481017,0.536513,0.032583,0.722873,0.690211,-0.026369,-0.048627,0.035672,-0.047334,0.055584,0.375859,-0.871991
1152,0.07565,0.048691,0.341182,-0.677822,0.53032,-0.509276,-0.733577,-0.440821,0.517216,0.050629,0.723514,0.68847,-0.041548,-0.109532,0.079305,-0.023987,0.129458,0.444948,-1.907896,-0.112594,-0.013977,0.37373,0.548766,0.346768,0.760657,-0.387271,0.911822,-0.136139,-0.741457,-0.220321,0.63369,0.001005,-0.003393,-0.03683,-0.004013,0.42119,0.17864,0.083453,0.022902,0.037305,-0.02255,-0.580014,-0.301817,0.75663,0.326637,-0.937059,-0.123398,0.746251,0.175571,0.642092,-0.006177,-0.003461,-0.019011,-0.027553,0.553129,0.17075,-0.065604,0.084039,0.055393,-0.092099,-0.726728,0.475419,-0.495824,-0.686919,-0.500095,0.527301,0.002729,0.723796,0.690008,-0.020031,-0.049151,0.035784,0.163088,0.183851,0.491749,-0.878032
1153,0.074818,0.0466,0.342742,-0.685297,0.513537,-0.516422,-0.727778,-0.455883,0.512329,0.028519,0.726299,0.686806,-0.041229,-0.108297,0.08062,0.092195,-0.426189,0.187438,-1.908099,-0.112635,-0.014043,0.372954,0.545687,0.338832,0.766427,-0.380147,0.915164,-0.133778,-0.747395,-0.218792,0.627211,0.00127,-0.00496,-0.038111,-0.014348,0.483926,0.176804,0.081505,0.022882,0.037272,-0.022938,-0.576805,-0.294346,0.762007,0.319317,-0.939847,-0.121333,0.751885,0.173337,0.636098,0.000656,-0.002483,-0.019049,-0.046925,0.646951,0.28182,-0.068543,0.083609,0.054308,-0.091288,-0.732408,0.459089,-0.502806,-0.680586,-0.514776,0.521351,-0.019486,0.724046,0.689476,-0.020622,-0.054081,0.040397,0.035232,-0.475198,0.178302,-0.873624
1154,0.073217,0.042356,0.346034,-0.69802,0.489512,-0.522678,-0.716081,-0.484749,0.502212,-0.006666,0.724224,0.689552,-0.040551,-0.105798,0.083275,2.717134,-2.742847,-3.438975,-1.907989,-0.112529,-0.014241,0.371377,0.538827,0.32793,0.775963,-0.371687,0.919147,-0.130195,-0.756571,-0.218687,0.616149,0.001669,-0.007267,-0.040081,0.02277,0.277998,0.081933,0.077163,0.022935,0.037169,-0.023741,-0.568712,-0.283256,0.772225,0.310407,-0.943324,-0.117414,0.761717,0.172929,0.624404,0.000883,-0.003785,-0.020155,0.029861,0.241577,0.065447,-0.073442,0.082824,0.052227,-0.089672,-0.740967,0.438277,-0.508802,-0.669651,-0.539017,0.510906,-0.050335,0.719285,0.692887,-0.020301,-0.052861,0.041695,-0.188231,0.006132,0.347111,-0.873624
1155,0.071747,0.038233,0.349341,-0.710466,0.467938,-0.525658,-0.702587,-0.514934,0.491106,-0.039993,0.717652,0.695271,-0.040011,-0.103767,0.085535,0.217606,0.321183,0.540262,-1.908342,-0.112263,-0.014519,0.369818,0.533391,0.31872,0.783519,-0.363637,0.922717,-0.127646,-0.764295,-0.217245,0.607059,0.001719,-0.007477,-0.040451,0.046456,0.145118,0.020073,0.075495,0.023068,0.03703,-0.024508,-0.562727,-0.27429,0.779809,0.302109,-0.946328,-0.114853,0.769459,0.170956,0.61539,0.007748,-0.002713,-0.02019,0.055328,0.096312,0.034539,-0.076871,0.082074,0.050127,-0.087987,-0.75458,0.410123,-0.512255,-0.650421,-0.570876,0.50105,-0.086942,0.711265,0.697525,-0.020043,-0.051862,0.042816,0.126354,0.266861,0.515159,-0.87542
1156,0.070284,0.034131,0.352802,-0.728373,0.436556,-0.528145,-0.681027,-0.546387,0.487479,-0.074858,0.714204,0.695943,-0.040673,-0.11202,0.096551,-0.214916,0.031387,0.32517,-1.908458,-0.111869,-0.014792,0.368266,0.528254,0.309015,0.790853,-0.355238,0.926405,-0.124552,-0.771777,-0.215547,0.598133,0.001685,-0.007148,-0.040401,0.039668,0.184351,0.03908,0.074922,0.023266,0.036889,-0.0253,-0.557113,-0.265014,0.787014,0.293443,-0.949396,-0.111971,0.776863,0.168563,0.606687,0.000866,-0.003575,-0.020204,0.046155,0.150142,0.023375,-0.077851,0.081343,0.048075,-0.086256,-0.769588,0.378686,-0.51413,-0.626882,-0.601221,0.49553,-0.121456,0.703653,0.700085,-0.020357,-0.055954,0.048352,-0.261629,0.003323,0.314451,-0.872644
1157,0.069484,0.032061,0.354614,-0.737316,0.422396,-0.527249,-0.669253,-0.563321,0.484503,-0.091446,0.709567,0.698698,-0.040711,-0.111812,0.097097,0.229272,0.40911,0.275766,-1.908479,-0.111612,-0.014938,0.367486,0.526482,0.302668,0.794481,-0.348338,0.929226,-0.123022,-0.776123,-0.212373,0.593628,0.015436,-0.004809,-0.040226,0.040179,0.196135,0.084058,0.075161,0.023389,0.036818,-0.025675,-0.55511,-0.258915,0.790452,0.286416,-0.9517,-0.110591,0.780908,0.165008,0.602456,0.007738,-0.002406,-0.020115,0.042032,0.222727,0.10353,-0.078504,0.080959,0.047084,-0.085386,-0.777772,0.362002,-0.513832,-0.613271,-0.616186,0.494179,-0.137723,0.699477,0.701258,-0.019582,-0.050215,0.044583,-0.009846,-0.152169,-0.170235,-0.866602
1158,0.067976,0.028526,0.358027,-0.755817,0.387025,-0.528203,-0.642387,-0.594721,0.483341,-0.126133,0.704145,0.698783,-0.03402,-0.072531,0.077463,-0.044147,0.117401,0.261223,-1.909341,-0.11117,-0.015175,0.365983,0.521119,0.292958,0.801625,-0.339925,0.932761,-0.119762,-0.783438,-0.210463,0.584631,0.015464,-0.004639,-0.040299,-0.035501,0.613836,0.282302,0.076243,0.023616,0.036698,-0.026441,-0.550375,-0.25065,0.796405,0.277933,-0.954472,-0.108326,0.787299,0.161727,0.594981,0.007754,-0.002324,-0.020158,-0.023699,0.552178,0.254008,-0.077198,0.080199,0.045294,-0.083677,-0.793153,0.326446,-0.51414,-0.584267,-0.646103,0.491102,-0.171869,0.689915,0.70319,-0.017767,-0.041642,0.043017,0.054949,0.239207,0.04188,-0.859091
1159,0.066908,0.025638,0.360984,-0.7712,0.332921,-0.542641,-0.609191,-0.633484,0.477028,-0.183987,0.69804,0.692038,-0.02182,-0.076986,0.07493,2.974022,-3.261236,-3.070408,-1.910244,-0.110749,-0.01539,0.364402,0.517403,0.279992,0.808634,-0.32566,0.938263,-0.116362,-0.791916,-0.203499,0.575603,0.001678,-0.006733,-0.040589,1.351121,0.140216,1.287017,0.078127,0.023826,0.03659,-0.027233,-0.54486,-0.237361,0.80423,0.263635,-0.958954,-0.104416,0.796005,0.155132,0.585072,0.000866,-0.003358,-0.0203,1.353778,0.196928,1.323721,-0.076544,0.079664,0.04386,-0.082191,-0.803198,0.276335,-0.52774,-0.551822,-0.678872,0.484379,-0.224418,0.680272,0.697757,-0.010381,-0.033419,0.032969,0.551988,-2.013505,1.974882,-0.860887
1160,0.066442,0.024265,0.362329,-0.779087,0.305054,-0.547733,-0.589355,-0.654363,0.473753,-0.212932,0.691522,0.690279,-0.020796,-0.06715,0.065828,0.691905,-0.838491,-0.911584,-1.910421,-0.110608,-0.01552,0.363545,0.511719,0.275305,0.813844,-0.324004,0.939147,-0.113828,-0.796274,-0.2058,0.568733,0.00193,-0.008121,-0.041841,-0.058963,0.756793,0.318082,0.08081,0.023895,0.036534,-0.027628,-0.540564,-0.234024,0.808098,0.261702,-0.959652,-0.102853,0.799563,0.155882,0.579998,0.007957,-0.003237,-0.021067,0.018851,0.304199,0.103222,-0.074258,0.079438,0.043197,-0.081539,-0.808836,0.247867,-0.53324,-0.530618,-0.698474,0.480185,-0.253432,0.671338,0.696474,-0.009835,-0.028419,0.02846,-0.135287,-0.15087,0.145126,-0.86056
1161,0.065536,0.022199,0.364549,-0.793435,0.244477,-0.557439,-0.542884,-0.698427,0.466313,-0.274346,0.672307,0.687579,-0.01752,-0.044336,0.049776,1.040585,-0.644141,-0.803958,-1.910449,-0.110482,-0.015872,0.361913,0.50486,0.261935,0.822495,-0.310258,0.944218,-0.110118,-0.806067,-0.199934,0.556908,0.003633,-0.019181,-0.033578,-0.005546,0.265967,0.059793,0.076118,0.02396,0.03635,-0.028476,-0.530705,-0.219133,0.818738,0.247154,-0.964026,-0.097814,0.810719,0.150444,0.565773,0.001852,-0.009654,-0.016842,0.006806,0.200158,0.029577,-0.074911,0.078968,0.04211,-0.080382,-0.81954,0.181254,-0.543598,-0.477355,-0.740745,0.47268,-0.316993,0.64687,0.693593,-0.008781,-0.022087,0.024962,1.155752,-0.573098,-0.776976,-0.864969
1162,0.064635,0.020531,0.366569,-0.802582,0.184508,-0.567331,-0.496231,-0.734362,0.463075,-0.330192,0.652951,0.681657,-0.030241,-0.040533,0.052325,0.778888,-0.845229,-0.892529,-1.910718,-0.110269,-0.016372,0.360368,0.494123,0.245311,0.83406,-0.296302,0.949428,-0.103566,-0.81788,-0.196281,0.540749,0.01749,-0.016555,-0.033345,-0.055819,0.545232,0.231619,0.070164,0.02406,0.036105,-0.029237,-0.520104,-0.204095,0.829358,0.232981,-0.968106,-0.092133,0.821712,0.145306,0.551067,0.001082,-0.004567,-0.021589,-0.064191,0.781793,0.33147,-0.082749,0.078529,0.041293,-0.07939,-0.824017,0.122364,-0.553192,-0.428862,-0.772759,0.467888,-0.370232,0.622791,0.689244,-0.008772,-0.022252,0.024956,2.969248,-2.733737,-3.361014,-0.863336
1163,0.063662,0.018939,0.368561,-0.806329,0.137956,-0.575194,-0.458808,-0.759637,0.460889,-0.372357,0.635356,0.676535,-0.029632,-0.038775,0.053751,0.792613,-0.839578,-0.882942,-1.910575,-0.109843,-0.017002,0.358972,0.48186,0.236496,0.843725,-0.294456,0.950577,-0.098144,-0.825815,-0.201459,0.5266,0.017694,-0.017315,-0.034268,-0.028568,0.39166,0.124931,0.070371,0.024273,0.035792,-0.029933,-0.506854,-0.195544,0.839559,0.230905,-0.969138,-0.086324,0.83053,0.150106,0.536364,0.001806,-0.009307,-0.016821,-0.046169,0.490887,0.168229,-0.086015,0.078041,0.040492,-0.078397,-0.824215,0.075645,-0.5612,-0.389597,-0.794957,0.465034,-0.410953,0.60193,0.684687,-0.014146,-0.014248,0.02243,3.047155,-2.640773,-3.493687,-0.865132
1164,0.063153,0.018291,0.369543,-0.809526,0.116032,-0.575543,-0.439155,-0.770322,0.462298,-0.388709,0.626847,0.675274,-0.02753,-0.026241,0.046412,-0.103335,-0.11343,0.226545,-1.910775,-0.109502,-0.017376,0.358352,0.475871,0.231878,0.848393,-0.29367,0.95113,-0.0951,-0.829554,-0.204197,0.519621,0.031582,-0.01432,-0.033607,-0.045332,0.49023,0.24255,0.07297,0.024438,0.035602,-0.030245,-0.501239,-0.191893,0.843763,0.230164,-0.969539,-0.083768,0.834136,0.152216,0.530138,0.009656,-0.013718,-0.012578,-0.125152,0.737135,0.300807,-0.085689,0.077785,0.040162,-0.077905,-0.825803,0.052101,-0.561546,-0.367723,-0.804687,0.466109,-0.427585,0.591408,0.683671,-0.008005,-0.019992,0.026668,-0.081297,-0.064126,0.002004,-0.869378
1165,0.06196,0.017193,0.371546,-0.814814,0.072922,-0.575157,-0.397844,-0.79197,0.463114,-0.420727,0.606081,0.675042,-0.04013,-0.021977,0.0492,0.828059,-0.844076,-0.892778,-1.910676,-0.108641,-0.018222,0.357203,0.467712,0.225867,0.85453,-0.292788,0.951785,-0.091187,-0.834485,-0.207843,0.510195,0.019355,-0.027218,-0.02526,-0.055259,0.345305,0.078886,0.080547,0.024873,0.035185,-0.030821,-0.492431,-0.186012,0.850241,0.22908,-0.970149,-0.07957,0.839662,0.15559,0.520344,0.008815,-0.007977,-0.01678,-0.028634,0.365303,0.364413,-0.078504,0.07718,0.039607,-0.076883,-0.827509,0.00932,-0.561373,-0.325411,-0.822757,0.466022,-0.457531,0.568315,0.683872,-0.02009,-0.010966,0.024635,0.823728,-0.859989,-0.903311,-0.871011
1166,0.060544,0.016205,0.373514,-0.816901,0.017657,-0.576547,-0.345799,-0.815021,0.464904,-0.460677,0.579124,0.672621,-0.041529,-0.032367,0.058261,3.04502,-2.551562,-3.708974,-1.910866,-0.107578,-0.019035,0.356221,0.464001,0.222419,0.857452,-0.292096,0.952222,-0.088804,-0.836792,-0.209546,0.505699,0.032878,-0.021292,-0.022198,-0.002033,0.014323,-0.015672,0.091103,0.025413,0.034764,-0.031325,-0.487992,-0.182394,0.853578,0.228272,-0.970556,-0.076887,0.842469,0.157328,0.515258,0.016435,-0.010535,-0.011018,0.004547,-0.021867,-0.033125,-0.0674,0.076488,0.039126,-0.07592,-0.825408,-0.041646,-0.562998,-0.276149,-0.840032,0.466998,-0.492385,0.540935,0.681868,-0.020148,-0.010994,0.024628,-0.045436,-0.142773,0.131902,-0.871664
1167,0.059778,0.015757,0.374499,-0.815019,0.000298,-0.579473,-0.33025,-0.821969,0.463977,-0.475161,0.569517,0.670746,-0.04015,-0.021729,0.049436,-0.120575,-0.079113,0.220892,-1.910353,-0.106997,-0.019408,0.355803,0.462532,0.22024,0.858807,-0.291564,0.952542,-0.087115,-0.83779,-0.210393,0.503693,0.032531,-0.018975,-0.020293,-0.002359,0.016302,-0.014694,0.100634,0.025691,0.034583,-0.031529,-0.486424,-0.180315,0.854913,0.2277,-0.970822,-0.075206,0.84353,0.158082,0.513289,0.009183,-0.010337,-0.009987,0.002967,-0.012014,-0.032982,-0.059889,0.076104,0.038898,-0.075425,-0.821976,-0.063721,-0.565944,-0.255022,-0.847346,0.465797,-0.509232,0.527203,0.680249,-0.020121,-0.010876,0.024725,-0.111339,0.001785,0.025154,-0.87493
1168,0.058163,0.014913,0.376406,-0.811502,-0.039665,-0.583041,-0.292387,-0.836305,0.463762,-0.50499,0.546863,0.667797,-0.041128,-0.023906,0.047874,0.834178,-0.748878,-1.053249,-1.910636,-0.105895,-0.020105,0.355009,0.457879,0.213925,0.862887,-0.290189,0.953394,-0.082245,-0.840813,-0.213023,0.497511,0.032257,-0.016723,-0.018522,-0.076362,0.461573,0.237537,0.119013,0.026243,0.034234,-0.031926,-0.482984,-0.175702,0.857819,0.226451,-0.971396,-0.071466,0.84584,0.159737,0.508957,0.016181,-0.008581,-0.009472,-0.084397,0.518353,0.23411,-0.037028,0.075298,0.038481,-0.074467,-0.815447,-0.101749,-0.569818,-0.217775,-0.858168,0.464888,-0.536302,0.503184,0.677632,-0.020659,-0.012311,0.023794,3.08529,-2.6142,-3.488504,-0.879502
1169,0.0566,0.013843,0.378153,-0.805967,-0.071124,-0.58771,-0.260653,-0.848742,0.460075,-0.530538,0.524079,0.666257,-0.030325,-0.032221,0.042273,0.165812,-0.299156,-0.0955,-1.910615,-0.104772,-0.020656,0.354361,0.457511,0.210421,0.863943,-0.288874,0.954046,-0.079257,-0.841467,-0.213587,0.496163,0.017334,-0.014299,-0.014638,-0.004682,0.030297,-0.012439,0.140729,0.02681,0.033955,-0.032254,-0.48078,-0.170788,0.860047,0.224835,-0.972066,-0.067347,0.847525,0.16099,0.505749,0.015679,-0.005609,-0.006916,0.003764,-0.017403,0.001295,-0.013841,0.07453,0.037959,-0.073603,-0.807625,-0.132716,-0.574566,-0.185068,-0.868074,0.460647,-0.559902,0.478364,0.676517,-0.015073,-0.016027,0.021317,3.10566,-2.611163,-3.451594,-0.880319
1170,0.055901,0.013386,0.378888,-0.80204,-0.082578,-0.591572,-0.250071,-0.853023,0.458025,-0.541453,0.515388,0.664252,-0.043143,-0.028333,0.044705,-0.126101,-0.056872,0.207247,-1.91091,-0.104271,-0.02087,0.354109,0.454275,0.206331,0.866634,-0.288133,0.954528,-0.076091,-0.843469,-0.215411,0.491957,0.016979,-0.012266,-0.012874,-0.023315,0.140729,0.04219,0.153126,0.027061,0.033847,-0.03238,-0.477339,-0.16694,0.862715,0.224047,-0.97246,-0.064211,0.849676,0.162639,0.501596,0.015465,-0.004376,-0.005842,-0.021048,0.128307,0.073136,0.002651,0.074152,0.037709,-0.073209,-0.802507,-0.145068,-0.578737,-0.172984,-0.871756,0.458385,-0.571015,0.46797,0.674496,-0.021647,-0.014276,0.022291,-0.132007,-0.051371,0.20523,-0.881625
