frame,MLTx,MLTy,MLTz,MLTR1,MLTR2,MLTR3,MLTR4,MLTR5,MLTR6,MLTR7,MLTR8,MLTR9,MLTTVx,MLTTVy,MLTTVz,MLTRVx,MLTRVy,MLTRVz,MLGA,MRTx,MRTy,MRTz,MRTR1,MRTR2,MRTR3,MRTR4,MRTR5,MRTR6,MRTR7,MRTR8,MRTR9,MRTTVx,MRTTVy,MRTTVz,MRTRVx,MRTRVy,MRTRVz,MRGA,SLTx,SLTy,SLTz,SLTR1,SLTR2,SLTR3,SLTR4,SLTR5,SLTR6,SLTR7,SLTR8,SLTR9,SLTTVx,SLTTVy,SLTTVz,SLTRVx,SLTRVy,SLTRVz,SLGA,SRTx,SRTy,SRTz,SRTR1,SRTR2,SRTR3,SRTR4,SRTR5,SRTR6,SRTR7,SRTR8,SRTR9,SRTTVx,SRTTVy,SRTTVz,SRTRVx,SRTRVy,SRTRVz,SRGA
426,0.156615,-0.041196,0.313005,-0.140932,0.276364,-0.950687,-0.143222,-0.955812,-0.256678,-0.979445,0.099635,0.175468,-0.0,-0.0,-0.0,0.0,0.0,0.0,-0.378854,-0.17412,-0.03101,0.302039,-0.583951,-0.800226,0.136496,0.661762,-0.372037,0.650842,-0.469296,0.471392,0.746602,0.000159,0.005853,0.006968,0.114798,-0.196293,0.139853,-1.40356,0.041066,0.028023,-0.018868,0.592487,0.793084,0.141332,-0.660936,0.378262,0.648136,0.460566,-0.477424,0.748293,0.000479,-0.002845,0.007325,0.080174,-0.098963,-0.059069,-0.876342,0.076545,0.021946,-0.061521,0.147362,-0.268413,-0.951965,0.135432,0.958883,-0.249399,0.979766,-0.092175,0.177655,-1e-06,1e-06,0.0,5e-06,-2.1e-05,-2.3e-05,-0.522549
427,0.156719,-0.041225,0.313019,-0.14084,0.276508,-0.950659,-0.143317,-0.955761,-0.256815,-0.979444,0.099725,0.175419,-0.0,-0.0,-0.0,0.0,0.0,0.0,-0.380338,-0.173953,-0.031159,0.302508,-0.58226,-0.801133,0.138386,0.664125,-0.370685,0.649204,-0.468061,0.470917,0.747676,0.000951,-0.006552,0.013614,0.017026,-0.044885,-0.021658,-1.403218,0.041149,0.027954,-0.018636,0.590698,0.794113,0.143033,-0.663355,0.377008,0.646394,0.459386,-0.476705,0.749477,0.000459,-0.003585,0.006436,0.003843,-0.032458,-0.051423,-0.877321,0.076597,0.021931,-0.061514,0.147271,-0.268558,-0.951938,0.135528,0.958834,-0.249536,0.979766,-0.092265,0.177606,-1e-06,-0.0,-2e-06,6e-06,0.0,-1.4e-05,-0.522875
428,0.156824,-0.04124,0.313032,-0.140724,0.276681,-0.950626,-0.143389,-0.955703,-0.256989,-0.97945,0.099794,0.175345,8e-06,7.2e-05,8.5e-05,0.0,0.0,0.0,-0.380866,-0.17385,-0.03122,0.302682,-0.585462,-0.798892,0.137829,0.663371,-0.374534,0.647764,-0.465128,0.471676,0.749027,0.000909,-0.008115,0.011755,0.273032,-0.233739,-0.186985,-1.403256,0.0412,0.027925,-0.018545,0.594874,0.791026,0.14283,-0.661394,0.3807,0.646239,0.456817,-0.478898,0.749649,3.9e-05,0.001699,0.002015,0.553692,-0.344893,-0.201336,-0.875689,0.076649,0.021924,-0.061507,0.147157,-0.268732,-0.951907,0.1356,0.958779,-0.249709,0.979773,-0.092333,0.177531,3e-06,4e-05,4.6e-05,3e-06,1.7e-05,2e-05,-0.523365
429,0.157129,-0.041275,0.313101,-0.145002,0.280465,-0.948872,-0.144548,-0.954673,-0.260147,-0.97865,0.09908,0.18015,0.015553,0.000506,0.000518,-0.018571,0.180159,0.137574,-0.382302,-0.173613,-0.031346,0.302978,-0.588529,-0.796318,0.139653,0.663622,-0.377333,0.645879,-0.460881,0.473796,0.750313,0.01527,0.002708,0.001779,0.139169,-0.123423,-0.045413,-1.403329,0.041314,0.027857,-0.018395,0.597231,0.788955,0.144441,-0.662415,0.38364,0.643448,0.452238,-0.479967,0.751738,0.000441,-0.004379,0.005493,0.164817,-0.144744,-0.082717,-0.875852,0.076796,0.021905,-0.061474,0.15111,-0.272225,-0.950293,0.13673,0.957848,-0.252647,0.979014,-0.091756,0.181961,7.7e-05,0.000739,0.000866,-0.031963,0.290164,0.161773,-0.524019
430,0.157511,-0.041322,0.313332,-0.155889,0.289544,-0.944409,-0.147491,-0.952152,-0.267628,-0.976522,0.097204,0.192309,0.000508,-0.006296,0.013941,-0.083793,0.480001,0.273226,-0.385404,-0.173389,-0.031511,0.303195,-0.586586,-0.796932,0.144249,0.66751,-0.375047,0.643198,-0.45774,0.474579,0.751739,3.6e-05,0.001452,0.001721,0.00509,-0.017308,0.022924,-1.403364,0.041431,0.027774,-0.018288,0.594813,0.789943,0.148953,-0.666707,0.38126,0.640423,0.449108,-0.48024,0.753439,0.008026,-0.005161,0.003847,-0.051769,-0.002665,0.011679,-0.876832,0.076992,0.021878,-0.061364,0.161918,-0.281179,-0.945896,0.13973,0.95542,-0.260091,0.97686,-0.090056,0.193988,0.000265,-0.003026,0.007109,-0.097827,0.575441,0.327594,-0.526141
431,0.15773,-0.041363,0.313538,-0.162247,0.295174,-0.941591,-0.149469,-0.950525,-0.272276,-0.975178,0.096189,0.19951,0.000619,-0.005228,0.015191,-0.074571,0.38507,0.220463,-0.387,-0.173256,-0.031609,0.303276,-0.591335,-0.793429,0.144171,0.665075,-0.378897,0.643464,-0.455165,0.477383,0.751527,0.016063,-0.010249,0.007782,-0.034357,-0.004644,0.011051,-1.403049,0.041492,0.027731,-0.018249,0.599579,0.786342,0.148894,-0.664136,0.385059,0.640821,0.446572,-0.483109,0.753112,-0.0,7.8e-05,9.2e-05,-0.002748,0.001771,0.00121,-0.880424,0.077102,0.021857,-0.06126,0.168989,-0.287238,-0.942834,0.141891,0.953717,-0.265122,0.97535,-0.088977,0.201924,0.000319,-0.002491,0.007736,-0.075081,0.392664,0.22457,-0.527448
432,0.158284,-0.041499,0.314222,-0.177007,0.303456,-0.936284,-0.155306,-0.947949,-0.277932,-0.971675,0.09583,0.216085,0.016398,-0.002317,0.018475,-0.052202,0.149781,0.125537,-0.390863,-0.173037,-0.031758,0.303416,-0.595437,-0.78932,0.149732,0.66537,-0.380221,0.642377,-0.449353,0.483113,0.751363,3e-06,0.000107,0.000127,0.0,-0.0,-0.0,-1.403117,0.041607,0.027655,-0.01818,0.603665,0.782126,0.154485,-0.664379,0.386421,0.639749,0.440668,-0.48883,0.752898,0.00761,0.000323,-0.000341,0.00131,-0.017317,0.032504,-0.881567,0.077367,0.02179,-0.060933,0.184506,-0.295565,-0.937335,0.147807,0.951207,-0.270845,0.971653,-0.088572,0.21919,0.008259,-0.006114,0.014072,-0.087332,0.148201,0.115464,-0.530387
433,0.158881,-0.041758,0.315174,-0.19106,0.312519,-0.930523,-0.162199,-0.944955,-0.284119,-0.967863,0.096251,0.23239,0.016499,-0.00113,0.019803,-0.067024,0.277709,0.197548,-0.401777,-0.172832,-0.031872,0.303518,-0.613351,-0.774395,0.155258,0.658828,-0.393417,0.641173,-0.434662,0.496524,0.751263,1e-05,0.000429,0.000508,0.000629,0.002595,0.003016,-1.40296,0.041709,0.027593,-0.018128,0.621427,0.766937,0.16011,-0.65766,0.399563,0.638617,0.425805,-0.502152,0.752683,0.007621,0.000599,-8e-06,0.008374,0.009348,0.067247,-0.886466,0.077666,0.021667,-0.060458,0.197745,-0.303979,-0.931929,0.154501,0.948484,-0.276595,0.968,-0.089289,0.234523,0.000616,-0.005052,0.01534,-0.120512,0.448825,0.268001,-0.535939
434,0.159146,-0.041932,0.315701,-0.196235,0.314862,-0.928655,-0.165233,-0.944092,-0.285238,-0.966307,0.097073,0.238444,0.016573,-0.011628,0.028766,-0.092848,0.199764,0.129005,-0.407705,-0.172725,-0.03192,0.303563,-0.622532,-0.767058,0.155137,0.653972,-0.401195,0.641324,-0.428903,0.501663,0.751159,0.01608,-0.009958,0.008117,-0.011258,0.091029,0.123126,-1.403134,0.041763,0.027568,-0.018105,0.630532,0.759499,0.159967,-0.65269,0.407311,0.638821,0.420028,-0.507206,0.75254,0.008045,-0.004971,0.004078,-0.010403,0.091623,0.124181,-0.888588,0.077811,0.021576,-0.060174,0.203411,-0.306857,-0.929764,0.157789,0.947479,-0.278183,0.966294,-0.090121,0.241146,0.008279,-0.005749,0.014452,-0.085033,0.157196,0.109925,-0.541654
435,0.159525,-0.042374,0.316836,-0.204649,0.322274,-0.924285,-0.170358,-0.941534,-0.290626,-0.963658,0.097576,0.248735,0.001018,-0.012443,0.027898,-0.080646,0.098532,0.035657,-0.41361,-0.17251,-0.032014,0.303673,-0.648749,-0.743862,0.16058,0.642033,-0.421916,0.640089,-0.407564,0.519288,0.751063,0.000863,-0.010419,0.00902,0.043476,0.329119,0.355622,-1.403141,0.04187,0.027526,-0.018054,0.656152,0.736253,0.165516,-0.64071,0.427653,0.637654,0.398691,-0.524446,0.75233,0.007616,0.000687,7.7e-05,0.270113,1.054186,1.291277,-0.891854,0.078,0.021364,-0.059613,0.211978,-0.314352,-0.925336,0.162928,0.94497,-0.283699,0.963596,-0.090625,0.251529,0.008205,-0.006436,0.013626,-0.07152,0.033975,0.03719,-0.548512
436,0.159687,-0.042912,0.317878,-0.215999,0.327022,-0.920025,-0.169719,-0.940448,-0.294493,-0.961278,0.092122,0.259781,0.000811,-0.014539,0.025446,-0.095979,0.231853,0.107416,-0.414325,-0.172238,-0.032229,0.303906,-0.68085,-0.712852,0.168156,0.627047,-0.448891,0.636587,-0.377445,0.539756,0.752371,0.00088,-0.009734,0.009832,0.03205,-0.008863,-0.017547,-1.403558,0.042,0.02742,-0.017942,0.688315,0.704426,0.173216,-0.625197,0.454965,0.63414,0.367898,-0.544783,0.753565,0.000452,-0.004632,0.005212,0.126309,0.244076,0.339951,-0.882547,0.078081,0.021097,-0.059089,0.222807,-0.318641,-0.921316,0.162156,0.944021,-0.287278,0.961281,-0.085389,0.262004,0.000368,-0.007494,0.012461,-0.102793,0.285445,0.136531,-0.550798
437,0.159678,-0.043565,0.31885,-0.223525,0.330922,-0.916828,-0.174083,-0.939005,-0.296542,-0.958765,0.092902,0.268639,0.00056,-0.017083,0.0225,-0.098538,0.263396,0.090833,-0.414356,-0.171803,-0.032494,0.304371,-0.719378,-0.671422,0.177988,0.608922,-0.486515,0.62646,-0.333114,0.559883,0.758571,0.016188,-0.005266,0.01365,0.686868,0.92041,0.944785,-1.403384,0.042218,0.027279,-0.017713,0.725987,0.662843,0.183253,-0.606456,0.491416,0.625076,0.324274,-0.564932,0.758747,0.008395,-0.008023,0.010924,1.687446,3.760262,3.390068,-0.888752,0.078077,0.020773,-0.058601,0.230027,-0.322295,-0.918266,0.166457,0.942693,-0.289171,0.958842,-0.086335,0.270493,0.000286,-0.008309,0.011518,-0.110858,0.347232,0.16944,-0.551451
438,0.159642,-0.043898,0.319289,-0.228193,0.330642,-0.915778,-0.170322,-0.939595,-0.296858,-0.958335,0.087818,0.271863,0.000527,-0.017415,0.022115,-0.076934,0.06783,0.018437,-0.414448,-0.171524,-0.032675,0.304755,-0.74111,-0.646147,0.182324,0.597589,-0.511343,0.617535,-0.30485,0.567425,0.764825,0.01708,-0.014589,0.023952,1.554726,2.962615,3.950807,-1.403334,0.042351,0.027193,-0.01753,0.745171,0.639745,0.188269,-0.59663,0.513441,0.616774,0.297913,-0.57193,0.764292,0.008547,-0.007316,0.011973,0.241488,0.169584,0.224438,-0.892018,0.078059,0.020605,-0.058383,0.235414,-0.322434,-0.916851,0.16286,0.943112,-0.289853,0.958152,-0.081083,0.274534,-0.007504,-0.008874,0.010936,-0.072956,0.057216,-0.058082,-0.551614
439,0.159575,-0.044572,0.320048,-0.233751,0.332536,-0.913688,-0.173697,-0.938834,-0.297309,-0.956381,0.088788,0.27835,0.000298,-0.019732,0.019449,-0.101657,0.297265,0.107628,-0.414392,-0.170942,-0.033182,0.30569,-0.770875,-0.605959,0.196356,0.584028,-0.549613,0.597303,-0.253047,0.575883,0.777296,0.017107,-0.013175,0.025586,0.604961,0.43135,0.039967,-1.403861,0.042648,0.02694,-0.017055,0.776989,0.596504,0.201168,-0.580589,0.555515,0.595247,0.243315,-0.579297,0.777953,0.008541,-0.006421,0.012989,1.341879,2.601837,-0.464988,-0.905571,0.078025,0.020269,-0.058002,0.239807,-0.323532,-0.915324,0.16594,0.94262,-0.289705,0.956532,-0.082416,0.279734,0.000141,-0.009826,0.00977,-0.12388,0.459513,0.195826,-0.552104
440,0.159514,-0.045144,0.320623,-0.239,0.33147,-0.912717,-0.170421,-0.939633,-0.296677,-0.955667,0.084221,0.282197,0.000285,-0.019855,0.019309,-0.105459,0.330898,0.157285,-0.415051,-0.17023,-0.033795,0.306853,-0.81097,-0.546567,0.208765,0.554538,-0.604649,0.571683,-0.185211,0.58007,0.793145,0.018002,-0.022865,0.035418,1.226231,0.924617,0.901778,-1.40363,0.043004,0.026639,-0.016475,0.8162,0.536571,0.214264,-0.550257,0.60883,0.571439,0.176167,-0.584309,0.792179,0.008352,-0.005526,0.013819,2.169332,5.089329,3.282255,-0.912919,0.077994,0.01998,-0.057718,0.24467,-0.32215,-0.914524,0.162535,0.943472,-0.288863,0.955886,-0.077965,0.2832,3.2e-05,-0.005278,0.004466,-0.101057,0.554871,0.271188,-0.552268
441,0.159481,-0.045376,0.320831,-0.241706,0.332448,-0.911647,-0.17165,-0.939284,-0.297075,-0.954762,0.08426,0.285229,0.0001,-0.01036,0.009158,-0.092668,0.538052,0.258949,-0.414389,-0.16989,-0.034115,0.307436,-0.830128,-0.514176,0.215646,0.535957,-0.629689,0.562296,-0.152282,0.582998,0.797989,0.017112,-0.012662,0.026122,1.710366,3.182837,4.27772,-1.404174,0.043174,0.026477,-0.016178,0.832112,0.508744,0.220836,-0.535127,0.631883,0.56068,0.1457,-0.584724,0.79804,0.000947,-0.006586,0.013518,1.070884,1.586531,-1.514496,-0.913245,0.077978,0.019858,-0.057606,0.246742,-0.322675,-0.913782,0.163644,0.943269,-0.2889,0.955163,-0.078251,0.285548,3.4e-05,-0.005242,0.004509,-0.090168,0.517437,0.247878,-0.552268
442,0.159473,-0.045708,0.321145,-0.244423,0.333443,-0.910559,-0.173233,-0.938897,-0.297377,-0.953781,0.084632,0.288383,2.8e-05,0.000288,0.000331,-0.009398,0.087398,0.046021,-0.415118,-0.169266,-0.034742,0.308397,-0.857942,-0.459012,0.230727,0.504401,-0.6681,0.546951,-0.095828,0.586206,0.80439,0.000956,-0.005477,0.01479,0.215399,0.22831,0.581856,-1.403861,0.043492,0.026162,-0.015683,0.861714,0.44905,0.236224,-0.500093,0.672965,0.544999,0.085761,-0.587767,0.804471,0.000481,-0.002896,0.007218,0.145515,0.255752,0.591714,-0.90998,0.077974,0.01969,-0.05745,0.251373,-0.32493,-0.911718,0.165771,0.942499,-0.290195,0.953588,-0.078189,0.290783,4.5e-05,-0.005149,0.004616,-0.045122,0.102959,0.028894,-0.552104
443,0.159476,-0.045889,0.321331,-0.244928,0.332827,-0.910649,-0.173712,-0.93907,-0.296551,-0.953564,0.085137,0.288953,1.5e-05,0.000157,0.000181,-2e-06,1.6e-05,8e-06,-0.41492,-0.168682,-0.035177,0.308948,-0.886759,-0.391337,0.245976,0.460519,-0.704142,0.540408,-0.037163,0.592978,0.804276,0.016151,-0.008378,0.009895,0.39254,0.81154,1.506434,-1.403687,0.043772,0.025952,-0.015414,0.887364,0.386065,0.252065,-0.460069,0.705444,0.539152,0.03033,-0.594392,0.803603,0.008083,-0.004718,0.004336,0.051877,0.113133,0.071071,-0.909979,0.077975,0.0196,-0.057357,0.25173,-0.324209,-0.911877,0.166192,0.942704,-0.28929,0.953421,-0.078724,0.291188,5e-06,8.9e-05,0.000101,5.2e-05,-0.001992,-0.001013,-0.552268
444,0.159478,-0.045941,0.321398,-0.247574,0.330474,-0.910791,-0.168133,-0.940394,-0.295571,-0.953878,0.079541,0.289513,4.3e-05,0.000436,0.0005,-0.005712,0.091977,-0.176255,-0.415014,-0.16807,-0.035346,0.309104,-0.903033,-0.340498,0.261888,0.429353,-0.728429,0.533836,0.010133,0.594939,0.803622,0.015241,0.000935,-0.000429,0.163546,0.209311,0.557493,-1.403574,0.044078,0.025859,-0.01533,0.904865,0.331156,0.267495,-0.425265,0.73149,0.532983,-0.01917,-0.596035,0.802729,0.007898,-0.004944,0.004004,1.630985,3.632189,3.925607,-0.912755,0.077976,0.019573,-0.057325,0.254254,-0.321935,-0.911982,0.160617,0.943931,-0.288434,0.953706,-0.073144,0.291707,2.5e-05,0.000272,0.000316,-0.000277,-0.000126,1.5e-05,-0.552104
445,0.15949,-0.045944,0.32141,-0.247822,0.330142,-0.910843,-0.168078,-0.940513,-0.295223,-0.953822,0.079513,0.289702,5.1e-05,0.000517,0.000594,-0.0,0.0,0.0,-0.41518,-0.167735,-0.035371,0.30912,-0.912828,-0.307447,0.268724,0.406584,-0.743362,0.531071,0.03763,0.594419,0.803189,0.015239,0.000716,-0.000691,0.449172,0.868991,1.362971,-1.403373,0.044246,0.025849,-0.015326,0.913013,0.301736,0.274522,-0.405505,0.744592,0.530234,-0.044416,-0.59543,0.802177,0.007638,0.000283,-0.000437,0.016669,0.013161,0.06004,-0.910143,0.077982,0.019575,-0.057323,0.254574,-0.321495,-0.912048,0.160514,0.944086,-0.287985,0.953638,-0.073083,0.291944,3.7e-05,0.000393,0.000452,-0.000223,-9.5e-05,2.1e-05,-0.552268
446,0.15949,-0.045944,0.32141,-0.24835,0.329429,-0.910958,-0.167906,-0.940773,-0.294493,-0.953715,0.079401,0.290087,0.0,0.0,0.0,-0.0,0.0,0.0,-0.416269,-0.167076,-0.035419,0.309173,-0.923354,-0.257935,0.284391,0.374997,-0.763968,0.525037,0.083,0.591763,0.801742,0.015241,0.000958,-0.000422,2.266712,5.014003,2.83785,-1.403339,0.044575,0.025824,-0.015302,0.924097,0.252078,0.287227,-0.372055,0.765106,0.525535,-0.087284,-0.59251,0.80082,0.007639,0.000506,-0.000187,0.04229,0.055054,0.153908,-0.910633,0.077982,0.019572,-0.057318,0.255104,-0.320764,-0.912157,0.160364,0.944341,-0.287232,0.953522,-0.073003,0.292345,0.0,-9e-06,-1e-05,-0.000148,-3.7e-05,9.1e-05,-0.552758
447,0.159513,-0.045961,0.321423,-0.248696,0.328968,-0.91103,-0.167845,-0.940936,-0.294006,-0.953635,0.079377,0.290355,0.0,0.0,0.0,-0.0,0.0,0.0,-0.416991,-0.166491,-0.03556,0.309267,-0.928944,-0.230432,0.289753,0.355233,-0.774527,0.523309,0.105001,0.589341,0.800947,0.016165,-0.010201,0.007726,0.008827,0.072676,0.130146,-1.403056,0.044868,0.025753,-0.015255,0.929868,0.219474,0.295253,-0.349523,0.777458,0.522868,-0.114791,-0.589396,0.799645,0.008077,-0.005121,0.003832,0.448691,0.866298,1.353968,-0.907367,0.077994,0.019563,-0.057312,0.255444,-0.320301,-0.912225,0.160303,0.944499,-0.286744,0.953441,-0.072985,0.292612,3e-06,-3e-06,-6e-06,-0.00012,3e-06,0.000114,-0.552921
448,0.159548,-0.045978,0.321434,-0.249027,0.328527,-0.911098,-0.167788,-0.941092,-0.29354,-0.953558,0.079357,0.290613,0.0,0.0,0.0,-0.0,0.0,0.0,-0.417197,-0.16601,-0.035809,0.309469,-0.93311,-0.203475,0.29647,0.336541,-0.784021,0.521522,0.127493,0.586664,0.799646,0.016176,-0.00985,0.008128,-0.045696,0.094758,-0.158707,-1.403196,0.045108,0.025627,-0.015155,0.933851,0.191926,0.301805,-0.330188,0.786954,0.521227,-0.13747,-0.586401,0.79827,0.008096,-0.004855,0.004137,-0.021632,0.01471,0.046307,-0.900509,0.078005,0.019555,-0.057306,0.255786,-0.319836,-0.912292,0.160239,0.944658,-0.286256,0.95336,-0.072965,0.29288,2e-06,-1e-06,-4e-06,-0.000104,-3e-06,0.000109,-0.553248
449,0.159583,-0.045987,0.321439,-0.251342,0.329952,-0.909947,-0.168393,-0.940643,-0.294628,-0.952841,0.078759,0.293117,0.0,0.0,0.0,-0.002437,0.023809,0.012502,-0.417917,-0.165812,-0.035965,0.309633,-0.934301,-0.192771,0.299855,0.32949,-0.787534,0.52073,0.136937,0.585557,0.798896,0.000933,-0.00959,0.009989,0.008292,0.087425,0.100557,-1.403249,0.045219,0.025548,-0.015075,0.934834,0.181389,0.305257,-0.323296,0.790318,0.520458,-0.146845,-0.58523,0.797459,0.008096,-0.004215,0.004881,0.115654,0.253312,0.411641,-0.895937,0.078029,0.01955,-0.057304,0.258353,-0.321445,-0.911002,0.160942,0.94416,-0.287502,0.952549,-0.072341,0.29566,2e-06,-1e-06,-3e-06,0.001717,-0.006596,-0.003956,-0.553574
450,0.159687,-0.046007,0.321447,-0.251236,0.330107,-0.90992,-0.168481,-0.940583,-0.294771,-0.952854,0.07883,0.293056,0.0,0.0,0.0,-1e-06,5e-06,3e-06,-0.41889,-0.165537,-0.036286,0.310028,-0.937098,-0.171393,0.304078,0.313952,-0.79415,0.520281,0.153487,0.583233,0.797586,0.016188,-0.008034,0.010236,-0.042803,0.099246,-0.151441,-1.403354,0.045351,0.025387,-0.014878,0.937431,0.159802,0.309331,-0.307464,0.796823,0.520132,-0.163364,-0.582696,0.7961,0.000472,-0.004219,0.005659,-0.020743,0.01804,0.040413,-0.899202,0.078081,0.01954,-0.0573,0.257997,-0.321431,-0.911108,0.160952,0.944155,-0.287513,0.952644,-0.072467,0.295324,2e-06,0.0,-3e-06,4.6e-05,-0.000954,-0.00048,-0.554554
451,0.159838,-0.046044,0.321465,-0.253439,0.331692,-0.908732,-0.169204,-0.940067,-0.295998,-0.95214,0.078324,0.295503,0.0,0.0,0.0,-0.003982,0.038771,0.020351,-0.421165,-0.165477,-0.036662,0.310444,-0.939839,-0.139412,0.311862,0.291188,-0.803909,0.51853,0.179599,0.578318,0.795711,0.000936,-0.008939,0.010747,0.482414,0.855223,1.325615,-1.403063,0.045387,0.0252,-0.014669,0.939461,0.129503,0.317241,-0.286152,0.805806,0.518451,-0.188494,-0.577844,0.794081,0.000295,-0.004977,0.004827,1.663923,2.959465,4.21273,-0.900345,0.078156,0.019522,-0.057291,0.260457,-0.323175,-0.90979,0.161771,0.9436,-0.288873,0.951835,-0.071939,0.298047,4.4e-05,-0.005293,0.004444,-0.036346,0.029081,-0.010365,-0.555697
452,0.159966,-0.046065,0.321472,-0.253304,0.331887,-0.908699,-0.169302,-0.939992,-0.296181,-0.952158,0.078401,0.295423,0.015449,-0.000565,-0.000796,0.000926,-0.014148,0.029851,-0.4231,-0.165469,-0.036868,0.31065,-0.939344,-0.134448,0.315512,0.289022,-0.805214,0.517717,0.185627,0.57767,0.794797,0.000935,-0.009858,0.009678,-0.035178,0.011724,-0.015503,-1.40306,0.045391,0.025096,-0.01456,0.939116,0.122875,0.320875,-0.282542,0.807576,0.517676,-0.195522,-0.576819,0.793126,0.000468,-0.004951,0.00481,-0.036671,0.006637,-0.014038,-0.903448,0.07822,0.019511,-0.057288,0.260136,-0.323242,-0.909859,0.161804,0.943569,-0.288956,0.951918,-0.072051,0.297758,0.007725,-0.000283,-0.000401,0.002045,-0.022595,0.025302,-0.55635
453,0.160291,-0.046113,0.321508,-0.255198,0.333897,-0.907431,-0.170185,-0.939313,-0.297825,-0.951493,0.078005,0.297664,0.015504,9e-06,-0.000143,0.000828,-0.013212,0.030342,-0.428328,-0.16554,-0.03719,0.311016,-0.940943,-0.11284,0.319195,0.272627,-0.811208,0.517253,0.201747,0.573865,0.793625,0.000935,-0.009154,0.010497,-0.036064,0.010242,-0.017753,-1.403092,0.045356,0.024933,-0.014379,0.940454,0.101253,0.324489,-0.266065,0.813381,0.51732,-0.211554,-0.57285,0.791888,0.000468,-0.004544,0.005287,-0.036309,0.008618,-0.018958,-0.905734,0.078377,0.019487,-0.05727,0.262102,-0.325253,-0.908577,0.162709,0.942907,-0.290605,0.951224,-0.071665,0.300059,3.5e-05,0.000371,0.000419,0.001717,-0.012174,-0.006598,-0.559453
454,0.160759,-0.046168,0.321597,-0.261141,0.336127,-0.904914,-0.166298,-0.939039,-0.300871,-0.95056,0.071491,0.302244,0.015555,0.000568,0.000489,0.422434,0.408301,0.022572,-0.434265,-0.165701,-0.037414,0.311282,-0.942756,-0.080457,0.323618,0.247077,-0.819967,0.516276,0.225,0.56678,0.792464,0.000931,-0.010493,0.00894,0.50013,0.865632,1.295242,-1.402889,0.04528,0.024828,-0.014247,0.94145,0.074407,0.328836,-0.245233,0.820452,0.516448,-0.231367,-0.566852,0.790662,0.00047,-0.005232,0.004487,-0.048642,0.10572,-0.192272,-0.905244,0.078605,0.019458,-0.057226,0.266318,-0.327141,-0.906671,0.16019,0.942582,-0.293046,0.95048,-0.067196,0.303431,0.007682,0.000525,0.000351,4.944638,2.172982,-1.350509,-0.562718
455,0.16103,-0.046206,0.321676,-0.263079,0.338062,-0.903631,-0.167235,-0.938371,-0.302429,-0.949859,0.071129,0.304526,0.015611,0.001181,0.001186,-0.020272,0.186936,0.135248,-0.438219,-0.165807,-0.037523,0.311358,-0.942615,-0.064572,0.327564,0.235306,-0.824221,0.515,0.237912,0.562604,0.791668,-3e-06,-0.001142,-0.001328,0.541293,0.867921,1.287486,-1.403042,0.045227,0.024776,-0.014206,0.941199,0.058503,0.332746,-0.233414,0.82465,0.515238,-0.244256,-0.562609,0.789815,4e-06,-4.7e-05,-5.6e-05,-0.012831,0.094677,-0.173596,-0.908183,0.078752,0.019439,-0.057187,0.269809,-0.329271,-0.904866,0.159744,0.942001,-0.295152,0.94957,-0.064912,0.306759,0.00781,0.000645,0.000648,-0.023618,0.211454,0.14859,-0.564841
456,0.161702,-0.046319,0.321949,-0.271109,0.345319,-0.898499,-0.170762,-0.935852,-0.308209,-0.94696,0.069435,0.313802,0.015823,0.003557,0.003894,-0.054574,0.49744,0.330105,-0.449635,-0.166185,-0.037743,0.311411,-0.941559,-0.047644,0.333449,0.224316,-0.82691,0.515593,0.252348,0.560316,0.788815,-0.015283,-0.003476,-0.002491,-0.203099,0.17282,0.042677,-1.402749,0.045039,0.024662,-0.014176,0.940287,0.03662,0.338404,-0.217758,0.82884,0.515368,-0.261611,-0.558284,0.787322,-0.007635,-0.001393,-0.000843,-0.339872,0.328394,-0.065833,-0.916348,0.079082,0.019379,-0.057055,0.276535,-0.335572,-0.90051,0.162917,0.939858,-0.300205,0.947093,-0.063691,0.314574,0.015669,-0.003972,0.005767,-0.09284,0.549735,0.336238,-0.57072
457,0.162607,-0.046503,0.322483,-0.280897,0.351306,-0.893155,-0.169493,-0.934101,-0.314165,-0.94432,0.062692,0.323041,0.031667,-0.004155,0.015849,-0.04924,0.118156,0.143519,-0.455058,-0.166736,-0.037882,0.311289,-0.941466,-0.030047,0.335752,0.210809,-0.829435,0.517233,0.264123,0.557773,0.78676,-0.015293,-0.003284,-0.002281,-0.016947,0.025784,-0.022219,-1.402841,0.044763,0.024589,-0.014241,0.939899,0.018304,0.340958,-0.204054,0.830742,0.517908,-0.273769,-0.556355,0.784549,-0.007643,-0.001937,-0.001481,0.012859,0.012427,-0.027408,-0.92141,0.079528,0.019288,-0.056794,0.288334,-0.34276,-0.894079,0.16222,0.937724,-0.307177,0.943687,-0.056468,0.325981,0.008117,-0.001689,0.008456,-0.045605,0.106957,0.099501,-0.576925
458,0.163547,-0.046749,0.323337,-0.296307,0.358262,-0.885379,-0.170953,-0.931877,-0.319924,-0.939318,0.05611,0.338469,0.016489,-0.000321,0.020366,-0.064071,0.251424,0.175215,-0.467875,-0.167459,-0.038009,0.311216,-0.940994,-0.001522,0.338406,0.187793,-0.833988,0.518779,0.282616,0.551718,0.784601,-0.015298,-0.002493,-0.001375,-0.014746,0.113246,-0.201184,-1.402896,0.044402,0.024524,-0.01428,0.939142,-0.010253,0.343374,-0.180802,0.835161,0.519437,-0.292099,-0.549908,0.782481,-0.015285,-0.001768,-0.000524,0.00761,0.027095,-0.058991,-0.921573,0.080004,0.019163,-0.05637,0.303618,-0.349514,-0.886371,0.163687,0.93559,-0.312852,0.938627,-0.0501,0.341273,0.016059,-0.005223,0.01477,-0.092655,0.168802,0.404527,-0.581333
459,0.164013,-0.046924,0.323948,-0.307892,0.361225,-0.880207,-0.170393,-0.931072,-0.322557,-0.935674,0.050213,0.349314,0.016825,-0.008286,0.032202,-0.225691,0.487227,0.053353,-0.474916,-0.167906,-0.038061,0.311217,-0.940228,0.010665,0.340366,0.178847,-0.834854,0.520545,0.290886,0.550289,0.78258,-0.03058,-0.002334,0.000324,-0.018882,0.041058,-0.051397,-1.402864,0.04419,0.024498,-0.014281,0.938169,-0.022449,0.345448,-0.171986,0.835804,0.521394,-0.300432,-0.548568,0.780264,-0.015285,-0.001323,-1.2e-05,0.007358,0.03064,-0.05464,-0.922063,0.080231,0.01908,-0.056082,0.314088,-0.35262,-0.88148,0.162688,0.934723,-0.31595,0.93535,-0.04417,0.350952,0.016134,-0.00455,0.015499,-1.363091,1.671301,-1.866751,-0.587375
460,0.16481,-0.047323,0.325332,-0.327089,0.369764,-0.869674,-0.181825,-0.92767,-0.326098,-0.926948,0.050999,0.371744,0.032408,-0.006502,0.033867,-0.148802,0.332268,0.409792,-0.478566,-0.168823,-0.038091,0.311274,-0.938181,0.034957,0.344362,0.161047,-0.836321,0.52399,0.307489,0.547009,0.778521,-0.015284,-0.000533,0.000884,-0.120557,0.215529,0.167655,-1.402991,0.04372,0.024482,-0.014252,0.935896,-0.046039,0.349252,-0.154488,0.83736,0.524367,-0.316591,-0.544709,0.77657,-0.015282,-0.000551,0.000872,-0.086575,0.463271,0.436819,-0.921083,0.080631,0.018879,-0.055376,0.334359,-0.360588,-0.870734,0.174498,0.931621,-0.318796,0.926149,-0.045349,0.374418,0.008555,-0.008152,0.021939,-0.293127,0.608408,0.078482,-0.595213
461,0.165441,-0.047762,0.326919,-0.344837,0.381299,-0.857755,-0.187718,-0.923303,-0.335031,-0.919291,0.045004,0.391032,0.017171,-0.015705,0.044446,-0.179894,0.591434,0.328466,-0.478706,-0.169795,-0.038123,0.311381,-0.935101,0.064683,0.348416,0.138422,-0.838198,0.527444,0.32733,0.541358,0.774371,-0.030558,-0.000459,0.002437,-0.372257,0.331832,0.15957,-1.402999,0.043239,0.024467,-0.014199,0.932705,-0.074882,0.352778,-0.131761,0.839824,0.526625,-0.335707,-0.537669,0.773441,-0.014834,-0.005528,0.005639,-0.416824,0.435213,0.248909,-0.91945,0.080952,0.018666,-0.054583,0.350972,-0.371524,-0.859528,0.180083,0.927566,-0.3274,0.918906,-0.039878,0.392455,0.008497,-0.002492,0.017839,-0.135196,0.486005,0.524333,-0.600439
462,0.165658,-0.047961,0.327704,-0.350122,0.387082,-0.853011,-0.19221,-0.920905,-0.33906,-0.916355,0.044756,0.39789,0.017157,-0.015725,0.04436,-0.167777,0.486325,0.273857,-0.479218,-0.170298,-0.038143,0.311438,-0.933419,0.076716,0.350477,0.129647,-0.838521,0.529158,0.335646,0.539266,0.772268,-0.029685,-0.01147,0.010762,0.447812,0.984994,1.247762,-1.402737,0.042993,0.024462,-0.014172,0.931048,-0.082772,0.355381,-0.127839,0.838211,0.530148,-0.341766,-0.539026,0.769834,-0.015274,-0.000175,0.001284,-0.13102,0.214277,-0.173209,-0.919287,0.081061,0.018568,-0.054189,0.356574,-0.377491,-0.854608,0.184711,0.925165,-0.331588,0.915825,-0.03962,0.399617,0.000778,-0.002357,0.018088,-0.156398,0.612109,0.550327,-0.600928
463,0.165877,-0.048365,0.32916,-0.356092,0.391942,-0.848308,-0.197804,-0.9188,-0.341543,-0.912852,0.045684,0.40576,0.001326,-0.008076,0.032353,-0.076011,0.051812,0.008594,-0.479269,-0.171179,-0.03819,0.311502,-0.929788,0.101092,0.35393,0.111457,-0.838874,0.532731,0.351921,0.534645,0.768225,-0.03057,-0.001211,0.001509,0.014544,0.13495,0.07269,-1.40276,0.042536,0.024435,-0.014135,0.926543,-0.112791,0.35888,-0.104706,0.838974,0.534002,-0.361323,-0.532353,0.765535,-0.015279,-0.000626,0.00074,0.058953,0.114986,0.064176,-0.911613,0.081176,0.018369,-0.05345,0.363654,-0.383037,-0.849139,0.190763,0.922852,-0.334592,0.911791,-0.040309,0.408668,0.000665,-0.003712,0.016534,-0.067293,-0.015789,0.006271,-0.601908
464,0.165908,-0.04883,0.330348,-0.361216,0.39362,-0.845359,-0.20164,-0.918034,-0.341362,-0.909991,0.046656,0.412029,0.000971,-0.01258,0.027316,-0.081837,0.097902,0.031497,-0.477924,-0.172034,-0.038294,0.311591,-0.923652,0.128723,0.360955,0.094101,-0.836677,0.539491,0.372604,0.532103,0.760195,-0.030567,-0.000859,0.001887,-0.217695,0.187097,0.044623,-1.40279,0.04212,0.024382,-0.014093,0.920173,-0.139896,0.365663,-0.087477,0.836902,0.540316,-0.381613,-0.529172,0.757857,-0.007208,-0.005503,0.004907,-0.334456,0.226655,0.084111,-0.907694,0.081192,0.018141,-0.052852,0.368445,-0.384485,-0.846415,0.194486,0.922199,-0.33425,0.909077,-0.041463,0.414557,-0.007251,-0.006281,0.013802,-0.082938,0.114245,0.002695,-0.601255
465,0.165865,-0.049083,0.330796,-0.361895,0.392767,-0.845466,-0.202448,-0.918349,-0.340032,-0.90954,0.047612,0.412912,0.000716,-0.015822,0.023726,-0.071596,0.023752,-0.037807,-0.477507,-0.172444,-0.038327,0.311671,-0.920364,0.140618,0.364893,0.086182,-0.837035,0.540258,0.38255,0.528501,0.757763,-0.030535,0.000525,0.003481,-0.049558,0.057193,-0.014062,-1.402636,0.041915,0.024362,-0.014056,0.916543,-0.152315,0.369795,-0.079488,0.836813,0.541687,-0.391957,-0.525873,0.754868,-0.007208,-0.005374,0.005053,-0.041793,0.054186,-0.040742,-0.910306,0.081171,0.018017,-0.052624,0.369045,-0.383603,-0.846554,0.195265,0.922522,-0.332903,0.908667,-0.042446,0.415356,0.000272,-0.002532,0.0075,-0.033261,-0.013994,0.00031,-0.600765
466,0.165671,-0.0496,0.331418,-0.366071,0.388167,-0.845792,-0.197935,-0.920503,-0.336848,-0.908857,0.043612,0.414853,-0.015233,-0.009823,0.01002,-0.042673,0.113646,-0.227191,-0.476484,-0.173193,-0.038367,0.311854,-0.909838,0.176624,0.375486,0.06129,-0.837581,0.542804,0.41151,0.516652,0.750728,-0.015232,0.001543,0.003213,2.012725,3.070464,4.161392,-1.402688,0.041541,0.024342,-0.013964,0.906627,-0.182632,0.380357,-0.05972,0.836847,0.54417,-0.417684,-0.516074,0.747801,-0.014843,-0.005157,0.006004,-0.044968,0.167837,0.077114,-0.911286,0.08108,0.01776,-0.052312,0.372981,-0.379033,-0.846887,0.190725,0.924581,-0.329807,0.908024,-0.038511,0.417142,5.7e-05,-0.005358,0.004384,-0.035973,0.010852,-0.019273,-0.599949
467,0.165453,-0.049992,0.331685,-0.367607,0.386103,-0.84607,-0.198238,-0.921337,-0.334382,-0.908169,0.044315,0.416283,-0.000139,-0.001745,-0.001926,-0.0,0.0,0.0,-0.476828,-0.173819,-0.0385,0.31211,-0.900216,0.201335,0.386092,0.046687,-0.836768,0.545502,0.434024,0.508839,0.74335,-0.01523,0.001495,0.003143,-0.083279,0.075149,0.010077,-1.403145,0.041216,0.024278,-0.013833,0.895548,-0.212803,0.390777,-0.040056,0.836102,0.547108,-0.443156,-0.505615,0.740246,-0.007613,0.000797,0.001632,-0.038166,0.046849,0.003375,-0.915695,0.080964,0.017553,-0.052175,0.374614,-0.376789,-0.847167,0.191004,0.925466,-0.327152,0.907293,-0.039257,0.41866,-0.007723,-0.006108,0.00369,-0.037766,0.03851,-0.074607,-0.599295
468,0.165232,-0.050138,0.331759,-0.368717,0.384582,-0.84628,-0.198025,-0.921969,-0.332763,-0.907765,0.044405,0.417155,-5.7e-05,-0.000709,-0.000783,-0.0,0.0,0.0,-0.477744,-0.174345,-0.038682,0.312504,-0.885348,0.237413,0.399732,0.023872,-0.835275,0.549254,0.465392,0.495523,0.733302,-0.01436,-0.007855,0.013408,-0.126614,0.092574,-0.00583,-1.40277,0.040958,0.024189,-0.013642,0.88013,-0.2488,0.404312,-0.017301,0.83429,0.551054,-0.474416,-0.491994,0.729979,-0.007168,-0.003561,0.007127,-0.082072,0.055917,0.017651,-0.917328,0.080853,0.017476,-0.052143,0.375707,-0.375259,-0.847363,0.190786,0.926084,-0.325529,0.906887,-0.039361,0.41953,-0.007754,-0.000325,-0.00023,-0.001129,0.014674,-0.029497,-0.599949
469,0.165163,-0.050122,0.331762,-0.369124,0.384011,-0.846362,-0.197787,-0.922213,-0.332228,-0.907651,0.044281,0.417416,9.4e-05,0.001169,0.001291,-0.005118,0.07478,-0.152665,-0.477837,-0.174568,-0.038795,0.312791,-0.875608,0.256491,0.409286,0.013809,-0.83356,0.552197,0.483891,0.488834,0.725778,0.00097,-0.005756,0.01444,-0.23816,0.250026,0.104397,-1.402829,0.040847,0.024132,-0.013506,0.870509,-0.267075,0.413381,-0.007281,0.832866,0.553426,-0.492098,-0.484772,0.723072,-0.00715,-0.002849,0.00795,-0.009264,1.113334,0.082362,-0.91945,0.080819,0.017479,-0.052147,0.376036,-0.374787,-0.847425,0.190584,0.926278,-0.325092,0.906793,-0.03926,0.419743,-0.0,1.6e-05,1.9e-05,-0.000112,-3.9e-05,6.9e-05,-0.600438
470,0.165071,-0.050114,0.331773,-0.369829,0.383025,-0.846501,-0.197415,-0.922632,-0.331286,-0.907444,0.04411,0.417884,1e-06,1.8e-05,1.9e-05,-0.0,0.0,0.0,-0.477824,-0.174872,-0.038996,0.313444,-0.853893,0.295493,0.428417,-0.010878,-0.832988,0.553124,0.521375,0.467274,0.713922,0.001039,-0.003488,0.017044,0.014538,0.606539,0.297462,-1.402639,0.040689,0.024028,-0.013176,0.848266,-0.305685,0.432436,0.017125,0.831987,0.55453,-0.529293,-0.462983,0.710981,-0.006718,-0.007313,0.013329,0.537115,1.794297,0.677772,-0.913409,0.080773,0.017487,-0.052137,0.376804,-0.373691,-0.847568,0.190169,0.926729,-0.324049,0.906561,-0.039078,0.420259,0.0,8e-06,1e-05,-0.006053,0.087448,-0.178449,-0.600438
471,0.165037,-0.050107,0.331782,-0.370461,0.382137,-0.846626,-0.197081,-0.923007,-0.330438,-0.907258,0.043957,0.418303,0.0,2e-06,2e-06,-0.0,0.0,0.0,-0.477998,-0.175033,-0.03922,0.314168,-0.832205,0.324666,0.449463,-0.028056,-0.834112,0.550821,0.554772,0.445376,0.70266,0.001014,-0.00433,0.016049,-0.239674,0.157236,0.105011,-1.402661,0.040609,0.02392,-0.012808,0.825927,-0.334965,0.453478,0.034736,0.833065,0.552083,-0.562706,-0.440228,0.699686,0.000495,-0.002307,0.007852,-0.337078,0.311649,-0.032799,-0.914715,0.080756,0.01749,-0.052133,0.377428,-0.372798,-0.847684,0.18983,0.927095,-0.3232,0.906372,-0.038931,0.42068,-0.0,-6e-06,-6e-06,-7.1e-05,-1.4e-05,6.9e-05,-0.600765
472,0.165037,-0.050107,0.331782,-0.370719,0.381775,-0.846676,-0.196944,-0.92316,-0.330093,-0.907182,0.043895,0.418475,0.0,0.0,0.0,-0.0,0.0,0.0,-0.47809,-0.175068,-0.039379,0.314511,-0.825436,0.331527,0.456877,-0.03267,-0.835927,0.547807,0.564556,0.436835,0.700224,0.000973,-0.005663,0.014508,-0.046393,0.100834,-0.167654,-1.402627,0.040591,0.02385,-0.012643,0.818899,-0.34237,0.460636,0.039713,0.834469,0.549621,-0.572561,-0.431791,0.696942,0.00048,-0.002715,0.007379,0.02003,0.057393,-0.017198,-0.914552,0.080756,0.01749,-0.052133,0.377682,-0.372433,-0.847731,0.189691,0.927244,-0.322854,0.906296,-0.03887,0.420851,2e-06,-5e-06,-6e-06,-6.3e-05,1.1e-05,0.000102,-0.600928
473,0.165049,-0.050115,0.331788,-0.371231,0.381058,-0.846775,-0.196697,-0.923461,-0.329397,-0.907026,0.043795,0.418823,0.0,0.0,0.0,-0.0,0.0,0.0,-0.478246,-0.175032,-0.039624,0.315033,-0.820878,0.334577,0.462826,-0.031501,-0.835574,0.548413,0.571234,0.435178,0.695827,0.000931,-0.007023,0.012938,-0.048738,0.093067,-0.166418,-1.40289,0.04061,0.023722,-0.012372,0.814325,-0.345193,0.466599,0.038373,0.834177,0.550159,-0.579138,-0.430104,0.692537,3.6e-05,0.001432,0.00164,-0.000292,0.086822,-0.179263,-0.90998,0.080761,0.017486,-0.05213,0.378187,-0.371711,-0.847823,0.189439,0.927538,-0.322157,0.906138,-0.038775,0.421199,3e-06,-2e-06,-3e-06,-0.006046,0.087485,-0.178453,-0.600928
474,0.165049,-0.050115,0.331788,-0.369517,0.379131,-0.848388,-0.195717,-0.924223,-0.327839,-0.907939,0.044424,0.416774,0.0,0.0,0.0,0.000864,-0.007723,-0.003813,-0.478302,-0.175018,-0.039735,0.315236,-0.819177,0.331004,0.468377,-0.026041,-0.837138,0.54631,0.573946,0.434909,0.69376,1.6e-05,0.000535,0.000613,-0.012325,0.09541,-0.174056,-1.402683,0.040617,0.023665,-0.012264,0.812758,-0.341543,0.471987,0.033008,0.835832,0.547991,-0.581665,-0.429805,0.690603,3e-06,0.000253,0.00029,-0.01319,0.094005,-0.175753,-0.906714,0.080761,0.017486,-0.05213,0.376266,-0.369668,-0.849569,0.188375,0.928326,-0.320507,0.907159,-0.039442,0.418934,2e-06,-1e-06,0.0,-0.008273,0.103695,-0.170219,-0.600928
475,0.165037,-0.05013,0.331802,-0.369552,0.379086,-0.848393,-0.195748,-0.92424,-0.327773,-0.907918,0.044463,0.416815,0.0,0.0,0.0,0.0,-1e-06,-1e-06,-0.478392,-0.175067,-0.039776,0.315146,-0.81907,0.329227,0.469814,-0.023712,-0.837531,0.545814,0.5742,0.435504,0.693176,-7.9e-05,-0.002579,-0.002961,-0.012324,0.095423,-0.174049,-1.402442,0.040592,0.023647,-0.012307,0.812661,-0.339635,0.473529,0.030524,0.836289,0.547438,-0.581936,-0.430428,0.689986,-0.008098,0.003487,-0.00581,0.032295,0.0198,-0.038766,-0.905244,0.080756,0.017478,-0.052123,0.376491,-0.369742,-0.849437,0.18848,0.928297,-0.320529,0.907043,-0.039425,0.419185,-1e-06,-0.0,1e-06,-0.000112,0.000582,0.000311,-0.601092
476,0.165037,-0.050138,0.331809,-0.369649,0.378952,-0.848411,-0.195721,-0.924295,-0.327634,-0.907885,0.044465,0.416889,0.0,0.0,0.0,0.0,-0.0,-0.0,-0.478212,-0.175139,-0.039832,0.315057,-0.820941,0.329997,0.465992,-0.025208,-0.836103,0.547932,0.571455,0.437656,0.694088,-0.000102,-0.003285,-0.003773,-0.015068,-0.052121,0.051229,-1.402437,0.040556,0.023616,-0.012354,0.814536,-0.340336,0.469788,0.031883,0.834863,0.549532,-0.579235,-0.432636,0.690878,-5.5e-05,-0.001786,-0.00205,-0.015129,-0.05122,0.048613,-0.905734,0.080756,0.017475,-0.052119,0.376591,-0.369609,-0.849451,0.188453,0.92835,-0.320391,0.907008,-0.039425,0.419262,-1e-06,0.0,-1e-06,-3.6e-05,6.5e-05,8.4e-05,-0.601255
477,0.165015,-0.050155,0.331837,-0.369953,0.378528,-0.848467,-0.195634,-0.924469,-0.327196,-0.907779,0.044464,0.417119,7e-06,8.8e-05,9.7e-05,0.0,-0.0,-0.0,-0.478307,-0.175434,-0.039917,0.314875,-0.821785,0.330176,0.464375,-0.025765,-0.835555,0.548741,0.570215,0.438565,0.694534,-0.015391,-0.003801,-0.003004,-0.00383,0.029038,-0.054461,-1.402686,0.040414,0.023573,-0.012447,0.815399,-0.340504,0.468167,0.032415,0.834308,0.550344,-0.57799,-0.433575,0.691332,-0.007681,-0.001528,-0.001071,-0.001491,0.017977,-0.033153,-0.907204,0.080745,0.017466,-0.052105,0.376892,-0.369182,-0.849503,0.188362,0.928519,-0.319953,0.906901,-0.039427,0.419492,3e-06,4.2e-05,4.7e-05,-3.9e-05,1e-05,3.2e-05,-0.601255
478,0.164981,-0.050195,0.331887,-0.370304,0.378045,-0.84853,-0.195595,-0.924663,-0.326668,-0.907644,0.044524,0.417406,6e-06,7.4e-05,8.2e-05,0.0,-0.0,-0.0,-0.478409,-0.175935,-0.040098,0.314663,-0.823643,0.330911,0.460544,-0.027271,-0.834136,0.550823,0.567456,0.440704,0.69544,-0.015484,-0.006127,-0.005701,-0.171921,-0.549736,0.514906,-1.402704,0.04017,0.023487,-0.012547,0.816154,-0.340451,0.466887,0.032575,0.833822,0.551071,-0.576913,-0.434551,0.691618,-0.00773,-0.002785,-0.002521,-0.002107,0.015676,-0.030487,-0.90753,0.080728,0.01745,-0.052084,0.377228,-0.368709,-0.849559,0.188302,0.928706,-0.319448,0.906774,-0.039469,0.419763,2e-06,4.8e-05,5.4e-05,-3.7e-05,-1.8e-05,-1e-06,-0.601255
479,0.164959,-0.050211,0.331915,-0.370438,0.377862,-0.848553,-0.195598,-0.924736,-0.326461,-0.907589,0.044565,0.417521,6e-06,7.6e-05,8.4e-05,0.0,-0.0,-0.0,-0.478516,-0.176237,-0.040197,0.31456,-0.82558,0.329666,0.457962,-0.028417,-0.834711,0.549893,0.564575,0.44055,0.697877,-0.015477,-0.005638,-0.005149,0.018397,-0.075934,0.115758,-1.40265,0.040013,0.023434,-0.012603,0.819312,-0.339807,0.461799,0.035016,0.833597,0.551262,-0.572277,-0.435485,0.694874,-0.00773,-0.002659,-0.002381,-0.016829,0.021265,-0.030506,-0.907694,0.080717,0.017438,-0.052066,0.37737,-0.368513,-0.849581,0.188323,0.928781,-0.319216,0.906711,-0.039533,0.419894,2e-06,3.6e-05,4e-05,-3.3e-05,0.0,1.4e-05,-0.601092
480,0.164902,-0.050258,0.331972,-0.370742,0.377447,-0.848605,-0.195608,-0.924901,-0.325987,-0.907462,0.044661,0.417787,0.0,1e-06,1e-06,0.0,-0.0,-0.0,-0.478414,-0.177019,-0.040346,0.314299,-0.827397,0.330318,0.454197,-0.029944,-0.833399,0.5518,0.561827,0.44254,0.698836,-0.030806,-0.00609,-0.004354,-0.004087,0.030409,-0.058492,-1.402731,0.039627,0.023358,-0.012735,0.821087,-0.34063,0.458023,0.036495,0.832107,0.553411,-0.569634,-0.437684,0.695665,-0.007765,-0.003341,-0.003177,-0.003848,0.031837,-0.056939,-0.909653,0.080688,0.017415,-0.052037,0.37767,-0.368095,-0.849629,0.188331,0.928943,-0.318741,0.906584,-0.039632,0.420157,-1e-06,-9e-06,-1e-05,-3.2e-05,5e-06,2e-06,-0.601255
481,0.164834,-0.050311,0.332024,-0.370901,0.377236,-0.848629,-0.195696,-0.92498,-0.325708,-0.907378,0.044792,0.417955,-0.015419,0.000431,0.000728,-0.000984,0.014715,-0.029553,-0.478669,-0.178028,-0.040456,0.313927,-0.831166,0.329809,0.447638,-0.032915,-0.832714,0.552664,0.556064,0.444205,0.702381,-0.03087,-0.006762,-0.005184,0.261347,-0.178993,-0.19265,-1.402371,0.039135,0.023302,-0.012916,0.824248,-0.341318,0.451793,0.039318,0.830472,0.55567,-0.564862,-0.440246,0.697935,-0.015451,-0.003908,-0.003184,0.584206,-0.449882,-0.154418,-0.910959,0.08066,0.017388,-0.052012,0.377813,-0.367903,-0.849649,0.188426,0.929013,-0.318481,0.906505,-0.039769,0.420315,1e-06,-4e-06,-4e-06,-1.4e-05,1e-06,1e-06,-0.601092
