frame,MLTx,MLTy,MLTz,MLTR1,MLTR2,MLTR3,MLTR4,MLTR5,MLTR6,MLTR7,MLTR8,MLTR9,MLTTVx,MLTTVy,MLTTVz,MLTRVx,MLTRVy,MLTRVz,MLGA,MRTx,MRTy,MRTz,MRTR1,MRTR2,MRTR3,MRTR4,MRTR5,MRTR6,MRTR7,MRTR8,MRTR9,MRTTVx,MRTTVy,MRTTVz,MRTRVx,MRTRVy,MRTRVz,MRGA,SLTx,SLTy,SLTz,SLTR1,SLTR2,SLTR3,SLTR4,SLTR5,SLTR6,SLTR7,SLTR8,SLTR9,SLTTVx,SLTTVy,SLTTVz,SLTRVx,SLTRVy,SLTRVz,SLGA,SRTx,SRTy,SRTz,SRTR1,SRTR2,SRTR3,SRTR4,SRTR5,SRTR6,SRTR7,SRTR8,SRTR9,SRTTVx,SRTTVy,SRTTVz,SRTRVx,SRTRVy,SRTRVz,SRGA
396,0.127092,-0.036385,0.285905,-0.417149,-0.102127,-0.903107,-0.223219,-0.951716,0.210671,-0.880502,0.289594,0.375337,0.000882,0.00421,0.005827,-0.003617,-0.013828,-0.008482,-0.867649,-0.171034,-0.019557,0.266747,-0.676043,0.076953,0.732827,0.379704,-0.815824,0.436107,0.632247,0.572983,0.521361,-0.0,-0.0,-0.0,-1.561458,-2.568844,1.162891,0.187559,0.040581,0.043901,-0.024697,0.678357,-0.060477,0.732238,-0.395329,0.810003,0.433138,-0.61931,-0.583297,0.525564,-0.007702,-0.000419,0.000372,-4.065782,-2.380841,-2.900511,0.024369,0.066172,0.032524,-0.063661,0.414369,0.12715,-0.901182,0.171118,0.961648,0.214362,0.893877,-0.243034,0.376719,0.008355,0.001719,0.00278,0.010721,-0.017273,0.060265,-0.866439
397,0.127376,-0.036266,0.28617,-0.415985,-0.103945,-0.903436,-0.218012,-0.953074,0.209981,-0.882356,0.284433,0.37493,0.001026,0.004923,0.006796,0.000535,-0.015173,0.024496,-0.910447,-0.171405,-0.019555,0.266773,-0.680698,0.065654,0.729611,0.392367,-0.808272,0.438952,0.619378,0.584981,0.52348,-0.016274,0.012027,-0.005169,0.035394,-0.01386,0.010868,0.231337,0.040402,0.043896,-0.024684,0.684973,-0.048487,0.726952,-0.408026,0.8011,0.437896,-0.603594,-0.596563,0.528948,-2e-06,6e-06,1e-05,-0.001221,0.00201,-0.005607,0.085603,0.066314,0.032584,-0.063529,0.413324,0.128705,-0.901441,0.165774,0.962781,0.213473,0.895366,-0.237669,0.376605,0.000508,0.002458,0.003388,0.000554,-0.014286,0.025183,-0.889626
398,0.127728,-0.036192,0.286446,-0.4146,-0.105496,-0.903894,-0.213013,-0.954411,0.209039,-0.884228,0.279334,0.374354,0.001078,0.005209,0.007175,0.000536,-0.015164,0.024502,-0.95479,-0.171903,-0.019544,0.266808,-0.689659,0.051228,0.722314,0.407022,-0.79746,0.445336,0.599677,0.601058,0.528185,-0.015412,-0.000376,0.001149,-0.002144,0.014787,-0.028819,0.268775,0.040153,0.043908,-0.024667,0.693658,-0.033909,0.719505,-0.422367,0.789995,0.444424,-0.583476,-0.612174,0.533664,-0.007706,-0.000156,0.000624,0.000209,0.021237,-0.035086,0.143735,0.066489,0.03262,-0.063391,0.411866,0.130179,-0.901897,0.16071,0.963851,0.212512,0.89696,-0.232471,0.376057,0.000538,0.002625,0.003612,0.000148,-0.015047,0.024684,-0.905302
399,0.128127,-0.036134,0.286738,-0.411387,-0.109185,-0.904922,-0.207971,-0.955364,0.209759,-0.886926,0.27462,0.371446,0.016652,0.003321,0.00533,0.000555,-0.033634,0.051755,-0.980991,-0.172599,-0.019548,0.266825,-0.69706,0.027803,0.716467,0.431475,-0.781672,0.45028,0.573418,0.622969,0.531944,-0.015419,-0.000657,0.000737,-3.961881,-2.473455,-2.969226,0.283705,0.039805,0.043906,-0.024658,0.70043,-0.014467,0.713573,-0.441895,0.776326,0.449495,-0.560469,-0.630164,0.537369,-0.00814,0.005509,-0.003306,0.035999,0.008627,-0.018002,0.178679,0.066683,0.032649,-0.063246,0.408349,0.133871,-0.902955,0.155622,0.964496,0.213372,0.899462,-0.22765,0.373017,0.008291,0.001509,0.002452,0.00789,-0.000625,0.037407,-0.917875
400,0.128353,-0.036133,0.286889,-0.410995,-0.108685,-0.905161,-0.208392,-0.955378,0.209278,-0.88701,0.27477,0.371136,0.016559,0.002902,0.004742,0.001511,-0.029921,0.054029,-0.99281,-0.173006,-0.019539,0.266828,-0.699493,0.019896,0.714356,0.439348,-0.776283,0.451988,0.564395,0.629982,0.533334,-0.016272,0.011043,-0.0066,-0.072165,-0.064239,-0.091591,0.28863,0.039602,0.043906,-0.024653,0.702741,-0.002484,0.71144,-0.454147,0.768179,0.451276,-0.547635,-0.640229,0.538704,-0.007711,-0.000325,0.000374,-0.359131,-0.208381,-0.300021,0.188639,0.066796,0.03265,-0.063169,0.408105,0.133235,-0.903159,0.156022,0.964559,0.212794,0.899503,-0.227755,0.372853,0.008036,-0.004366,0.006118,-0.033415,0.003768,0.014358,-0.921794
401,0.128848,-0.036215,0.287203,-0.407861,-0.112372,-0.906127,-0.203597,-0.956216,0.210167,-0.889568,0.270338,0.368256,0.015962,-0.00929,0.011463,-0.035596,-0.004462,0.009343,-1.011157,-0.174007,-0.019478,0.266825,-0.708064,0.008798,0.706087,0.447717,-0.767516,0.458697,0.54684,0.640897,0.538592,-0.030827,-0.000995,0.001848,-0.364729,-0.247572,-0.271654,0.296655,0.039118,0.043941,-0.02466,0.710972,0.007593,0.703178,-0.461064,0.760055,0.457967,-0.530978,-0.649813,0.543879,-0.007711,-0.000194,0.000675,-4.024903,-3.124485,-2.330729,0.204152,0.067038,0.032614,-0.063014,0.404635,0.136903,-0.904171,0.151185,0.965109,0.213788,0.901893,-0.223204,0.36982,0.00015,-0.003896,0.006379,-0.027577,0.030085,-0.009065,-0.930449
402,0.129374,-0.036344,0.287525,-0.406634,-0.113938,-0.906484,-0.198937,-0.95734,0.209512,-0.891184,0.265664,0.367751,0.016058,-0.008796,0.012116,-0.034177,0.00068,0.012464,-1.030196,-0.175129,-0.019339,0.266798,-0.716315,-0.002668,0.697765,0.455791,-0.758816,0.465172,0.529117,0.651242,0.543859,-0.031632,0.010998,-0.005127,0.028688,0.002735,-0.025585,0.299,0.038546,0.044006,-0.02467,0.719078,0.020455,0.694627,-0.470201,0.750336,0.464657,-0.511699,-0.66074,0.549168,-0.015402,-0.000283,0.001211,-0.014138,-0.016436,-0.010219,0.212643,0.067313,0.032545,-0.06285,0.403464,0.138212,-0.904496,0.146473,0.966021,0.212949,0.903195,-0.218402,0.36951,0.008031,-0.004358,0.006104,-0.034493,0.001402,0.013142,-0.936654
403,0.129634,-0.036404,0.287716,-0.406388,-0.113545,-0.906643,-0.199459,-0.957292,0.209234,-0.891179,0.266004,0.367516,0.016123,-0.008455,0.01257,-0.03428,0.00068,0.012492,-1.043578,-0.175714,-0.019255,0.266762,-0.720431,-0.010614,0.69344,0.461829,-0.753134,0.468442,0.518168,0.657736,0.546578,-0.031636,0.010573,-0.005755,-3.800021,-2.571054,-3.061597,0.299526,0.038265,0.044049,-0.024687,0.723184,0.024185,0.690231,-0.471646,0.74736,0.467976,-0.504534,-0.663978,0.551885,-0.015818,0.005272,-0.002879,0.046845,-0.092205,0.116493,0.21395,0.06743,0.032516,-0.062761,0.403272,0.13784,-0.904638,0.146967,0.966,0.212705,0.9032,-0.21873,0.369303,0.008096,-0.004035,0.00654,-0.034195,-0.014217,0.037292,-0.941716
404,0.130067,-0.03646,0.288131,-0.409321,-0.115288,-0.905102,-0.194223,-0.958238,0.209833,-0.890991,0.261818,0.370965,0.000799,-0.005332,0.016095,-0.038447,0.104883,-0.161651,-1.053004,-0.176957,-0.01906,0.266646,-0.728891,-0.01382,0.684485,0.460136,-0.75005,0.47501,0.507732,0.661196,0.55217,-0.031637,0.009961,-0.006681,0.032353,0.018077,-0.041374,0.300057,0.037643,0.044148,-0.024744,0.731275,0.031826,0.681339,-0.474354,0.741521,0.474482,-0.490127,-0.670174,0.557353,-0.015826,0.004782,-0.003597,0.034568,0.025081,-0.04781,0.216072,0.067658,0.032487,-0.062556,0.406059,0.13954,-0.90313,0.141752,0.966693,0.213095,0.902785,-0.21455,0.372754,0.00839,0.00215,0.003272,-0.001906,-0.037782,0.05161,-0.948411
405,0.130483,-0.036477,0.288597,-0.409136,-0.11487,-0.905239,-0.195027,-0.958111,0.209666,-0.8909,0.262465,0.370725,0.016643,-0.005728,0.016219,-0.033731,-0.014475,0.037006,-1.053281,-0.178294,-0.01881,0.266523,-0.732719,-0.017959,0.680288,0.461619,-0.747468,0.477633,0.500819,0.66402,0.555086,-0.030805,-0.000987,0.001635,-0.004089,0.030411,-0.058491,0.29401,0.036963,0.044275,-0.02481,0.735029,0.036002,0.677078,-0.475701,0.738959,0.477123,-0.483156,-0.672787,0.560283,-0.023488,0.005125,-0.002393,0.031381,0.035499,-0.072192,0.213133,0.06786,0.032479,-0.062323,0.405933,0.139275,-0.903227,0.142534,0.966576,0.213102,0.902718,-0.215246,0.372514,0.000679,0.003477,0.004714,0.00028,-0.015182,0.024577,-0.949717
406,0.130659,-0.036467,0.288861,-0.410953,-0.116549,-0.904201,-0.194993,-0.957605,0.211997,-0.890069,0.263573,0.371932,0.001063,-0.003957,0.017919,-0.038613,0.104226,-0.162066,-1.049811,-0.178998,-0.018665,0.266457,-0.735978,-0.02644,0.676482,0.467928,-0.741842,0.480257,0.490053,0.670029,0.557469,-0.031561,0.010774,-0.005645,-3.706249,-2.636205,-3.122367,0.289689,0.036611,0.044343,-0.02484,0.738347,0.04018,0.673222,-0.477534,0.736039,0.479799,-0.47624,-0.675744,0.56264,-0.01578,0.005392,-0.002792,0.034042,0.023389,-0.046444,0.208887,0.067955,0.032482,-0.062184,0.407669,0.141053,-0.902169,0.142551,0.966052,0.215456,0.901934,-0.216439,0.373722,0.000537,-0.001923,0.009027,-0.037744,0.101345,-0.157754,-0.948901
407,0.130947,-0.036405,0.289442,-0.408847,-0.118248,-0.904935,-0.195752,-0.957128,0.213449,-0.890874,0.264552,0.369301,0.001625,0.008322,0.01123,0.000716,-0.031775,0.048127,-1.022443,-0.180418,-0.018373,0.266307,-0.744138,-0.0304,0.667327,0.466419,-0.738634,0.486628,0.479035,0.673403,0.562953,-0.046935,0.010149,-0.005142,0.020688,-0.016967,-0.016275,0.281756,0.035889,0.044493,-0.024917,0.746157,0.048642,0.66399,-0.480249,0.730049,0.486197,-0.461096,-0.681661,0.568092,-0.023465,0.005064,-0.00256,0.022288,-0.012162,-0.020638,0.197294,0.068092,0.032511,-0.061904,0.405376,0.142766,-0.902932,0.143305,0.965593,0.21701,0.902847,-0.217366,0.370969,0.000718,0.003711,0.005001,0.002516,0.100843,-0.138311,-0.946125
408,0.131207,-0.036392,0.290009,-0.409052,-0.127875,-0.903532,-0.205885,-0.951669,0.227838,-0.888494,0.279374,0.364082,0.001037,-0.004041,0.017732,-0.11984,-0.138095,-0.091792,-0.927774,-0.181825,-0.018064,0.266161,-0.748713,-0.030463,0.662187,0.463098,-0.738625,0.489803,0.475112,0.67341,0.56626,-0.031492,0.010954,-0.00554,0.032326,0.017727,-0.041625,0.27901,0.035198,0.044644,-0.024989,0.750682,0.048758,0.658861,-0.476917,0.730127,0.48935,-0.457193,-0.681569,0.571347,-0.023437,0.005289,-0.002299,0.031358,0.036491,-0.07403,0.191579,0.068223,0.032526,-0.06162,0.4048,0.152427,-0.90161,0.153756,0.960622,0.231436,0.901385,-0.232314,0.365423,0.000683,0.003559,0.004784,-0.54911,0.040084,-0.132953,-0.92408
409,0.131505,-0.036303,0.290537,-0.409798,-0.150375,-0.899721,-0.218399,-0.941459,0.256767,-0.885157,0.301903,0.354089,0.001567,0.00812,0.010875,-0.274289,-0.649143,-0.876236,-0.78301,-0.1833,-0.017738,0.266023,-0.754504,-0.039321,0.65511,0.467285,-0.732927,0.494365,0.461641,0.679165,0.570514,-0.030757,-0.000691,0.001791,-0.437809,-0.771846,0.262843,0.27853,0.03446,0.044811,-0.02506,0.755721,0.057371,0.652374,-0.48099,0.72467,0.493458,-0.444447,-0.686703,0.575243,-0.015726,0.005518,-0.002716,-1.426775,-2.659486,1.018198,0.189619,0.068377,0.032562,-0.061349,0.406402,0.172466,-0.897269,0.167071,0.95144,0.25855,0.898289,-0.254983,0.357854,0.000647,-0.001362,0.009733,-0.327505,0.136272,-1.186699,-0.883584
410,0.131643,-0.036224,0.290854,-0.40911,-0.162151,-0.897988,-0.221556,-0.936988,0.270072,-0.884692,0.30964,0.348526,0.001618,-0.000978,0.021764,-0.168109,-0.28284,-0.594287,-0.721265,-0.18405,-0.017574,0.265945,-0.757557,-0.039335,0.651576,0.465029,-0.732849,0.496603,0.458909,0.679248,0.572615,-0.046851,0.010147,-0.005429,0.027343,0.017728,-0.054635,0.279499,0.034091,0.04489,-0.025095,0.759352,0.057765,0.64811,-0.478637,0.724334,0.496232,-0.440784,-0.687024,0.577673,-0.015401,-0.000746,0.000339,-0.012473,-0.015211,-0.008329,0.189619,0.068446,0.032602,-0.061199,0.4031,0.18627,-0.895998,0.170439,0.946656,0.27348,0.899144,-0.262953,0.34985,0.000928,0.004844,0.006472,-0.16196,-0.392241,-0.661182,-0.835414
411,0.132032,-0.036029,0.291523,-0.398911,-0.195799,-0.895867,-0.216962,-0.929052,0.299602,-0.890478,0.314122,0.329247,0.017654,0.009434,0.01315,-0.213839,-0.451347,-0.862535,-0.668905,-0.185568,-0.017288,0.265821,-0.761637,-0.037091,0.646934,0.461447,-0.731789,0.501484,0.45576,0.680513,0.573627,-0.046775,0.010821,-0.004601,0.030044,0.0329,-0.070826,0.275465,0.033344,0.045032,-0.02516,0.763454,0.05549,0.643473,-0.474968,0.723363,0.50115,-0.437656,-0.688234,0.578611,-0.023389,0.005393,-0.002297,0.037369,0.032694,-0.078517,0.189129,0.068634,0.032693,-0.060864,0.392189,0.217665,-0.893761,0.166204,0.938844,0.301575,0.904745,-0.266821,0.332027,0.008658,-0.000823,0.010706,-0.120535,-0.168311,-0.48917,-0.763729
412,0.132658,-0.035843,0.292067,-0.393587,-0.214417,-0.893957,-0.214233,-0.924258,0.315947,-0.893507,0.316129,0.318957,0.017213,0.007316,0.010267,0.014458,-0.493944,0.272116,-0.658654,-0.187043,-0.017073,0.265785,-0.763595,-0.037666,0.644589,0.460302,-0.73167,0.502707,0.453636,0.68061,0.575194,-0.046695,0.011506,-0.003756,0.01849,0.148853,-0.231968,0.264471,0.032606,0.045138,-0.025179,0.76548,0.05612,0.641006,-0.473718,0.723328,0.50238,-0.435464,-0.688219,0.580279,-0.023019,2e-06,0.001955,-0.005292,0.04893,-0.091444,0.179332,0.068943,0.032796,-0.060587,0.38627,0.239509,-0.890746,0.162717,0.93286,0.321395,0.907919,-0.269085,0.321364,0.008643,0.00389,0.005434,-0.098432,-0.142963,-0.450266,-0.741358
413,0.13299,-0.035752,0.292283,-0.386115,-0.215384,-0.896978,-0.21534,-0.924455,0.314618,-0.896504,0.314896,0.311685,0.017247,0.007594,0.010603,-0.00815,-0.567818,0.269853,-0.662634,-0.187739,-0.017004,0.26578,-0.764569,-0.03794,0.643417,0.45977,-0.731539,0.503385,0.452532,0.680736,0.575914,-0.046712,0.011119,-0.004355,0.030234,0.032474,-0.071119,0.259738,0.032247,0.045174,-0.025179,0.766312,0.056455,0.639982,-0.473316,0.723195,0.502951,-0.434438,-0.688332,0.580914,-0.015363,-0.00022,0.000983,-0.003513,0.033094,-0.061367,0.172964,0.069115,0.032838,-0.060474,0.378018,0.238441,-0.894565,0.164131,0.933697,0.318229,0.911132,-0.267122,0.313819,0.008372,-0.002288,0.008708,0.111245,-1.675686,1.787997,-0.739072
414,0.13395,-0.035529,0.292677,-0.349956,-0.207969,-0.913414,-0.212579,-0.931982,0.293584,-0.911911,0.297167,0.283083,0.032786,0.00642,0.009536,0.10852,-1.910032,2.06921,-0.694021,-0.189093,-0.016939,0.265786,-0.768421,-0.038236,0.638795,0.457265,-0.730972,0.506481,0.448526,0.681329,0.578342,-0.030739,-0.000614,0.001597,-0.048222,-0.019902,-0.037643,0.252739,0.031552,0.04521,-0.025178,0.770087,0.05684,0.6354,-0.470827,0.722707,0.505978,-0.430449,-0.688812,0.58331,-0.015371,-0.000313,0.000814,-0.05058,-0.03248,-0.024072,0.162513,0.069588,0.03295,-0.060278,0.343878,0.230305,-0.910333,0.160671,0.940728,0.298687,0.925166,-0.248976,0.286492,0.016302,0.002736,0.004133,-0.193401,-0.576768,-0.402844,-0.746094
415,0.135282,-0.035384,0.293114,-0.302183,-0.231083,-0.924841,-0.181905,-0.938371,0.293841,-0.935375,0.257309,0.242679,0.032415,-0.00474,0.017585,4.814309,-2.461264,-1.751393,-0.790647,-0.190386,-0.016942,0.265833,-0.768404,-0.038995,0.63877,0.457911,-0.730611,0.506418,0.447894,0.681674,0.578424,-0.030762,-0.000815,0.001247,-0.004089,0.03041,-0.05849,0.244372,0.030917,0.04521,-0.025154,0.770103,0.05758,0.635315,-0.471414,0.722336,0.505962,-0.429778,-0.68914,0.583417,-0.015389,-0.000487,0.000536,-0.003418,0.033587,-0.061933,0.152389,0.070254,0.033026,-0.060062,0.294938,0.24723,-0.922977,0.135893,0.945274,0.296627,0.945803,-0.212913,0.2452,0.016393,0.003414,0.004965,-0.374812,-1.134534,-0.567403,-0.793448
416,0.136895,-0.035319,0.293807,-0.236993,-0.246544,-0.939731,-0.162506,-0.94358,0.28848,-0.957545,0.221381,0.184729,0.048853,-0.000401,0.023552,-0.211317,-1.392219,-0.128855,-0.916831,-0.191608,-0.016934,0.265904,-0.766438,-0.03998,0.641067,0.460111,-0.730404,0.50472,0.449007,0.68184,0.577365,-0.030714,-0.000205,0.00204,-0.015551,0.146848,-0.219309,0.235776,0.030306,0.045213,-0.02512,0.768193,0.058504,0.637538,-0.47354,0.722092,0.504323,-0.430856,-0.689318,0.58241,-0.015358,-9.9e-05,0.00105,-0.004095,0.030473,-0.058531,0.141612,0.071054,0.03305,-0.059727,0.2278,0.261347,-0.937978,0.110722,0.950105,0.291616,0.967391,-0.170286,0.187497,0.024468,4.6e-05,0.012081,-0.004851,-1.819654,-0.414539,-0.872154
417,0.137806,-0.035272,0.2943,-0.19441,-0.259088,-0.94611,-0.154977,-0.944266,0.290372,-0.968374,0.203393,0.144602,0.049269,0.002453,0.027115,-0.532014,-2.350663,0.213109,-0.996753,-0.192196,-0.016924,0.265945,-0.765496,-0.040451,0.642162,0.46116,-0.730305,0.503906,0.449537,0.681919,0.576859,-0.030664,0.000362,0.002805,-0.004089,0.030411,-0.058491,0.229589,0.030012,0.045217,-0.025101,0.767151,0.058985,0.638747,-0.474686,0.721954,0.503441,-0.431451,-0.689421,0.581848,-0.007647,0.000316,0.001042,-0.013493,0.131679,-0.190072,0.1341,0.071509,0.033071,-0.059484,0.186838,0.271013,-0.944268,0.102553,0.950561,0.293111,0.977022,-0.151602,0.149808,0.024628,0.001093,0.013378,-0.490214,-3.13164,1.947088,-0.922774
418,0.139419,-0.035053,0.295416,-0.107597,-0.29614,-0.949089,-0.133409,-0.941678,0.308896,-0.985083,0.160215,0.062998,0.034215,0.017046,0.022669,-0.336614,-2.07959,-0.582876,-1.121746,-0.193326,-0.016902,0.266007,-0.763279,-0.038913,0.644889,0.462871,-0.729137,0.504028,0.451543,0.683255,0.573703,-0.030709,-0.000104,0.002093,-0.035185,0.071705,-0.026354,0.22061,0.029459,0.045229,-0.025069,0.76499,0.057288,0.641488,-0.476407,0.720587,0.503775,-0.433388,-0.690992,0.578535,-0.007951,0.005852,-0.003085,0.007997,0.04771,0.024487,0.121527,0.072303,0.033177,-0.058931,0.098783,0.302794,-0.947922,0.081465,0.946923,0.310965,0.991768,-0.10794,0.068872,0.016934,0.002717,0.015108,1.069069,-2.553999,-0.751145,-0.934531
419,0.140704,-0.034788,0.296555,-0.01009,-0.335484,-0.942016,-0.10218,-0.93677,0.334653,-0.994715,0.100043,-0.023653,0.033906,0.006289,0.031074,1.074163,-2.645539,-0.59262,-1.225817,-0.194272,-0.016838,0.266042,-0.761918,-0.039623,0.646453,0.464326,-0.729095,0.50275,0.452347,0.683261,0.573063,-0.030701,-1.5e-05,0.002168,-0.004096,0.030419,-0.058484,0.21531,0.02898,0.045261,-0.025051,0.763627,0.058055,0.643041,-0.477794,0.720679,0.502328,-0.434263,-0.690833,0.578068,-0.015351,-8e-06,0.001102,-0.002977,0.029341,-0.059284,0.111077,0.072965,0.033318,-0.05835,-0.002723,0.338228,-0.94106,0.052091,0.939834,0.337637,0.998638,-0.048101,-0.020178,0.009064,0.003549,0.015627,4.635202,-4.245619,-0.728252,-0.893708
420,0.1412,-0.034637,0.297141,0.041002,-0.355447,-0.933821,-0.096718,-0.931614,0.350303,-0.994531,0.07639,-0.071412,0.01835,0.007216,0.031789,-0.107234,-2.674201,-0.877399,-1.243955,-0.194689,-0.016771,0.26604,-0.761261,-0.039957,0.647206,0.464978,-0.72914,0.502081,0.452783,0.683194,0.572798,-0.030677,0.000212,0.002466,-0.004089,0.030411,-0.05849,0.214741,0.028765,0.045294,-0.025052,0.762951,0.058397,0.643811,-0.47847,0.720709,0.50164,-0.434707,-0.690772,0.577808,-0.007661,0.000142,0.00076,-0.013304,0.131495,-0.19025,0.107647,0.073226,0.033397,-0.058044,-0.055557,0.355094,-0.933177,0.045293,0.934555,0.352921,0.997427,-0.022659,-0.068005,0.009168,0.003617,0.015906,-0.102569,-2.668751,-0.873839,-0.910037
421,0.141746,-0.034236,0.298372,0.131036,-0.388903,-0.911937,-0.084218,-0.920896,0.380565,-0.98797,0.027412,-0.152286,0.003061,0.009688,0.034347,0.011774,-2.14474,-0.780689,-1.244465,-0.195547,-0.016543,0.266012,-0.755941,-0.038586,0.653495,0.468607,-0.728785,0.499213,0.457929,0.683649,0.568146,-0.015266,0.000784,0.00216,-0.013407,0.03217,-0.018564,0.215279,0.02833,0.045408,-0.025066,0.757589,0.05675,0.650259,-0.482196,0.720101,0.49894,-0.439938,-0.691544,0.572905,-0.007878,0.00638,-0.00238,0.044821,-0.00044,-0.008499,0.105361,0.073499,0.033597,-0.057429,-0.14861,0.384356,-0.911144,0.033556,0.922805,0.383802,0.988326,0.026463,-0.150036,0.001525,0.00489,0.017238,-0.013602,-2.232712,-0.832475,-0.894198
422,0.141828,-0.033853,0.299696,0.198681,-0.423311,-0.883956,-0.085636,-0.905974,0.414547,-0.976576,-0.006144,-0.215149,0.003116,0.010139,0.034662,-0.018175,-1.26063,-1.325944,-1.215849,-0.1963,-0.016216,0.265989,-0.740427,-0.038163,0.671046,0.479273,-0.729781,0.487494,0.472026,0.682608,0.557764,-0.015115,0.00216,0.004066,0.109172,0.444121,-0.447294,0.213531,0.027954,0.045569,-0.025081,0.742585,0.056008,0.667404,-0.492618,0.720801,0.48762,-0.453755,-0.690875,0.562847,-0.007848,0.006578,-0.002116,0.398922,1.825665,-2.033729,0.104382,0.073539,0.033785,-0.05678,-0.217682,0.414065,-0.883834,0.035357,0.908301,0.416819,0.975378,0.059485,-0.212361,0.001575,0.005004,0.017322,0.70816,-0.634365,-3.007699,-0.877869
423,0.141554,-0.03349,0.301111,0.255421,-0.451454,-0.854983,-0.074437,-0.890863,0.4481,-0.964292,-0.050256,-0.260083,-0.012531,-0.000278,0.043213,4.401104,-3.815613,0.578996,-1.150448,-0.196902,-0.015883,0.265962,-0.718326,-0.035617,0.694788,0.492917,-0.730668,0.472324,0.491722,0.681793,0.541509,-0.015671,0.013187,-0.004233,0.124045,0.587187,-0.625164,0.215107,0.027653,0.045734,-0.025087,0.720681,0.052938,0.691241,-0.506318,0.721283,0.472643,-0.47356,-0.690614,0.546619,-0.007821,0.006729,-0.001915,0.404518,1.754663,-1.925216,0.103075,0.073408,0.033973,-0.056073,-0.272117,0.440729,-0.855399,0.029416,0.892339,0.450403,0.961813,0.0974,-0.255786,-0.006196,0.005306,0.017372,-0.124046,-0.87635,-0.784762,-0.857131
424,0.141254,-0.033382,0.301894,0.278822,-0.46125,-0.842349,-0.065868,-0.884245,0.462326,-0.958441,-0.072856,-0.275878,-0.012551,-0.000523,0.042785,-0.268443,-0.876694,-0.730747,-1.106041,-0.197133,-0.015745,0.265957,-0.712459,-0.030924,0.701026,0.495178,-0.729851,0.471222,0.49795,0.682889,0.534388,-0.015677,0.01305,-0.004431,-0.092799,0.127561,0.243709,0.215824,0.027538,0.045803,-0.025089,0.714352,0.048975,0.69807,-0.509196,0.720648,0.470514,-0.48002,-0.691568,0.539735,-0.007586,0.000743,0.001558,-0.176651,0.331555,0.150419,0.103565,0.073263,0.034023,-0.055694,-0.298995,0.447657,-0.842735,0.015873,0.885346,0.46466,0.954122,0.125555,-0.27182,-0.006347,-0.000593,0.021017,-0.084752,-0.61789,-0.526986,-0.840966
425,0.140619,-0.033484,0.303409,0.318396,-0.47837,-0.818432,-0.034905,-0.868688,0.494099,-0.947725,-0.128163,-0.292263,-0.013131,-0.004354,0.037917,2.485564,-0.524472,-2.359126,-1.047839,-0.197445,-0.015663,0.265951,-0.69771,-0.024251,0.715963,0.502125,-0.729234,0.464783,0.511691,0.683809,0.520039,-0.01534,-0.000124,0.000838,0.036027,0.534396,-0.423575,0.218349,0.027382,0.04585,-0.025093,0.700372,0.041267,0.712583,-0.515608,0.719604,0.465098,-0.493586,-0.693156,0.525268,-1.8e-05,-0.000175,-0.000238,0.260426,1.793467,-1.82649,0.106341,0.072942,0.033982,-0.054917,-0.339882,0.461009,-0.819725,-0.012295,0.869361,0.494022,0.940387,0.177988,-0.289812,-0.006574,-0.002178,0.018691,4.424376,-2.944468,1.510048,-0.818921
426,0.139933,-0.034026,0.304968,0.352241,-0.492354,-0.795964,0.00735,-0.848986,0.528337,-0.936334,-0.191346,-0.294436,-0.013998,-0.019475,0.041182,5.56984,-2.408234,-1.306887,-1.041286,-0.197621,-0.015707,0.265919,-0.679142,-0.018809,0.73376,0.512446,-0.72772,0.455803,0.526233,0.685582,0.50291,-5.6e-05,-0.000518,-0.000724,-0.05541,0.191545,-0.130297,0.217044,0.027288,0.045827,-0.02511,0.68156,0.035389,0.730905,-0.52615,0.717876,0.455871,-0.508567,-0.69527,0.507896,-0.007695,-0.000287,0.000105,-0.018218,0.095446,-0.03978,0.106341,0.07261,0.033725,-0.054153,-0.372119,0.474381,-0.797802,-0.05062,0.847878,0.527768,0.926803,0.236778,-0.291499,-0.007022,-0.004933,0.015604,-0.030919,0.113524,-0.473902,-0.825943
427,0.139584,-0.034381,0.305671,0.357979,-0.50526,-0.785244,0.012416,-0.838323,0.545006,-0.934108,-0.204228,-0.292849,-0.029703,-0.020577,0.039512,-0.21107,-0.063473,-0.868022,-1.044184,-0.19768,-0.015708,0.265903,-0.670112,-0.017699,0.742043,0.518,-0.727026,0.450602,0.532332,0.686346,0.495394,-0.01534,-9.9e-05,0.000867,-0.167283,0.390103,-0.081883,0.218358,0.027264,0.045825,-0.02512,0.672786,0.035292,0.738994,-0.531735,0.717575,0.449825,-0.514408,-0.695586,0.50154,-1e-05,-8.5e-05,-0.000115,-0.247918,0.493798,0.056547,0.106341,0.072419,0.033534,-0.05377,-0.381802,0.48779,-0.785039,-0.059688,0.834599,0.547613,0.922314,0.255938,-0.289537,-0.014898,-0.010485,0.019558,-0.234581,-0.08265,-0.861639,-0.838353
428,0.138652,-0.035079,0.307049,0.359667,-0.542544,-0.759165,0.008863,-0.811589,0.584138,-0.933501,-0.216155,-0.286145,-0.030029,-0.022433,0.037202,-0.177633,0.096438,-0.745886,-1.008708,-0.197714,-0.015703,0.265913,-0.652966,-0.034856,0.756579,0.549472,-0.709164,0.441702,0.521942,0.70417,0.481231,4e-06,4e-05,5.5e-05,-0.077176,0.145031,-0.15308,0.224199,0.027242,0.045828,-0.025114,0.655226,0.050914,0.753714,-0.562782,0.698468,0.442061,-0.503939,-0.713827,0.486308,2e-06,3.5e-05,4.5e-05,-0.140084,0.194767,-0.386061,0.110423,0.07197,0.033196,-0.053107,-0.386213,0.52411,-0.759043,-0.054987,0.808347,0.586132,0.920768,0.268109,-0.283375,-0.015038,-0.011249,0.018593,-0.097319,0.04109,-0.92274,-0.855008
429,0.137853,-0.035795,0.308197,0.399223,-0.564214,-0.722723,0.032222,-0.779147,0.625989,-0.9168,-0.272502,-0.291971,-0.01488,-0.015084,0.024722,3.68127,-3.806623,0.45532,-0.992318,-0.197631,-0.0157,0.265946,-0.632039,-0.059952,0.772608,0.593449,-0.678439,0.432981,0.498983,0.732229,0.463377,3.7e-05,0.000345,0.000482,-0.11188,0.347045,-0.33244,0.228442,0.027283,0.045829,-0.025097,0.63403,0.075742,0.76959,-0.606076,0.666768,0.433695,-0.480289,-0.741406,0.468656,2.3e-05,0.000219,0.000294,-0.166907,0.420117,-0.526987,0.118914,0.071559,0.03283,-0.052519,-0.422289,0.54618,-0.723435,-0.072461,0.775193,0.627554,0.90356,0.31743,-0.287779,-0.007617,-0.013299,0.01629,-0.334287,-0.288741,-1.36789,-0.851743
430,0.137336,-0.036365,0.309234,0.459054,-0.56209,-0.688018,0.064387,-0.751361,0.656721,-0.886661,-0.345078,-0.307864,-0.01456,-0.013119,0.027041,3.599374,-3.930012,0.666211,-1.036102,-0.197446,-0.015761,0.265938,-0.613323,-0.072357,0.786505,0.623168,-0.656,0.425746,0.485891,0.751324,0.446412,0.015175,-0.001438,-0.003023,-0.1336,0.393252,-0.192306,0.226159,0.02737,0.045803,-0.025096,0.61513,0.088338,0.78346,-0.635415,0.643829,0.426299,-0.466756,-0.760053,0.45217,-2.6e-05,-0.000224,-0.000325,-0.190012,0.562319,-0.3139,0.119568,0.0713,0.032539,-0.052008,-0.48306,0.541202,-0.688297,-0.102698,0.745651,0.658374,0.869543,0.388722,-0.304614,0.000493,-0.001705,0.008774,0.020645,-0.702198,-0.964316,-0.872317
431,0.137205,-0.036409,0.309565,0.483475,-0.5616,-0.671493,0.070817,-0.739507,0.669392,-0.873109,-0.370495,-0.316923,-0.014265,0.007598,0.008717,-0.131783,-0.272247,-0.99847,-1.051672,-0.197309,-0.015794,0.265918,-0.602924,-0.084749,0.79328,0.643556,-0.639171,0.420987,0.4721,0.764437,0.438886,0.015236,-0.000883,-0.00225,-0.507937,0.143178,-0.40674,0.216535,0.027438,0.045784,-0.025109,0.604507,0.100103,0.790284,-0.655148,0.626831,0.421738,-0.453158,-0.772697,0.444506,-5.2e-05,-0.000532,-0.000741,-1.487347,-0.18329,-1.078029,0.115485,0.071234,0.032512,-0.051832,-0.510846,0.53646,-0.671748,-0.11282,0.732806,0.671018,0.852236,0.418574,-0.313828,0.000498,-0.001697,0.008775,0.026915,-0.632665,-0.915052,-0.876563
432,0.137244,-0.036186,0.309846,0.530124,-0.556503,-0.639779,0.074286,-0.721156,0.688758,-0.84534,-0.411968,-0.340162,0.000915,0.005441,0.006469,-0.306185,-0.800816,-0.98931,-1.128481,-0.19696,-0.01589,0.265795,-0.588177,-0.104791,0.801909,0.675753,-0.608263,0.416303,0.444865,0.786871,0.427542,0.015122,-0.002006,-0.003834,-0.418748,0.571157,-0.033915,0.194868,0.027613,0.045736,-0.025169,0.589203,0.122402,0.798658,-0.687184,0.59583,0.415647,-0.424989,-0.793727,0.435178,-0.000128,-0.001221,-0.001728,-0.401929,-0.102908,-0.38464,0.087726,0.071248,0.032624,-0.051691,-0.555394,0.529004,-0.641631,-0.116557,0.714437,0.689923,0.823377,0.457966,-0.335135,0.008178,0.007261,-0.001904,0.140465,-0.632116,-0.577585,-0.866765
433,0.137757,-0.035643,0.309601,0.562281,-0.543738,-0.623085,0.06378,-0.722728,0.688163,-0.825204,-0.426012,-0.370918,0.016124,0.022663,-0.015666,-0.780512,-0.631309,-0.242768,-1.257148,-0.196567,-0.016033,0.265638,-0.574014,-0.121869,0.809721,0.699787,-0.586335,0.407975,0.425749,0.800954,0.420801,0.015095,-0.002333,-0.004308,-1.351581,-0.574247,-0.829332,0.197808,0.027809,0.045664,-0.02525,0.574982,0.135781,0.806819,-0.709597,0.573637,0.409158,-0.407266,-0.807776,0.426182,-0.000146,-0.001505,-0.00194,-4.484945,-2.136081,-2.483633,0.079398,0.071499,0.032892,-0.051801,-0.565694,0.516488,-0.642829,-0.129648,0.714149,0.687882,0.814359,0.472472,-0.337029,0.007965,0.005948,-0.003474,-1.401463,-0.023515,1.942558,-0.864479
434,0.138172,-0.035259,0.309292,0.577088,-0.53212,-0.619567,0.069481,-0.72391,0.686367,-0.814461,-0.438487,-0.380012,0.03113,0.019765,-0.018798,-0.449573,-0.384413,0.496842,-1.257378,-0.196387,-0.01612,0.265574,-0.571066,-0.119201,0.812199,0.701368,-0.584806,0.407453,0.427107,0.802469,0.416517,0.015091,-0.002415,-0.00443,-0.01801,0.115395,-0.120657,0.201731,0.027899,0.04562,-0.025281,0.571937,0.133845,0.809303,-0.712124,0.570699,0.408877,-0.407143,-0.810177,0.421718,-0.00014,-0.001371,-0.001938,-0.002279,0.127269,-0.187061,0.081358,0.071701,0.033086,-0.051953,-0.574607,0.505179,-0.643909,-0.141334,0.713693,0.686051,0.806132,0.485216,-0.338695,0.007903,0.010312,-0.009003,-1.112534,-0.383267,2.095007,-0.871827
435,0.139108,-0.034472,0.308394,0.602925,-0.512023,-0.611849,0.088779,-0.71911,0.689181,-0.793617,-0.469214,-0.387347,0.030546,0.016501,-0.022709,-0.017673,-0.157103,-0.190078,-1.248037,-0.196035,-0.016355,0.265487,-0.558649,-0.118488,0.820891,0.708095,-0.583323,0.39783,0.432388,0.803652,0.408714,0.015623,-0.013999,0.003057,-0.045414,0.11536,-0.147635,0.200237,0.028075,0.045507,-0.025329,0.559516,0.133126,0.818057,-0.718856,0.569223,0.399035,-0.412535,-0.811333,0.414188,-0.000133,-0.001317,-0.001859,-0.01083,0.111357,-0.154707,0.084134,0.07218,0.033487,-0.052409,-0.594215,0.485128,-0.641527,-0.166172,0.706358,0.688072,0.786952,0.515467,-0.339115,0.015246,0.008048,-0.011592,0.098734,-0.022336,-0.150018,-0.870194
436,0.13977,-0.033715,0.307439,0.602066,-0.517532,-0.608049,0.090256,-0.712557,0.695764,-0.794101,-0.473139,-0.381536,-0.00021,0.017923,-0.021616,0.065537,0.085811,-0.161516,-1.250616,-0.195752,-0.016801,0.26541,-0.543336,-0.117565,0.831238,0.716195,-0.581343,0.386056,0.438509,0.80522,0.398992,-5e-05,-0.017232,-0.000454,-0.04896,0.14857,-0.201815,0.188078,0.028223,0.04529,-0.025359,0.544289,0.131896,0.828464,-0.726941,0.56705,0.387312,-0.418696,-0.813054,0.404519,0.007404,-0.002715,-0.004359,-0.010915,0.116058,-0.151508,0.076785,0.072511,0.033856,-0.052881,-0.596298,0.489354,-0.636365,-0.164029,0.70172,0.693312,0.785825,0.517803,-0.338166,0.007697,0.01409,-0.015301,0.074685,-0.05512,-0.243945,-0.87297
437,0.140148,-0.032996,0.30661,0.606712,-0.528098,-0.594187,0.08681,-0.699005,0.709808,-0.790946,-0.48158,-0.377508,0.000117,0.020006,-0.019134,-0.087594,-0.376906,-0.455685,-1.245596,-0.195632,-0.017505,0.26532,-0.53953,-0.072619,0.838823,0.672279,-0.636813,0.377415,0.507421,0.76763,0.391319,-0.000259,-0.019307,-0.00341,5.07754,2.952509,1.525101,0.162506,0.028283,0.044938,-0.025402,0.541721,0.090296,0.835693,-0.687798,0.619133,0.378954,-0.483188,-0.780076,0.397503,-0.000154,-0.009866,-0.002018,1.610541,2.436214,-1.486713,0.045597,0.072699,0.034217,-0.05331,-0.600406,0.499967,-0.624135,-0.161543,0.688549,0.706967,0.783208,0.525293,-0.332642,8e-05,0.010049,-0.009519,0.334416,-0.068532,-0.556033,-0.872481
438,0.140162,-0.032662,0.306299,0.614372,-0.534829,-0.580129,0.086087,-0.685445,0.722998,-0.785094,-0.493473,-0.37435,9.5e-05,0.010233,-0.009292,0.0843,-0.135755,-0.485085,-1.243894,-0.19564,-0.017895,0.2652,-0.539681,-0.040977,0.840866,0.63555,-0.674732,0.375161,0.552641,0.736921,0.3891,-0.000467,-0.021315,-0.006279,0.406223,0.367627,-0.01241,0.159536,0.028279,0.044737,-0.025462,0.542178,0.055214,0.838447,-0.648355,0.662212,0.375647,-0.534489,-0.747279,0.394835,-0.000249,-0.01076,-0.003319,0.408807,0.364942,-0.008855,0.035146,0.072706,0.034379,-0.053464,-0.606794,0.506939,-0.612219,-0.163996,0.673807,0.720478,0.777756,0.537584,-0.325726,0.000175,0.010639,-0.008803,0.70926,-0.036466,-1.124548,-0.872644
439,0.139862,-0.031874,0.305798,0.635573,-0.547079,-0.544791,0.072638,-0.660165,0.747582,-0.769432,-0.514041,-0.379162,-0.014566,0.024704,-0.013814,1.940037,-0.278732,-2.646494,-1.243652,-0.195751,-0.0186,0.264796,-0.523131,0.054065,0.85053,0.509584,-0.779991,0.363143,0.683671,0.623314,0.379391,-0.000665,-0.023155,-0.008974,6.229918,2.849188,2.572175,0.148699,0.028225,0.044396,-0.025656,0.528218,-0.033802,0.848435,-0.533877,0.76377,0.362809,-0.660273,-0.644603,0.385391,-0.000565,-0.00542,-0.007752,1.891735,0.983335,0.612653,0.019471,0.072556,0.034776,-0.053719,-0.618544,0.520322,-0.588784,-0.16607,0.64583,0.7452,0.767999,0.558719,-0.313065,-0.007242,0.012483,-0.00673,2.003076,-0.241707,-2.632237,-0.872807
440,0.139221,-0.030996,0.305286,0.655305,-0.546391,-0.52161,0.065921,-0.646559,0.759992,-0.753323,-0.531739,-0.387021,-0.02999,0.024521,-0.014337,-0.002428,0.162271,-0.608681,-1.252988,-0.195859,-0.019092,0.264261,-0.482028,0.134973,0.865692,0.369196,-0.864681,0.340521,0.795087,0.48358,0.365855,-0.001038,-0.009989,-0.014308,1.63195,1.278297,-0.156707,0.143602,0.02817,0.044135,-0.025937,0.489162,-0.121349,0.863709,-0.386994,0.85726,0.339617,-0.781636,-0.500378,0.372378,-0.000435,-0.005362,-0.007687,5.450475,3.985033,-0.079971,0.010816,0.072248,0.035211,-0.053964,-0.631882,0.519689,-0.575019,-0.172003,0.629375,0.757826,0.755737,0.577762,-0.308303,-0.007492,0.006133,-0.003559,0.074677,0.209201,-0.560844,-0.873297
441,0.138792,-0.030604,0.305004,0.662037,-0.542527,-0.517123,0.07265,-0.640302,0.764662,-0.746791,-0.543135,-0.383842,-0.015228,0.010769,-0.008953,0.101793,0.087556,-0.297609,-1.261556,-0.195879,-0.019266,0.263976,-0.459945,0.165605,0.872363,0.306214,-0.892523,0.331012,0.833972,0.41917,0.358679,-0.000995,-0.009556,-0.013723,1.576708,0.737359,0.467573,0.142735,0.02816,0.044048,-0.02608,0.467042,-0.152224,0.871033,-0.324946,0.886595,0.329177,-0.822363,-0.436778,0.364612,-0.000421,-0.005048,-0.007261,5.275277,2.163227,1.982908,0.007387,0.072028,0.035414,-0.054104,-0.639583,0.516257,-0.569571,-0.176316,0.622662,0.762367,0.748228,0.588023,-0.30722,-0.015134,0.011323,-0.008272,0.270194,-0.2613,-0.31053,-0.869868
442,0.137767,-0.029933,0.304639,0.666704,-0.544189,-0.509323,0.072544,-0.632756,0.770928,-0.742639,-0.550259,-0.381745,-0.029637,0.026207,-0.01238,0.054085,-0.044218,-0.01672,-1.293251,-0.195764,-0.019575,0.263466,-0.40732,0.223155,0.885598,0.163579,-0.936109,0.311248,0.898957,0.271368,0.343654,0.014723,-0.007198,-0.011452,5.356382,2.124408,1.770835,0.155908,0.028212,0.04389,-0.026341,0.416822,-0.209095,0.884612,-0.187505,0.932474,0.308759,-0.889438,-0.294567,0.34947,-0.000387,-0.003494,-0.005046,1.607747,0.693568,0.454985,0.009836,0.071508,0.035747,-0.054298,-0.644646,0.519333,-0.561002,-0.173855,0.615014,0.76911,0.744448,0.593338,-0.306178,-0.014808,0.01315,-0.006112,-0.010618,-0.159141,-0.081132,-0.886034
443,0.136272,-0.029467,0.30468,0.668867,-0.543527,-0.507189,0.074343,-0.629967,0.773038,-0.740514,-0.554096,-0.380321,-0.045126,0.0066,0.006782,-0.002956,0.044138,-0.088663,-1.3165,-0.195418,-0.019674,0.263243,-0.349902,0.269841,0.897077,0.019919,-0.955188,0.295217,0.936951,0.120837,0.327695,0.015449,-0.000275,-0.001476,1.754111,2.607916,-1.747317,0.18803,0.028378,0.043832,-0.026464,0.362895,-0.259114,0.895079,-0.043684,0.954773,0.294105,-0.930805,-0.14583,0.335163,-1.3e-05,0.00014,0.000217,1.420934,0.822416,0.568804,0.042984,0.070795,0.035976,-0.054282,-0.649339,0.517728,-0.55706,-0.173514,0.612314,0.771339,0.740439,0.597519,-0.307766,-0.022569,0.003275,0.003389,-0.030875,-0.017691,-0.112594,-0.888809
444,0.134344,-0.029292,0.305115,0.668709,-0.544385,-0.506477,0.073248,-0.629658,0.773393,-0.740766,-0.553602,-0.380549,-0.060054,0.009285,0.009451,0.000882,-0.058041,0.077145,-1.319658,-0.194824,-0.019653,0.263395,-0.300503,0.295945,0.906701,-0.098923,-0.955122,0.27909,0.948957,-0.006184,0.315129,0.031427,0.004754,0.004673,5.45841,1.870576,1.662617,0.215102,0.028675,0.043841,-0.02639,0.311988,-0.284501,0.906489,0.07424,0.958495,0.275271,-0.94718,-0.018583,0.32016,0.008226,-0.003409,0.006667,1.499279,0.681823,0.263234,0.079888,0.069837,0.036067,-0.054068,-0.650711,0.518191,-0.555024,-0.170781,0.612341,0.771927,0.73987,0.59709,-0.30996,-0.030031,0.004659,0.004778,-0.068485,-0.145943,0.052592,-0.88832
445,0.133372,-0.029278,0.305364,0.668529,-0.545039,-0.506011,0.072405,-0.629497,0.773604,-0.741011,-0.553143,-0.380739,-0.044947,0.007449,0.007602,-0.002346,0.029359,-0.063928,-1.319252,-0.194474,-0.019609,0.263561,-0.269456,0.310626,0.911535,-0.169006,-0.947048,0.272894,0.948349,-0.080895,0.306517,0.031563,0.006277,0.00684,5.60679,1.885269,1.664159,0.2424,0.028862,0.043867,-0.026303,0.279666,-0.301178,0.911634,0.148625,0.951658,0.268806,-0.948523,0.060316,0.310908,0.015889,0.003454,0.003606,5.61155,1.864114,1.651775,0.106178,0.069312,0.036078,-0.053932,-0.651244,0.518391,-0.554212,-0.169496,0.612501,0.772083,0.739696,0.596752,-0.311023,-0.022488,0.003686,0.003787,-0.042538,-0.029247,-0.079507,-0.888483
446,0.131261,-0.02931,0.305896,0.669447,-0.542867,-0.507132,0.067693,-0.635276,0.769295,-0.740629,-0.548662,-0.3879,-0.060601,-0.002897,0.016154,-0.03883,0.058875,-0.110895,-1.319422,-0.193647,-0.019906,0.264219,-0.216018,0.334318,0.917365,-0.266938,-0.923914,0.273972,0.939409,-0.186098,0.287648,0.032675,-0.016698,0.022071,4.90941,2.0895,1.851426,0.262904,0.029263,0.04373,-0.025974,0.229282,-0.324675,0.917613,0.243484,0.931887,0.268887,-0.942414,0.161773,0.292718,0.008583,-0.008289,0.011732,0.055082,0.870239,0.476477,0.156798,0.068279,0.036064,-0.053671,-0.650851,0.515705,-0.557171,-0.167157,0.618539,0.767767,0.740574,0.592837,-0.316374,-0.022811,-0.002643,0.00692,-0.036425,0.048402,-0.097229,-0.88881
447,0.129249,-0.029463,0.30636,0.667951,-0.539565,-0.512598,0.063647,-0.644866,0.761623,-0.742336,-0.540687,-0.395755,-0.046024,-0.007222,0.011356,-0.03835,0.059383,-0.105691,-1.318967,-0.192531,-0.020372,0.265173,-0.154299,0.359461,0.92031,-0.354171,-0.889622,0.288219,0.922504,-0.281905,0.263399,0.017563,-0.012911,0.028543,1.159955,1.273678,0.811525,0.258133,0.029833,0.043489,-0.025491,0.166553,-0.352205,0.920983,0.336599,0.898231,0.282632,-0.9268,0.262929,0.268155,0.008775,-0.006262,0.014573,1.216128,1.182868,0.747297,0.163003,0.067268,0.035992,-0.053433,-0.648451,0.512073,-0.563286,-0.163841,0.628723,0.760173,0.743415,0.585225,-0.323797,-0.023057,-0.003805,0.005485,-0.037464,0.051422,-0.101581,-0.890442
448,0.128327,-0.029571,0.306539,0.667242,-0.536998,-0.516204,0.061739,-0.650801,0.756716,-0.743134,-0.536121,-0.400441,-0.045808,0.003115,0.002144,-0.558495,-0.009969,0.524959,-1.318898,-0.191958,-0.020541,0.265721,-0.119333,0.371475,0.920738,-0.401025,-0.866318,0.297669,0.908357,-0.334161,0.251171,0.032605,0.000623,0.022587,1.189762,1.273186,0.879981,0.261024,0.030108,0.043404,-0.025227,0.132873,-0.364785,0.921561,0.383037,0.876464,0.291706,-0.914126,0.314232,0.256185,0.008882,-0.005466,0.015367,4.765065,2.581633,1.898525,0.162023,0.066807,0.035934,-0.053341,-0.647108,0.509885,-0.566804,-0.162333,0.634252,0.755891,0.744914,0.581155,-0.327658,-0.023148,-0.004229,0.004958,-1.728535,0.049058,2.073507,-0.891422
449,0.126706,-0.029806,0.306817,0.665967,-0.534396,-0.520531,0.058382,-0.658323,0.75045,-0.744547,-0.529507,-0.406571,-0.030805,0.000903,-3.2e-05,-0.00646,0.029013,-0.054126,-1.314903,-0.190741,-0.020709,0.266832,-0.059759,0.387303,0.920009,-0.477284,-0.820491,0.314531,0.876734,-0.420771,0.232707,0.048117,0.002188,0.023436,1.360255,1.045855,0.209114,0.308171,0.030704,0.043321,-0.024677,0.07327,-0.382704,0.92096,0.456384,0.833945,0.310236,-0.88676,0.397581,0.235764,0.016319,0.001097,0.012361,-0.065981,0.493457,0.086575,0.196477,0.065991,0.035816,-0.053203,-0.64494,0.506605,-0.572191,-0.159494,0.643002,0.749071,0.747404,0.574367,-0.333898,-0.015671,-0.005369,0.003819,-0.037894,0.053138,-0.049889,-0.892728
450,0.125473,-0.030075,0.306953,0.664946,-0.532546,-0.523724,0.055735,-0.663888,0.745734,-0.745661,-0.524407,-0.411112,-0.016494,-0.013748,0.004518,-0.036804,0.044838,-0.071424,-1.311737,-0.189444,-0.02051,0.267658,-0.038516,0.394476,0.918094,-0.507981,-0.798854,0.322057,0.860498,-0.45444,0.229979,0.04799,0.001971,0.022916,-0.063118,0.280559,-0.363978,0.325147,0.031359,0.043424,-0.02425,0.050172,-0.390462,0.91925,0.492494,0.810396,0.317345,-0.868868,0.436803,0.232959,0.015958,0.006709,0.008228,-0.009475,0.14438,-0.244709,0.240403,0.065369,0.035688,-0.053134,-0.643318,0.504646,-0.575737,-0.157176,0.648935,0.744431,0.74929,0.569399,-0.338154,-0.0156,-0.000415,-0.001052,-0.030816,-0.003141,-0.072177,-0.896484
