frame,MLTx,MLTy,MLTz,MLTR1,MLTR2,MLTR3,MLTR4,MLTR5,MLTR6,MLTR7,MLTR8,MLTR9,MLTTVx,MLTTVy,MLTTVz,MLTRVx,MLTRVy,MLTRVz,MLGA,MRTx,MRTy,MRTz,MRTR1,MRTR2,MRTR3,MRTR4,MRTR5,MRTR6,MRTR7,MRTR8,MRTR9,MRTTVx,MRTTVy,MRTTVz,MRTRVx,MRTRVy,MRTRVz,MRGA,SLTx,SLTy,SLTz,SLTR1,SLTR2,SLTR3,SLTR4,SLTR5,SLTR6,SLTR7,SLTR8,SLTR9,SLTTVx,SLTTVy,SLTTVz,SLTRVx,SLTRVy,SLTRVz,SLGA,SRTx,SRTy,SRTz,SRTR1,SRTR2,SRTR3,SRTR4,SRTR5,SRTR6,SRTR7,SRTR8,SRTR9,SRTTVx,SRTTVy,SRTTVz,SRTRVx,SRTRVy,SRTRVz,SRGA
318,0.041468,0.006712,0.332593,-0.665849,0.309916,-0.678706,-0.611137,-0.74836,0.257761,-0.42721,0.586024,0.688545,-0.000673,-0.001391,-0.001424,-0.008089,-0.01521,-0.009145,0.10233,-0.138014,0.030872,0.284046,0.772264,-0.050527,0.633283,-0.398573,0.737545,0.54507,-0.495571,-0.673275,0.548611,8.4e-05,-0.000769,-0.000817,2e-06,-3e-06,-2e-06,-1.403378,0.024533,0.033435,-0.040304,-0.736807,-0.01133,0.676007,0.455615,-0.747053,0.484072,0.499529,0.664667,0.555596,5.8e-05,-0.000539,-0.000573,-0.000425,0.000647,0.000623,-0.82066,0.058222,0.028112,-0.075371,-0.667954,0.278801,-0.690004,-0.533978,-0.825362,0.183421,-0.518366,0.490964,0.700178,-0.0004,-0.00083,-0.000849,0.00876,0.008384,0.001299,-0.028105
319,0.041432,0.006663,0.332541,-0.667681,0.303497,-0.679807,-0.606172,-0.751728,0.259676,-0.431394,0.58508,0.686737,-0.000577,-0.001191,-0.001221,-0.00098,-0.001842,-0.001107,0.073318,-0.138011,0.030842,0.284014,0.772289,-0.050533,0.633252,-0.398547,0.737546,0.545088,-0.495552,-0.673274,0.54863,9.2e-05,-0.000837,-0.000889,0.0,-0.0,-0.0,-1.403445,0.024535,0.033419,-0.040322,-0.736834,-0.011309,0.675978,0.455582,-0.747056,0.484097,0.499519,0.664663,0.555609,6e-05,-0.000539,-0.000573,0.000161,0.000112,0.000166,-0.820333,0.058204,0.028088,-0.075397,-0.669052,0.272383,-0.691501,-0.528722,-0.828325,0.185279,-0.522322,0.489575,0.698208,-0.000413,-0.000854,-0.000876,0.008951,0.012866,0.005927,-0.072193
320,0.041408,0.006629,0.332463,-0.669241,0.294663,-0.682155,-0.600788,-0.754783,0.263303,-0.436466,0.585674,0.683016,-0.000918,-0.001896,-0.001945,-0.006001,0.003707,-0.0314,0.048862,-0.137981,0.030861,0.284045,0.772477,-0.045949,0.633371,-0.403013,0.735151,0.54504,-0.491623,-0.676221,0.54854,-0.000122,0.001113,0.001183,0.0,-0.0,-0.0,-1.403389,0.02455,0.033424,-0.040311,-0.736848,-0.015901,0.67587,0.45995,-0.744483,0.483932,0.495479,0.667451,0.555885,-8.6e-05,0.000786,0.000833,0.002453,-0.017732,0.022435,-0.820333,0.058193,0.028073,-0.075434,-0.669466,0.26347,-0.694548,-0.5232,-0.830968,0.189086,-0.527329,0.489975,0.694152,0.000614,0.004946,-0.004689,0.046554,-0.006407,0.019306,-0.109424
321,0.0414,0.00662,0.332439,-0.670819,0.288269,-0.683336,-0.595877,-0.758039,0.265102,-0.440746,0.584658,0.681135,-0.000306,-0.000632,-0.000648,-0.041215,-0.077399,-0.046544,0.036788,-0.137972,0.030874,0.284086,0.774398,-0.046185,0.631003,-0.401369,0.734926,0.546553,-0.489941,-0.676449,0.549762,-0.000253,0.002299,0.002441,-0.035497,-0.583744,0.627134,-1.40378,0.024555,0.033429,-0.040291,-0.738295,-0.015701,0.674294,0.458855,-0.744415,0.485073,0.494339,0.667531,0.556803,0.000673,-0.005342,0.004019,-0.162165,-1.874781,1.998696,-0.82017,0.058188,0.028065,-0.07545,-0.670307,0.257168,-0.696097,-0.518064,-0.833781,0.190834,-0.531317,0.488541,0.692119,-0.000165,-0.000343,-0.000352,-0.040277,-0.079285,-0.049331,-0.127059
322,0.041379,0.006544,0.332378,-0.672685,0.284221,-0.683198,-0.591261,-0.761594,0.26525,-0.444099,0.582021,0.681216,-0.001143,-0.00236,-0.002422,-6.1e-05,0.014864,-0.024692,0.00462,-0.137915,0.030927,0.284235,0.775252,-0.039124,0.630432,-0.40606,0.733473,0.545038,-0.484688,-0.678477,0.551914,0.014866,-0.007562,0.009513,0.254285,-0.391092,-0.332084,-1.403338,0.024577,0.033461,-0.040218,-0.739376,-0.020111,0.672992,0.462356,-0.741773,0.485797,0.489438,0.670349,0.557748,-0.000192,0.001728,0.001831,0.002546,-0.017774,0.022338,-0.815924,0.058179,0.028031,-0.075476,-0.671763,0.253036,-0.696207,-0.51303,-0.836883,0.190853,-0.534352,0.485383,0.692003,-0.000346,-0.000718,-0.000736,0.000578,0.002256,0.00163,-0.16233
323,0.041357,0.006451,0.332284,-0.675637,0.272696,-0.684979,-0.578415,-0.772148,0.263051,-0.456338,0.573586,0.680281,0.012376,-0.006893,-0.005379,0.003744,-0.015774,0.026813,-0.047694,-0.13783,0.03093,0.28446,0.775527,-0.03919,0.63009,-0.405978,0.733196,0.545471,-0.484316,-0.678772,0.551878,0.001084,-0.008251,0.010619,-0.034319,-0.007698,0.004516,-1.403472,0.024625,0.033462,-0.040107,-0.739825,-0.022644,0.672418,0.462861,-0.742464,0.484257,0.488281,0.669502,0.559775,-0.000213,0.001895,0.002007,-0.003063,0.002609,0.002208,-0.815108,0.058163,0.027986,-0.075522,-0.673364,0.241373,-0.698798,-0.498971,-0.845836,0.188649,-0.545535,0.475709,0.689993,-0.000818,-0.001691,-0.001737,0.007475,0.01449,-0.034593,-0.203969
324,0.041348,0.006389,0.332208,-0.678553,0.262269,-0.686168,-0.568833,-0.77863,0.264834,-0.463975,0.569688,0.678388,-0.001572,-0.003245,-0.003336,-0.020515,-0.059354,-0.042664,-0.078165,-0.137756,0.030929,0.28458,0.775613,-0.039224,0.629981,-0.405996,0.733036,0.545672,-0.484162,-0.678943,0.551803,-0.000395,0.003569,0.003778,1e-06,-1e-06,-1e-06,-1.403358,0.024662,0.033459,-0.040042,-0.73992,-0.022578,0.672315,0.462889,-0.742283,0.484508,0.488109,0.669705,0.559681,0.000516,-0.003929,0.005515,-0.050634,0.117565,-0.149073,-0.814455,0.058164,0.027954,-0.075561,-0.674972,0.230644,-0.700867,-0.488869,-0.851264,0.190669,-0.552647,0.471328,0.687335,-0.000945,-0.001952,-0.002007,0.007785,-0.044276,-0.086578,-0.226503
325,0.041328,0.006231,0.332037,-0.67908,0.247496,-0.691116,-0.552131,-0.792624,0.258592,-0.482956,0.55688,0.67577,-0.002079,-0.004291,-0.00442,0.103068,-0.023716,-0.125524,-0.154818,-0.137597,0.030911,0.284801,0.776181,-0.036765,0.629431,-0.406496,0.733771,0.544311,-0.48283,-0.678289,0.55377,0.001203,-0.009313,0.009491,-0.036566,0.010229,-0.01793,-1.403601,0.024741,0.033457,-0.039931,-0.740439,-0.025074,0.671655,0.463326,-0.742968,0.483039,0.486907,0.668856,0.56174,-0.000187,0.00165,0.001744,-0.004496,0.003669,0.003025,-0.813311,0.058154,0.027875,-0.075645,-0.67366,0.216472,-0.706626,-0.47052,-0.862946,0.184209,-0.569905,0.456576,0.683187,-0.00092,-0.0019,-0.001956,0.344271,-0.126432,-0.341137,-0.274347
326,0.041322,0.006018,0.331843,-0.682535,0.228289,-0.694317,-0.529612,-0.809142,0.254505,-0.502856,0.541139,0.674041,-0.00223,-0.004601,-0.004749,0.002804,-0.001036,-0.002705,-0.306092,-0.137412,0.030942,0.284997,0.776416,-0.036879,0.629134,-0.406384,0.733543,0.544702,-0.482545,-0.67853,0.553724,0.013335,0.004612,0.003032,0.002045,-0.015205,0.029245,-1.403475,0.024829,0.033466,-0.039832,-0.740666,-0.024912,0.67141,0.463257,-0.742722,0.483483,0.486627,0.669135,0.56165,-0.000194,0.001709,0.001801,0.002508,-0.017815,0.022612,-0.813965,0.058151,0.027768,-0.075744,-0.674877,0.197109,-0.711117,-0.445973,-0.87671,0.180237,-0.587918,0.438777,0.679577,-0.001336,-0.002757,-0.002847,0.005679,0.01762,-0.035946,-0.357952
327,0.041467,0.005767,0.331584,-0.68218,0.214995,-0.698894,-0.516167,-0.818579,0.251935,-0.517091,0.53234,0.670267,0.011082,-0.009626,-0.008228,-0.245965,-0.358327,-0.442827,-0.614807,-0.137259,0.030985,0.285195,0.777054,-0.029808,0.62872,-0.411261,0.731955,0.543175,-0.477347,-0.680599,0.555687,0.013244,0.005377,0.003832,0.004502,-0.033404,0.051453,-1.340456,0.024906,0.033486,-0.039734,-0.741056,-0.03204,0.670677,0.468011,-0.740878,0.481729,0.481456,0.670874,0.564027,0.000588,-0.004542,0.004861,-0.040874,0.014164,-0.014992,-0.8058,0.058218,0.027645,-0.075871,-0.673568,0.18655,-0.715195,-0.43175,-0.884682,0.175862,-0.599914,0.42724,0.676437,-0.001246,-0.00258,-0.002671,-0.002747,0.018035,-0.025245,-0.529244
328,0.041599,0.005612,0.331417,-0.681443,0.211634,-0.700637,-0.512019,-0.821874,0.249661,-0.522156,0.528602,0.669298,0.010781,-0.010263,-0.008897,-0.002672,-0.006569,0.00082,-0.811729,-0.137203,0.031041,0.285304,0.777547,-0.0253,0.628309,-0.415285,0.729453,0.543481,-0.473034,-0.683468,0.555854,0.013121,0.006434,0.004942,0.001978,-0.015267,0.029182,-1.172163,0.024934,0.033512,-0.039682,-0.741419,-0.036505,0.670047,0.47194,-0.738211,0.481991,0.477041,0.67358,0.564552,-0.000329,0.00291,0.003063,0.001572,-0.016506,0.022617,-0.751751,0.058289,0.027564,-0.075957,-0.671627,0.180957,-0.71845,-0.426919,-0.887062,0.17567,-0.605521,0.424705,0.673029,0.005371,-0.005176,-0.004498,0.008809,0.016803,0.009933,-0.664285
329,0.041926,0.005338,0.330981,-0.677053,0.212032,-0.704761,-0.509469,-0.826083,0.240832,-0.53029,0.521842,0.668207,0.012298,0.000227,-0.017691,0.144264,0.181746,0.143356,-1.289768,-0.137113,0.031349,0.285684,0.780424,-0.016468,0.625027,-0.421509,0.724301,0.545574,-0.462658,-0.689204,0.557502,0.000328,-0.001523,0.017655,-0.034363,-0.007676,0.004554,-0.572485,0.024985,0.033663,-0.039496,-0.744173,-0.045257,0.666451,0.478058,-0.732917,0.484038,0.466547,0.67881,0.567053,0.000131,-0.000507,0.009094,-0.033933,-0.005639,0.003714,-0.548617,0.058451,0.027426,-0.076177,-0.667035,0.181861,-0.722488,-0.423486,-0.890403,0.166854,-0.612962,0.417261,0.670946,0.00615,0.000104,-0.00886,0.178032,0.249207,0.168035,-0.818921
330,0.042006,0.005261,0.330523,-0.684841,0.198522,-0.701161,-0.476386,-0.850065,0.224541,-0.55061,0.487547,0.677609,-0.002882,-0.005972,-0.006219,4.07932,-0.748862,-3.716171,-1.551972,-0.136985,0.031601,0.286172,0.784816,-0.012317,0.6196,-0.422081,0.721259,0.549151,-0.454628,-0.692479,0.560044,-0.000974,0.008583,0.008978,0.002342,-0.018025,0.022361,-0.19598,0.025048,0.033795,-0.039246,-0.748705,-0.049301,0.661067,0.478712,-0.730036,0.487731,0.458557,0.681628,0.570183,0.000265,-0.001717,0.007805,-0.033696,-0.004524,0.002305,-0.429089,0.058492,0.027388,-0.076405,-0.672781,0.171818,-0.719612,-0.392503,-0.907385,0.150307,-0.627141,0.383574,0.677911,-0.000484,0.002676,-0.007063,0.297827,0.474266,0.263684,-0.786426
331,0.041973,0.0053,0.33034,-0.692472,0.19302,-0.695176,-0.456235,-0.863577,0.214606,-0.558059,0.465528,0.686936,-0.001948,-0.004035,-0.004206,1.493679,0.376589,-0.929332,-1.679896,-0.136938,0.031656,0.286367,0.785159,-0.007727,0.619239,-0.426163,0.718586,0.549503,-0.450195,-0.695324,0.5601,-0.00075,0.006598,0.006891,-0.005974,-0.025399,0.014844,-0.109635,0.025071,0.033826,-0.039145,-0.748886,-0.053872,0.660504,0.482708,-0.727229,0.487985,0.45405,0.684276,0.570616,0.000404,-0.002929,0.006531,-0.064471,-0.012959,-0.043484,-0.387939,0.058473,0.027402,-0.076501,-0.680588,0.160753,-0.714812,-0.365561,-0.920021,0.141157,-0.634952,0.357377,0.68492,-0.000947,-0.001963,-0.00205,1.567024,0.469193,-0.887408,-0.79753
332,0.041884,0.00544,0.330064,-0.702886,0.197896,-0.683253,-0.438426,-0.876905,0.196962,-0.5593,0.437746,0.703981,-0.000602,-0.001246,-0.0013,0.363843,0.757477,0.225618,-1.87516,-0.136854,0.03183,0.286635,0.787429,0.010655,0.616307,-0.440992,0.708124,0.55138,-0.431522,-0.705963,0.561488,-0.000614,0.005385,0.005611,-0.00015,-0.02036,0.020239,0.009917,0.025113,0.033912,-0.039012,-0.750681,-0.072194,0.656708,0.49722,-0.716263,0.489629,0.435028,0.694084,0.573582,-0.000265,0.00231,0.0024,-0.005418,-0.018812,0.010343,-0.331441,0.058428,0.027471,-0.076641,-0.69163,0.162892,-0.703642,-0.345325,-0.930244,0.12408,-0.634347,0.328803,0.699636,-0.006335,0.006882,-0.003558,0.416038,0.916182,0.0803,-0.796877
333,0.041634,0.005754,0.330029,-0.716208,0.21277,-0.664696,-0.432112,-0.883074,0.182846,-0.547186,0.417909,0.725236,0.002892,0.013356,-0.005776,0.474293,0.837073,0.142707,-1.912026,-0.136768,0.031979,0.286762,0.789118,0.029143,0.613542,-0.455606,0.697495,0.553043,-0.412803,-0.715977,0.562879,-0.000313,0.002734,0.002845,-1.014882,-0.934938,-0.910862,0.100977,0.025156,0.033988,-0.038946,-0.751917,-0.089174,0.653198,0.510319,-0.705998,0.49106,0.417367,0.702576,0.576359,0.006629,0.001563,0.000805,-3.396495,-3.068934,-3.077214,-0.170763,0.058306,0.027619,-0.07666,-0.706984,0.174931,-0.685252,-0.338086,-0.934638,0.110214,-0.621184,0.309594,0.719916,-0.005971,0.003938,0.003229,0.658984,0.014376,0.449946,-0.802592
334,0.041451,0.006041,0.330278,-0.729705,0.223927,-0.64609,-0.424617,-0.88899,0.171375,-0.535089,0.39911,0.744592,0.002667,0.0055,0.005725,0.40427,0.859969,0.089386,-1.912502,-0.136763,0.032023,0.286807,0.790546,0.038446,0.611186,-0.462176,0.692024,0.554464,-0.402618,-0.720843,0.564044,-0.00016,0.001399,0.001455,-0.02736,-0.02482,-0.025249,0.153104,0.025159,0.034009,-0.038925,-0.75304,-0.099764,0.650367,0.51792,-0.699515,0.492379,0.40582,0.707619,0.578432,-8e-05,0.000718,0.000742,-0.088882,-0.099716,-0.063306,-0.025598,0.058211,0.02777,-0.076536,-0.722538,0.183548,-0.666519,-0.329498,-0.938992,0.098608,-0.607758,0.290865,0.738936,0.001322,0.002735,0.002852,0.096022,0.38782,-0.226602,-0.802592
335,0.041422,0.006165,0.330426,-0.735694,0.225862,-0.638581,-0.420144,-0.891644,0.168586,-0.5304,0.392038,0.751671,0.00297,0.006125,0.006368,0.351158,0.75936,0.028403,-1.912821,-0.136778,0.032064,0.286822,0.792167,0.043098,0.608773,-0.464541,0.689303,0.555875,-0.396654,-0.72319,0.565265,-0.000199,0.001738,0.001807,-0.027252,-0.024884,-0.025304,0.173474,0.025151,0.034027,-0.03892,-0.754634,-0.104261,0.647808,0.520177,-0.696828,0.493807,0.399926,0.709619,0.580085,-5.2e-05,0.000453,0.000469,-0.303514,-0.277738,-0.286533,0.010163,0.058195,0.02783,-0.076464,-0.728806,0.184489,-0.659397,-0.324889,-0.940883,0.095843,-0.602734,0.284082,0.74566,-0.005527,0.00485,0.004172,0.046287,0.299189,-0.283726,-0.802102
336,0.041528,0.006375,0.330672,-0.743699,0.227607,-0.628611,-0.413104,-0.895719,0.164331,-0.524735,0.381607,0.760957,0.003108,0.006416,0.006653,0.16972,0.353508,0.015167,-1.912968,-0.136845,0.032194,0.286864,0.794661,0.064438,0.603617,-0.477922,0.679288,0.556859,-0.375132,-0.731067,0.569807,-0.000304,0.002659,0.002764,-0.084635,-0.105184,-0.066268,0.225184,0.025118,0.034091,-0.038901,-0.75663,-0.125587,0.641668,0.533242,-0.686434,0.494429,0.378369,0.716264,0.586346,-0.00766,0.006061,-0.002359,-0.28085,-0.264095,-0.295495,0.073356,0.05825,0.027939,-0.076336,-0.738079,0.185478,-0.648719,-0.317146,-0.944007,0.090928,-0.595531,0.27285,0.755576,0.00151,0.003125,0.003241,0.233961,0.554043,-0.101595,-0.79998
337,0.041591,0.006711,0.33098,-0.746521,0.24256,-0.619609,-0.419661,-0.894253,0.155458,-0.515456,0.375771,0.770148,0.003955,0.008169,0.008443,0.250277,0.470488,0.085993,-1.912462,-0.136884,0.032343,0.286964,0.793711,0.081513,0.602802,-0.488085,0.676533,0.551371,-0.363856,-0.73194,0.575965,-0.000385,0.003374,0.003502,0.274816,-0.361635,-0.320582,0.290216,0.025099,0.034164,-0.038852,-0.755259,-0.140188,0.640257,0.542327,-0.68222,0.490362,0.368054,0.71758,0.591281,-0.000192,0.001699,0.001764,0.008026,-0.027148,-0.02677,0.154675,0.058281,0.028106,-0.076183,-0.742681,0.198961,-0.639404,-0.323458,-0.942649,0.082384,-0.586343,0.268005,0.764443,0.002037,0.004216,0.004355,0.384499,0.662055,0.190851,-0.796714
338,0.041608,0.006892,0.331159,-0.747454,0.243409,-0.61815,-0.418242,-0.895326,0.153091,-0.515257,0.372657,0.771793,0.00396,0.008181,0.00844,0.052248,0.167601,-0.097357,-1.912006,-0.136874,0.03244,0.287048,0.793377,0.088729,0.602223,-0.492564,0.674641,0.549703,-0.358494,-0.732856,0.578158,-0.000528,0.00462,0.004792,0.05377,-0.070667,-0.062656,0.318125,0.025104,0.034212,-0.038811,-0.754489,-0.149955,0.638951,0.547353,-0.680961,0.486513,0.362146,0.716801,0.595856,0.006474,0.003658,0.002885,0.03168,-0.091,-0.003384,0.195334,0.05829,0.028198,-0.076093,-0.744252,0.20069,-0.637033,-0.321934,-0.943469,0.078889,-0.585189,0.263796,0.766788,0.002019,0.00418,0.004313,0.029745,0.14098,-0.112114,-0.796061
339,0.041686,0.007263,0.331559,-0.747948,0.252796,-0.61377,-0.422748,-0.89427,0.146754,-0.510852,0.368914,0.776505,0.004458,0.009218,0.009471,0.054172,0.066483,0.073926,-1.911483,-0.136776,0.032752,0.287396,0.791725,0.112896,0.600347,-0.506951,0.669518,0.542844,-0.341641,-0.734262,0.586518,0.012512,0.010947,0.009512,0.229724,-0.32839,-0.210149,0.366258,0.025149,0.034359,-0.038645,-0.752218,-0.171967,0.636077,0.560659,-0.67419,0.480758,0.346163,0.718257,0.603552,-0.000587,0.005092,0.00526,0.268609,-0.392188,-0.314788,0.268325,0.058331,0.028387,-0.075889,-0.746033,0.209557,-0.632075,-0.326191,-0.942517,0.07252,-0.580545,0.260279,0.771505,0.002246,0.004657,0.004784,0.024766,0.026448,0.052462,-0.795407
340,0.041691,0.007713,0.332056,-0.750637,0.262856,-0.606215,-0.424168,-0.895146,0.136996,-0.505711,0.359639,0.784183,-0.00992,0.004547,0.022454,0.330673,0.55552,0.337901,-1.911918,-0.136655,0.033138,0.287772,0.790097,0.129349,0.599171,-0.5188,0.661475,0.541507,-0.327274,-0.738846,0.588949,-0.001064,0.009221,0.009497,0.006492,-0.023912,0.017098,0.403279,0.025213,0.034564,-0.038445,-0.74985,-0.190242,0.633666,0.572742,-0.666107,0.477773,0.331198,0.721185,0.60844,-0.000539,0.004661,0.004796,-0.015451,-0.005079,0.03055,0.325477,0.058334,0.028604,-0.075656,-0.749324,0.216894,-0.625674,-0.326874,-0.942855,0.064627,-0.575903,0.252943,0.777401,-0.004155,0.00763,0.006964,0.072416,0.099007,0.091781,-0.796061
341,0.041671,0.007929,0.332291,-0.748207,0.272177,-0.605104,-0.430651,-0.892983,0.130744,-0.503836,0.358069,0.786106,0.003294,-0.000534,0.018913,0.237294,0.049036,0.266066,-1.911385,-0.136624,0.033312,0.28793,0.788665,0.138659,0.598976,-0.526416,0.655348,0.541608,-0.318418,-0.742622,0.589056,-0.00092,0.00796,0.008185,-3.307845,-3.011318,-3.233142,0.41879,0.025228,0.034654,-0.038363,-0.748401,-0.197891,0.633035,0.578958,-0.660567,0.477971,0.323576,0.724216,0.60894,-0.000557,0.003959,0.004121,-3.317729,-3.00813,-3.22417,0.349807,0.058323,0.028721,-0.075529,-0.748864,0.227948,-0.622286,-0.333428,-0.941078,0.056526,-0.572735,0.249819,0.780745,-0.004209,0.007506,0.006823,0.643902,-0.379675,0.612638,-0.793774
342,0.041611,0.008346,0.332802,-0.749202,0.294172,-0.593468,-0.442455,-0.889003,0.117809,-0.492012,0.350475,0.796943,0.004835,0.01,0.010157,0.190767,0.271599,0.197917,-1.909949,-0.136657,0.033593,0.288133,0.785805,0.152647,0.599334,-0.538205,0.645932,0.541333,-0.305472,-0.748127,0.588945,-0.000539,0.004666,0.004787,0.002348,-0.018027,0.022358,0.437178,0.025211,0.034797,-0.038259,-0.744727,-0.213083,0.632436,0.591451,-0.649706,0.477563,0.309137,0.72971,0.609882,-0.00025,0.002159,0.002214,0.003626,-0.015738,0.023454,0.385078,0.058293,0.028926,-0.075269,-0.75268,0.248989,-0.609488,-0.345091,-0.937576,0.043146,-0.560699,0.242804,0.791619,0.001653,-0.00023,0.009474,0.186274,0.440656,0.041215,-0.800306
343,0.041562,0.008723,0.333303,-0.749455,0.315569,-0.582047,-0.448654,-0.888533,0.095868,-0.485988,0.332588,0.808225,-0.008872,0.013971,0.012491,0.246106,0.357411,0.217181,-1.910008,-0.136755,0.033879,0.288022,0.783527,0.171391,0.597245,-0.551734,0.63371,0.542158,-0.286532,-0.75452,0.590306,-0.014831,0.008374,-0.00858,0.004987,-0.157057,0.136211,0.44506,0.025167,0.034943,-0.038304,-0.741359,-0.231487,0.629921,0.604929,-0.636938,0.47788,0.290598,0.735338,0.612233,-0.000665,0.005196,-0.004149,-0.266887,-2.009472,1.905751,0.403203,0.058271,0.029109,-0.075024,-0.755626,0.269406,-0.597033,-0.350431,-0.936352,0.020998,-0.553377,0.225086,0.80194,-0.005459,0.00122,0.010096,0.358609,0.599083,0.161247,-0.810267
344,0.041528,0.009074,0.333806,-0.752213,0.33985,-0.564555,-0.452761,-0.889019,0.067995,-0.477862,0.306328,0.82331,0.004941,0.01022,0.010291,0.52763,0.824236,0.318267,-1.909057,-0.136949,0.03425,0.287398,0.780459,0.190052,0.595613,-0.565011,0.621958,0.542094,-0.268389,-0.759837,0.592011,-0.015421,0.012302,-0.023516,0.064886,-0.005189,-0.002388,0.445355,0.02507,0.035131,-0.038607,-0.738286,-0.249987,0.626449,0.617288,-0.624733,0.478187,0.271823,0.73974,0.615546,-0.000866,0.006403,-0.012391,0.055884,-0.040631,0.036294,0.410715,0.058252,0.029293,-0.074765,-0.761663,0.291575,-0.578664,-0.35317,-0.935535,-0.006536,-0.543267,0.199389,0.815538,0.002478,0.005142,0.005174,0.591375,0.9286,0.366736,-0.814349
345,0.041529,0.009321,0.3341,-0.750808,0.356923,-0.555822,-0.460662,-0.885961,0.053247,-0.472503,0.295575,0.830303,-0.007464,0.016828,0.015287,0.431107,0.801349,0.053922,-1.908838,-0.137045,0.034506,0.286872,0.778623,0.204064,0.593376,-0.574054,0.613185,0.542587,-0.254094,-0.763346,0.593804,-0.003029,0.02266,-0.033641,0.078343,-0.023911,-0.013081,0.444702,0.025017,0.035255,-0.038867,-0.736075,-0.26377,0.623392,0.625997,-0.615637,0.478662,0.257527,0.742573,0.618274,-0.000719,0.005165,-0.013671,-0.020412,-0.074376,-0.086958,0.411858,0.058252,0.029402,-0.074632,-0.761944,0.308252,-0.56958,-0.361205,-0.932242,-0.021327,-0.537561,0.189485,0.821659,-0.003624,0.008657,0.007886,0.57217,0.920391,0.185658,-0.821534
346,0.041474,0.009858,0.334804,-0.742751,0.388508,-0.54537,-0.474005,-0.880315,0.018347,-0.472051,0.271647,0.838692,0.005751,0.004587,0.023795,0.715417,0.945782,0.123179,-1.90862,-0.137372,0.035172,0.285552,0.776532,0.229893,0.586634,-0.588902,0.595498,0.546362,-0.224701,-0.770014,0.597036,-0.016273,0.018481,-0.036203,0.100047,0.022942,-0.018218,0.446694,0.024859,0.035583,-0.039533,-0.733441,-0.289015,0.61525,0.640345,-0.597462,0.482696,0.228083,0.748002,0.623273,-0.008086,0.009015,-0.018325,0.117086,0.019005,-0.03256,0.413491,0.058222,0.029679,-0.074279,-0.757855,0.339048,-0.557405,-0.373453,-0.925987,-0.05549,-0.534965,0.166111,0.828383,-0.003025,0.009879,0.009067,0.86873,-0.002087,0.31658,-0.830025
347,0.041594,0.010148,0.335612,-0.728945,0.413453,-0.545656,-0.481336,-0.876268,-0.021041,-0.485938,0.246786,0.838444,0.006572,0.013618,0.013506,0.395031,0.405131,0.337216,-1.906186,-0.137762,0.03602,0.284166,0.777429,0.256631,0.574226,-0.599298,0.578906,0.552851,-0.191512,-0.774246,0.6031,-0.016486,0.020415,-0.034222,0.08321,-0.15276,0.157062,0.453007,0.024658,0.036006,-0.040247,-0.734027,-0.31513,0.601578,0.650451,-0.580888,0.489368,0.195235,0.750507,0.631364,-0.008217,0.010222,-0.017087,0.096872,-0.169802,0.160463,0.420512,0.058287,0.029831,-0.07386,-0.747581,0.366304,-0.554024,-0.37941,-0.920188,-0.096437,-0.545132,0.138107,0.826895,0.003285,0.006835,0.006778,0.400296,0.446693,0.345169,-0.842272
348,0.04173,0.010345,0.335966,-0.719101,0.423215,-0.551207,-0.483201,-0.874524,-0.041172,-0.498579,0.236205,0.834058,0.00554,0.004196,0.023266,0.368212,0.053292,0.50095,-1.906299,-0.137929,0.036426,0.283544,0.777034,0.263682,0.571561,-0.602694,0.573161,0.55514,-0.182183,-0.776158,0.603532,-0.016692,0.022282,-0.032278,-0.311429,-0.087795,-0.166843,0.452509,0.024581,0.036198,-0.040549,-0.733431,-0.32247,0.598406,0.653823,-0.575517,0.491217,0.18599,0.751526,0.632941,-0.000843,0.006291,-0.012542,-1.108983,-0.686636,-0.778002,0.423615,0.058351,0.029925,-0.073695,-0.738824,0.37704,-0.558549,-0.380482,-0.917478,-0.116044,-0.556211,0.126782,0.821312,0.003606,0.007498,0.007409,0.881543,-0.408094,0.989878,-0.845211
349,0.04206,0.010851,0.336628,-0.677891,0.448283,-0.582711,-0.49858,-0.862767,-0.083805,-0.539474,0.233154,0.809094,0.006776,0.014102,0.013845,0.001456,-0.425658,0.706171,-1.90836,-0.138151,0.037021,0.282737,0.77599,0.268174,0.570889,-0.605009,0.571904,0.553917,-0.178913,-0.775552,0.605287,-0.000948,0.007027,-0.011782,0.034331,0.007756,-0.004477,0.449915,0.024466,0.036494,-0.040968,-0.732329,-0.326441,0.597602,0.655945,-0.573817,0.490377,0.182836,0.751112,0.63435,-0.000517,0.00407,-0.005304,0.039732,-0.010855,0.016574,0.422472,0.058517,0.030179,-0.073357,-0.699655,0.408261,-0.586349,-0.395002,-0.904867,-0.158705,-0.595362,0.120571,0.794359,0.003636,0.007592,0.007452,-0.023001,-0.424632,0.715998,-0.841455
350,0.042692,0.01112,0.337024,-0.632017,0.471302,-0.615202,-0.519581,-0.846642,-0.114911,-0.574234,0.24643,0.78074,0.031725,0.001666,0.004601,1.472121,-2.930543,1.949731,-1.908481,-0.138269,0.037306,0.282602,0.773336,0.275158,0.571167,-0.609664,0.569461,0.551324,-0.174519,-0.774912,0.607386,-0.000412,0.003691,0.003872,0.028085,-0.051452,-0.008371,0.455329,0.024407,0.036634,-0.041045,-0.729363,-0.333444,0.597364,0.660363,-0.571283,0.487397,0.178744,0.749967,0.636867,-0.000204,0.001891,0.001986,0.008061,-0.025116,-0.0254,0.424268,0.058826,0.030322,-0.073151,-0.657964,0.437946,-0.612605,-0.416559,-0.889372,-0.188401,-0.627344,0.131226,0.767606,0.009085,0.002857,0.003523,-0.331416,-1.146298,0.771879,-0.846517
351,0.043492,0.011307,0.337301,-0.599195,0.488321,-0.63447,-0.544913,-0.829295,-0.123735,-0.585846,0.270977,0.763795,0.020028,0.016963,-0.000994,-0.05577,-0.687206,0.828232,-1.908634,-0.138261,0.037432,0.282947,0.770854,0.282196,0.571087,-0.614285,0.566142,0.54961,-0.169178,-0.774822,0.609009,-0.001039,0.009301,0.009731,0.040332,-0.082565,0.002012,0.472967,0.024412,0.036697,-0.040873,-0.726634,-0.340327,0.596808,0.664748,-0.567689,0.485631,0.173529,0.749603,0.638734,0.000275,-0.001743,0.007738,-0.010239,-0.050357,-0.037297,0.438801,0.059221,0.030402,-0.073018,-0.624597,0.458709,-0.632031,-0.442632,-0.874703,-0.197406,-0.643392,0.156458,0.749377,0.009332,0.003415,0.00404,-0.250672,-0.534802,0.736164,-0.852886
352,0.043933,0.011448,0.337429,-0.590038,0.49508,-0.637806,-0.55502,-0.822377,-0.12498,-0.585664,0.279631,0.760809,0.032598,0.003746,0.006518,-0.549369,0.015274,0.406755,-1.908899,-0.138211,0.037459,0.283212,0.766876,0.288778,0.573149,-0.620251,0.562411,0.546732,-0.165416,-0.775123,0.609659,0.013909,-0.000552,0.016722,0.222058,1.852394,-1.942767,0.479206,0.024431,0.036718,-0.040739,-0.724041,-0.347275,0.595956,0.668943,-0.564183,0.483953,0.168164,0.749063,0.640799,-0.000523,0.004651,0.004858,0.022214,-0.075448,-0.035815,0.448435,0.059442,0.030477,-0.072957,-0.614948,0.467553,-0.635005,-0.453802,-0.868386,-0.199921,-0.644904,0.165225,0.746189,0.009381,0.003548,0.004144,-1.77412,1.284284,-0.465373,-0.850273
353,0.044914,0.011642,0.337643,-0.570908,0.50935,-0.64395,-0.568575,-0.811039,-0.137514,-0.591607,0.286987,0.753436,0.030102,-0.008666,0.013328,-0.030315,-0.242795,0.435175,-1.909306,-0.138216,0.037362,0.283699,0.760168,0.287067,0.582862,-0.62678,0.559822,0.541923,-0.171676,-0.777628,0.60472,-0.012668,-0.007605,0.012939,-0.036241,0.0089,-0.026161,0.484961,0.024437,0.036682,-0.040483,-0.715092,-0.345262,0.607813,0.676607,-0.560325,0.477742,0.175627,0.75288,0.634291,0.000429,-0.003164,0.00624,-0.038755,0.007235,-0.011724,0.461171,0.059935,0.030581,-0.07285,-0.597729,0.484551,-0.638692,-0.468326,-0.857651,-0.212378,-0.650684,0.172172,0.739571,0.008863,0.002511,0.003117,0.003876,-0.234081,0.396084,-0.839006
354,0.046012,0.011632,0.337969,-0.563461,0.509292,-0.650521,-0.565559,-0.811717,-0.145704,-0.601551,0.28517,0.746218,0.018526,0.006848,0.007958,0.000995,-0.029705,0.054169,-1.910185,-0.138423,0.037395,0.283976,0.747577,0.283622,0.600565,-0.638224,0.556605,0.531784,-0.184381,-0.781189,0.59633,-0.000386,0.003475,0.003611,0.212174,1.948568,-1.948724,0.486606,0.024328,0.036697,-0.040339,-0.703474,-0.342572,0.62271,0.685919,-0.556687,0.468629,0.186115,0.756798,0.626591,-0.006963,0.001086,0.002022,-0.001045,-0.013284,0.002981,0.469173,0.060476,0.030571,-0.072692,-0.589964,0.485763,-0.644961,-0.464935,-0.857444,-0.220508,-0.660134,0.169773,0.731709,0.016284,0.002037,0.003321,0.00267,-0.053287,0.11063,-0.830352
355,0.046561,0.011686,0.338164,-0.559399,0.513781,-0.650497,-0.567114,-0.809517,-0.151768,-0.603875,0.283363,0.745028,0.033159,0.005441,0.007934,0.140765,0.126545,0.451949,-1.909928,-0.138534,0.037462,0.284002,0.745587,0.280365,0.604555,-0.639557,0.555514,0.531323,-0.187801,-0.783135,0.592699,-0.013713,0.000385,0.002182,0.007283,-0.102412,0.131252,0.486798,0.024278,0.036732,-0.040325,-0.699557,-0.338817,0.629143,0.68861,-0.554828,0.466884,0.190878,0.759847,0.621447,-0.000112,0.000989,0.001029,0.016177,-0.032314,0.02892,0.471949,0.060754,0.030592,-0.072593,-0.585967,0.489913,-0.645466,-0.466476,-0.855261,-0.225673,-0.662603,0.168858,0.729687,0.008916,-0.000923,0.009177,0.192687,0.471891,0.369271,-0.830515
356,0.047483,0.011693,0.338638,-0.568843,0.51093,-0.644525,-0.550502,-0.818704,-0.163226,-0.610371,0.261322,0.747787,0.016666,-0.004282,0.015994,0.163587,0.227077,0.054861,-1.91003,-0.138773,0.037566,0.283897,0.742079,0.276692,0.610533,-0.642119,0.554379,0.529415,-0.192904,-0.785238,0.588262,0.000156,-0.001415,-0.00147,-0.020563,0.08552,-0.022442,0.487292,0.024154,0.036781,-0.040373,-0.696108,-0.335385,0.634782,0.690837,-0.553544,0.465115,0.195388,0.762302,0.617023,-0.006613,-0.002001,-0.001185,0.051317,0.694847,-0.641377,0.470806,0.061218,0.030604,-0.072356,-0.595563,0.486925,-0.638911,-0.448979,-0.861293,-0.237888,-0.666124,0.14518,0.731574,0.008179,-0.002454,0.007679,1.184012,0.549301,-1.042677,-0.833944
357,0.048187,0.011482,0.339197,-0.583895,0.513937,-0.628475,-0.530697,-0.827409,-0.183648,-0.613669,0.225654,0.756649,0.015866,-0.005967,0.014348,0.262583,0.522953,0.588983,-1.908224,-0.138974,0.037768,0.283629,0.742506,0.274219,0.611131,-0.641248,0.554277,0.530578,-0.194163,-0.786175,0.586594,0.000326,-0.002981,-0.0031,-0.038334,0.155009,-0.126414,0.484589,0.024053,0.036885,-0.040511,-0.696613,-0.332875,0.63555,0.689981,-0.553595,0.466323,0.19661,0.763365,0.615319,-0.00055,0.004245,-0.005103,0.033435,0.024184,0.013213,0.469499,0.061583,0.0305,-0.072066,-0.61134,0.486602,-0.624083,-0.427109,-0.866775,-0.257443,-0.666213,0.109167,0.737727,0.007889,-0.003075,0.007078,0.300713,0.622355,0.654829,-0.830025
358,0.048518,0.011234,0.339882,-0.599797,0.514714,-0.612666,-0.502562,-0.838085,-0.212175,-0.621935,0.179995,0.76212,0.000773,-0.012873,0.025177,3.642178,1.813974,-3.619208,-1.90848,-0.138914,0.037933,0.28329,0.737184,0.287196,0.611612,-0.651117,0.543373,0.529835,-0.181083,-0.789166,0.586762,0.000578,-0.005264,-0.005482,-0.029754,-0.005295,-0.048297,0.480797,0.024082,0.036969,-0.040678,-0.690693,-0.345784,0.635118,0.69945,-0.542437,0.465329,0.183608,0.765633,0.616516,0.006262,0.004449,-0.005787,-0.054608,-0.087564,-0.064797,0.466397,0.061748,0.030379,-0.071735,-0.625046,0.487931,-0.609295,-0.401801,-0.870321,-0.284775,-0.669233,0.066818,0.740042,0.007962,-0.002896,0.007239,0.315585,0.567521,0.833558,-0.834271
359,0.04856,0.01112,0.340238,-0.598577,0.521071,-0.608471,-0.496013,-0.837471,-0.229318,-0.628329,0.163891,0.760507,0.001648,-0.003663,0.015202,0.399832,0.064455,0.557757,-1.895245,-0.138827,0.037965,0.283098,0.732775,0.298225,0.611633,-0.658573,0.536526,0.527596,-0.171725,-0.789775,0.588753,-0.000838,0.006038,-0.012775,-0.115463,-0.451705,-0.478918,0.478482,0.024126,0.036981,-0.040772,-0.686403,-0.355316,0.634508,0.705872,-0.535388,0.463793,0.174915,0.76623,0.6183,0.000327,-0.003051,-0.00319,-0.738413,-1.20036,-1.254558,0.464437,0.06177,0.030321,-0.071551,-0.628296,0.491157,-0.60333,-0.389614,-0.869904,-0.302433,-0.673383,0.045048,0.737919,0.000757,-0.001964,0.007474,1.106839,-0.183352,0.544231,-0.835414
360,0.048455,0.010761,0.341062,-0.594937,0.534157,-0.600643,-0.479796,-0.835478,-0.267848,-0.644163,0.128163,0.754093,-0.01377,-0.01132,0.02535,0.276408,-0.003372,0.776382,-1.888288,-0.138513,0.038051,0.282557,0.726375,0.323114,0.606603,-0.671838,0.519379,0.528027,-0.145348,-0.791478,0.593548,0.013064,0.004006,-0.016715,-0.941264,-0.90327,-1.017179,0.473886,0.024278,0.037027,-0.041039,-0.679416,-0.379961,0.627712,0.718338,-0.518862,0.463434,0.149609,0.765774,0.625464,0.006392,0.00252,-0.00785,-3.309461,-2.951985,-3.285043,0.459865,0.061723,0.030144,-0.071144,-0.626368,0.503465,-0.595134,-0.371799,-0.863972,-0.339582,-0.685148,0.008567,0.728353,0.000103,-0.007051,0.012002,0.80013,-0.294288,1.145212,-0.834271
361,0.048152,0.010093,0.342156,-0.583506,0.554059,-0.593788,-0.464681,-0.827362,-0.31546,-0.665341,0.091154,0.740972,-0.015475,-0.022324,0.033644,0.093734,0.088369,0.892233,-1.887045,-0.138058,0.038327,0.281776,0.719999,0.361106,0.592617,-0.68551,0.50229,0.526986,-0.108263,-0.786116,0.608411,0.013215,0.002773,-0.018056,-2.976997,-3.359971,-3.473386,0.46951,0.024501,0.037157,-0.041422,-0.67478,-0.412348,0.612078,0.728682,-0.503743,0.463965,0.117015,0.759085,0.640387,0.005854,0.007498,-0.012186,0.361939,-0.423402,-0.328026,0.453007,0.061577,0.029818,-0.07061,-0.617656,0.523427,-0.58696,-0.355271,-0.851555,-0.385532,-0.701628,-0.029596,0.711927,-0.00086,-0.012789,0.015937,0.4307,0.335614,0.888502,-0.83672
362,0.047898,0.009782,0.342694,-0.575188,0.568189,-0.588529,-0.46479,-0.818968,-0.336501,-0.672473,0.079278,0.735882,-0.015431,-0.022206,0.033759,0.657194,-0.444313,1.141265,-1.893391,-0.137817,0.038513,0.281333,0.717757,0.375502,0.586357,-0.689759,0.497688,0.525807,-0.095275,-0.782306,0.615454,0.011823,0.013754,-0.025691,0.346797,-0.382025,-0.266053,0.46455,0.024626,0.037252,-0.04165,-0.670119,-0.430646,0.604552,0.73551,-0.494797,0.462817,0.09982,0.754797,0.648318,0.006756,0.000263,-0.010227,0.295127,-0.408074,-0.301161,0.448435,0.061444,0.029657,-0.070333,-0.61185,0.538556,-0.579306,-0.356156,-0.841532,-0.406171,-0.706251,-0.042193,0.706702,-0.006975,-0.005838,0.012493,2.175903,-1.318916,1.687807,-0.844558
363,0.047294,0.009338,0.343896,-0.568767,0.585472,-0.57773,-0.463496,-0.808336,-0.362955,-0.678798,0.060604,0.731838,-0.025366,-0.003226,0.031639,0.159632,0.212846,0.609921,-1.909033,-0.137228,0.038941,0.280256,0.709945,0.400415,0.579342,-0.699843,0.492057,0.517721,-0.07865,-0.773493,0.628798,0.012128,0.01119,-0.028469,0.369471,-0.478626,-0.157374,0.451262,0.02492,0.037466,-0.042187,-0.66155,-0.455132,0.595991,0.745132,-0.488438,0.454097,0.084431,0.744501,0.66226,0.006079,0.005602,-0.014233,0.537416,-0.501922,-0.437358,0.434392,0.061143,0.029422,-0.069737,-0.606539,0.555362,-0.568931,-0.35462,-0.829439,-0.431595,-0.711585,-0.060025,0.700029,-0.006945,-0.009369,0.018516,0.375877,0.55291,0.47475,-0.850273
364,0.046525,0.008848,0.345193,-0.552217,0.606738,-0.571813,-0.468981,-0.793065,-0.388686,-0.688635,0.05277,0.723204,-0.014505,-0.0201,0.03572,0.046623,0.263066,0.540593,-1.909928,-0.136747,0.039326,0.279132,0.699244,0.426806,0.573487,-0.71244,0.480964,0.510919,-0.058635,-0.766356,0.639628,0.01214,0.011198,-0.028542,0.178935,-0.19304,-0.160116,0.433683,0.025161,0.037656,-0.042752,-0.649778,-0.481909,0.587836,0.757325,-0.476732,0.4463,0.065164,0.735179,0.674732,0.00609,0.00561,-0.014262,0.147651,-0.304202,-0.228968,0.41594,0.060757,0.029189,-0.069084,-0.592541,0.577915,-0.561166,-0.360662,-0.81324,-0.456686,-0.720289,-0.068214,0.69031,-0.014024,-0.008112,0.01905,0.128173,0.460513,0.676443,-0.84717
365,0.045717,0.008247,0.346402,-0.534944,0.620978,-0.572946,-0.46776,-0.782325,-0.411268,-0.702959,0.047218,0.709681,-0.015916,-0.023104,0.032933,0.566725,-0.398923,0.417742,-1.910399,-0.136364,0.039679,0.278116,0.694316,0.440024,0.569469,-0.717962,0.476382,0.507469,-0.048851,-0.761743,0.645929,0.011783,0.014295,-0.025288,0.076209,-0.021775,0.038736,0.40964,0.025354,0.037826,-0.043268,-0.644294,-0.495097,0.582892,0.762749,-0.471463,0.442645,0.05566,0.729795,0.681396,-2.4e-05,-0.000114,-0.009815,0.012444,0.028871,0.004349,0.388507,0.060355,0.028893,-0.068476,-0.577879,0.594222,-0.559423,-0.360188,-0.800792,-0.478534,-0.732338,-0.075037,0.676793,-0.007008,-0.005839,0.012489,2.13885,-1.424839,1.351793,-0.843741
366,0.045366,0.007941,0.346964,-0.523322,0.626903,-0.577211,-0.465328,-0.777625,-0.422778,-0.713249,0.046558,0.699382,-0.015804,-0.022832,0.033191,2.03527,-1.698477,1.194486,-1.910773,-0.136235,0.039866,0.277699,0.693272,0.442113,0.569124,-0.718928,0.477654,0.504898,-0.049486,-0.759735,0.648241,-0.000445,0.00277,-0.01642,0.040477,0.000422,-0.011527,0.400329,0.025423,0.037921,-0.043482,-0.64323,-0.497057,0.582399,0.763579,-0.472636,0.439956,0.05658,0.727701,0.683556,0.005759,0.008414,-0.011294,0.055795,-0.007259,0.048824,0.374138,0.060179,0.028737,-0.068197,-0.568535,0.601228,-0.561508,-0.358599,-0.795413,-0.488593,-0.740387,-0.076427,0.66782,-0.007267,-0.006373,0.012013,-0.198652,-0.551028,-0.208818,-0.842598
367,0.045011,0.007187,0.347991,-0.49875,0.633338,-0.591759,-0.455549,-0.772305,-0.442711,-0.736789,0.04798,0.674439,-0.001655,-0.018093,0.020319,-0.079655,-0.464333,0.191553,-1.911044,-0.136315,0.040158,0.277248,0.695597,0.43214,0.573926,-0.716384,0.476017,0.510035,-0.053658,-0.766462,0.639938,-0.014971,0.009551,-0.007226,-0.225575,0.323633,0.292414,0.385295,0.02539,0.038057,-0.043719,-0.645055,-0.488343,0.587727,0.761793,-0.47115,0.444621,0.059781,0.734532,0.675934,3.1e-05,-0.000191,-0.000209,-0.437338,0.463062,0.434665,0.35144,0.059996,0.028354,-0.067669,-0.541892,0.611747,-0.576296,-0.347435,-0.787423,-0.509169,-0.765272,-0.075689,0.63924,-0.000883,-0.009129,0.010094,-0.097462,-0.443474,0.200237,-0.834924
368,0.04508,0.006293,0.348833,-0.480757,0.632897,-0.606926,-0.432812,-0.773177,-0.463511,-0.762024,0.039055,0.64639,-0.002179,-0.019238,0.019277,0.005853,-0.755477,0.147215,-1.911135,-0.136967,0.040516,0.277325,0.694221,0.399078,0.598988,-0.715131,0.4757,0.512085,-0.08144,-0.784343,0.614846,-0.015993,0.01847,0.002365,-0.08848,2.31901,-1.290473,0.378328,0.025065,0.038232,-0.043685,-0.645124,-0.456975,0.612361,0.75946,-0.471466,0.448261,0.083863,0.754249,0.651209,-0.01402,0.00272,0.004813,-0.549314,0.496135,0.721218,0.336581,0.06003,0.027906,-0.067249,-0.523968,0.614714,-0.589561,-0.32417,-0.784019,-0.529365,-0.787636,-0.086253,0.610073,-0.001137,-0.00969,0.009578,-0.00455,-0.860182,0.059669,-0.842598
369,0.045248,0.005844,0.349174,-0.475889,0.632134,-0.61154,-0.417117,-0.774297,-0.475866,-0.773739,0.027832,0.632914,-0.002459,-0.019857,0.018713,2.056124,-1.611364,1.371089,-1.911448,-0.137526,0.04072,0.277458,0.693482,0.390564,0.605421,-0.715264,0.473145,0.514261,-0.086463,-0.790144,0.606679,-0.027964,0.005118,0.009224,-0.169618,0.107267,0.328231,0.373541,0.024778,0.038347,-0.043611,-0.643575,-0.446665,0.62153,0.760079,-0.468401,0.450419,0.089939,0.762292,0.640953,-0.014014,0.002835,0.004925,-0.12851,0.070211,0.320818,0.329069,0.060111,0.027698,-0.067091,-0.520273,0.613089,-0.594505,-0.308793,-0.784094,-0.53837,-0.796217,-0.096521,0.597261,0.00562,-0.011691,0.008356,-0.144769,-0.446857,-0.058641,-0.839333
370,0.045717,0.005292,0.34953,-0.472668,0.624389,-0.621908,-0.387847,-0.781019,-0.489445,-0.790744,0.009077,0.612102,0.01305,-0.01226,0.008447,0.555415,-1.052461,0.124932,-1.911894,-0.138647,0.04117,0.277637,0.689418,0.37484,0.61983,-0.717697,0.468467,0.515154,-0.098126,-0.800464,0.591178,-0.027759,0.003899,0.007848,-0.292639,0.910869,-0.0462,0.349099,0.024227,0.038578,-0.043517,-0.638753,-0.433726,0.635511,0.762852,-0.464626,0.449643,0.100253,0.772012,0.62765,-0.014649,0.008027,0.000793,0.214723,1.894423,-1.721433,0.307842,0.060346,0.027402,-0.066903,-0.515063,0.608312,-0.603875,-0.277858,-0.784964,-0.553738,-0.810865,-0.117419,0.57333,0.006497,-0.006183,0.004181,0.617904,-1.051345,0.192032,-0.836393
371,0.046244,0.005148,0.349485,-0.465559,0.616789,-0.634721,-0.351541,-0.78699,-0.506989,-0.811651,-0.013677,0.584006,0.013535,-0.003928,-0.002396,2.063032,-1.671451,1.28517,-1.912661,-0.139832,0.041748,0.277827,0.691646,0.349024,0.632297,-0.712512,0.472224,0.518908,-0.118334,-0.809844,0.574468,-0.028039,0.007174,0.011268,-0.206783,0.094238,0.488645,0.332933,0.023635,0.038863,-0.043427,-0.641437,-0.406764,0.650462,0.75782,-0.467955,0.454671,0.119443,0.784576,0.608418,-0.014816,0.010057,0.002924,-0.231467,0.393427,0.323374,0.279592,0.060607,0.027334,-0.066922,-0.506908,0.600343,-0.618572,-0.240981,-0.787684,-0.566992,-0.827629,-0.138349,0.543955,0.0075,0.00326,-0.005631,-0.06144,-0.562875,-0.022469,-0.831985
372,0.046858,0.005311,0.349034,-0.449399,0.607447,-0.655053,-0.311789,-0.793744,-0.522236,-0.836621,-0.031216,0.546917,0.014675,0.005866,-0.011886,0.253949,-0.675122,-0.44802,-1.912796,-0.141326,0.042488,0.278123,0.697732,0.294446,0.653041,-0.698488,0.481458,0.529383,-0.159402,-0.825864,0.540742,-0.029636,0.021591,0.007256,-0.379503,0.455072,0.614879,0.319852,0.022888,0.039229,-0.043275,-0.648155,-0.354085,0.674179,0.744987,-0.478251,0.465047,0.157761,0.803678,0.57377,-0.021594,0.010518,0.004249,-0.509255,1.089683,0.31102,0.260977,0.060912,0.027411,-0.067145,-0.488431,0.595985,-0.637366,-0.19944,-0.787332,-0.583379,-0.849504,-0.157824,0.50342,0.014813,0.006151,-0.011626,1.157617,-0.260464,-0.983495,-0.834434
