frame,MLTx,MLTy,MLTz,MLTR1,MLTR2,MLTR3,MLTR4,MLTR5,MLTR6,MLTR7,MLTR8,MLTR9,MLTTVx,MLTTVy,MLTTVz,MLTRVx,MLTRVy,MLTRVz,MLGA,MRTx,MRTy,MRTz,MRTR1,MRTR2,MRTR3,MRTR4,MRTR5,MRTR6,MRTR7,MRTR8,MRTR9,MRTTVx,MRTTVy,MRTTVz,MRTRVx,MRTRVy,MRTRVz,MRGA,SLTx,SLTy,SLTz,SLTR1,SLTR2,SLTR3,SLTR4,SLTR5,SLTR6,SLTR7,SLTR8,SLTR9,SLTTVx,SLTTVy,SLTTVz,SLTRVx,SLTRVy,SLTRVz,SLGA,SRTx,SRTy,SRTz,SRTR1,SRTR2,SRTR3,SRTR4,SRTR5,SRTR6,SRTR7,SRTR8,SRTR9,SRTTVx,SRTTVy,SRTTVz,SRTRVx,SRTRVy,SRTRVz,SRGA
1377,0.172198,0.036373,0.358575,-0.69094,-0.066989,-0.719833,-0.202242,-0.938038,0.281347,-0.693222,0.340052,0.63548,-0.014485,0.085781,-0.082387,-0.847705,-2.024825,-0.596586,0.303086,-0.170072,0.069385,0.356375,0.305317,0.334036,0.891736,-0.924295,0.328973,0.193363,-0.229129,-0.883665,0.408043,-0.041443,0.056089,-0.091435,-0.134962,1.273392,0.593882,0.49994,0.034204,0.057085,0.001532,-0.364954,-0.31514,0.876067,0.840246,-0.516762,0.164141,0.400991,0.796016,0.45339,-0.020666,0.027726,-0.045869,-0.105009,1.226182,0.553213,0.489911,0.100398,0.042613,-0.063527,-0.666393,-0.1601,-0.728208,-0.00833,-0.975014,0.221985,-0.745553,0.153995,0.648409,-0.007079,0.038028,-0.036643,-0.783741,-1.759683,-0.664306,0.213565
1378,0.171483,0.039605,0.355683,-0.645487,-0.107185,-0.756243,-0.209214,-0.927433,0.309951,-0.733788,0.358415,0.577167,-0.013902,0.080819,-0.069806,-0.581937,-1.637998,-0.385691,0.306183,-0.171528,0.071791,0.352635,0.339651,0.293773,0.893491,-0.911625,0.336365,0.236079,-0.231591,-0.895062,0.38091,-0.042221,0.06723,-0.09872,-0.178467,0.526565,1.351995,0.494152,0.033476,0.058281,-0.000341,-0.39065,-0.267586,0.880789,0.826304,-0.523646,0.207399,0.405725,0.808821,0.42567,-0.021054,0.033487,-0.049402,-0.221062,0.535349,1.444327,0.483869,0.10004,0.04423,-0.064979,-0.613115,-0.188885,-0.76708,-0.017207,-0.967572,0.252006,-0.789806,0.167708,0.589983,-0.00688,0.040739,-0.034692,-0.694323,-1.81822,-0.49675,0.216668
1379,0.171123,0.041259,0.354343,-0.622047,-0.124963,-0.772973,-0.213593,-0.92267,0.320983,-0.75254,0.364919,0.548219,-0.013617,0.084965,-0.066937,-0.485184,-1.651803,-0.13881,0.317572,-0.172267,0.07304,0.350737,0.357038,0.270426,0.894084,-0.904202,0.339998,0.258371,-0.234545,-0.901,0.364763,-0.02989,0.057957,-0.090579,-0.300333,0.793371,1.613214,0.491339,0.033118,0.058879,-0.001259,-0.40193,-0.244016,0.882557,0.818906,-0.527029,0.227225,0.409687,0.814061,0.411655,-0.020597,0.028245,-0.045262,-0.488175,-0.613023,2.861983,0.480766,0.099865,0.045026,-0.065629,-0.587751,-0.200104,-0.783904,-0.022105,-0.964596,0.262802,-0.808739,0.17179,0.562519,-0.01295,0.04266,-0.033172,-0.483657,-1.511185,-0.322734,0.222709
1380,0.170485,0.044266,0.352062,-0.586727,-0.159357,-0.793979,-0.218216,-0.913077,0.344449,-0.779128,0.375549,0.501945,-0.013056,0.06623,-0.048172,-0.461307,-1.411659,-0.296666,0.351239,-0.173601,0.075219,0.347264,0.378002,0.233433,0.895888,-0.893158,0.346404,0.286719,-0.243864,-0.908822,0.338283,-0.028979,0.046365,-0.082874,-0.045948,0.841323,0.619814,0.482342,0.03245,0.059972,-0.002999,-0.416174,-0.201828,0.886602,0.806295,-0.532658,0.257221,0.420342,0.821912,0.384411,-0.02056,0.028271,-0.045064,0.004082,0.790031,0.775958,0.472112,0.099541,0.046566,-0.066797,-0.545522,-0.225629,-0.807153,-0.028599,-0.957506,0.286988,-0.837608,0.179642,0.515889,-0.006535,0.038801,-0.028022,-0.515441,-1.58915,-0.370345,0.260919
1381,0.169908,0.047039,0.350109,-0.565401,-0.18382,-0.8041,-0.239183,-0.896438,0.373044,-0.7887,0.403471,0.463886,-0.012814,0.068431,-0.046458,-0.320707,-1.071106,-0.324658,0.349495,-0.174769,0.077022,0.344038,0.397613,0.207789,0.893711,-0.882496,0.35301,0.310677,-0.251413,-0.912465,0.322587,-0.02814,0.035205,-0.075177,0.066858,0.374383,0.498526,0.459089,0.031866,0.060878,-0.004615,-0.430335,-0.171782,0.886172,0.794375,-0.538309,0.281407,0.428695,0.825053,0.368113,-0.008712,0.02317,-0.041731,0.044377,0.594465,0.435321,0.452844,0.099248,0.047981,-0.067789,-0.518317,-0.245457,-0.819205,-0.052768,-0.946919,0.31711,-0.853558,0.207591,0.477852,-0.00636,0.034371,-0.02312,-0.32307,-1.080714,-0.320875,0.281657
1382,0.169052,0.049491,0.348583,-0.562091,-0.191544,-0.804618,-0.285625,-0.868026,0.406105,-0.775522,0.458321,0.434206,-0.024641,0.06048,-0.035884,-1.966934,1.503633,-1.944858,0.328893,-0.175638,0.078251,0.341207,0.424096,0.199332,0.883403,-0.869626,0.361636,0.336013,-0.253006,-0.910962,0.325577,-0.015941,0.025293,-0.067822,0.026999,-1.680231,2.378825,0.411649,0.031427,0.061494,-0.006034,-0.452146,-0.156757,0.87806,0.780853,-0.54535,0.304731,0.431082,0.823419,0.368982,-0.007925,0.013155,-0.033598,0.182509,0.022452,0.227459,0.409735,0.098829,0.049184,-0.068539,-0.511836,-0.250858,-0.82164,-0.103257,-0.931518,0.348729,-0.852854,0.263332,0.450882,-0.012377,0.030638,-0.017803,-4.879991,1.317212,1.635056,0.268104
1383,0.168438,0.050599,0.347978,-0.562187,-0.197469,-0.803117,-0.302338,-0.854804,0.42175,-0.769096,0.480157,0.421862,-0.036587,0.050898,-0.026546,-0.286275,-0.592444,-0.63583,0.314099,-0.175863,0.078671,0.339972,0.434946,0.197076,0.87862,-0.864025,0.36581,0.3458,-0.253786,-0.909782,0.328257,-0.015175,0.016526,-0.059063,0.12005,-0.034922,0.433634,0.378476,0.031309,0.061709,-0.006679,-0.464944,-0.152913,0.872034,0.773512,-0.549331,0.316089,0.430702,0.821493,0.373689,-0.007543,0.008416,-0.029427,0.126622,-0.039379,0.413271,0.374791,0.098527,0.049742,-0.068845,-0.512942,-0.257488,-0.818895,-0.12304,-0.92205,0.366993,-0.849559,0.289003,0.441276,-0.018235,0.025918,-0.012955,-0.427709,-0.901793,-0.548289,0.254878
1384,0.166528,0.052486,0.347302,-0.576808,-0.18569,-0.795523,-0.352648,-0.821824,0.447456,-0.736156,0.538863,0.409547,-0.060104,0.035961,-0.00541,-0.3169,-0.291897,-0.372821,0.272735,-0.175728,0.079148,0.337882,0.440853,0.222988,0.869434,-0.871067,0.339651,0.354701,-0.216745,-0.913966,0.342855,0.020729,-0.000181,-0.043647,-0.164078,-0.73325,-0.093009,0.245903,0.031365,0.061945,-0.007693,-0.475946,-0.17362,0.862166,0.784752,-0.526402,0.327205,0.397037,0.832319,0.386788,0.004284,0.005621,-0.024915,-4.456543,-2.627305,-1.930592,0.26359,0.097603,0.050668,-0.06919,-0.529688,-0.248736,-0.8109,-0.178478,-0.901943,0.393246,-0.829201,0.353025,0.433355,-0.03001,0.018495,-0.002363,-1.635684,0.944547,-0.633602,0.20687
1385,0.163718,0.053737,0.347401,-0.592194,-0.14624,-0.792443,-0.410415,-0.791569,0.452715,-0.692747,0.593504,0.409734,-0.08364,0.030494,0.006597,-1.292536,0.936039,0.350552,0.217018,-0.174979,0.079069,0.336411,0.439653,0.258477,0.860166,-0.878174,0.324286,0.351544,-0.188608,-0.910237,0.368454,0.021578,-0.005607,-0.033071,0.415971,-0.942594,-0.228734,0.072153,0.031744,0.061905,-0.00845,-0.481963,-0.209246,0.850838,0.795474,-0.5116,0.324784,0.36733,0.833355,0.413022,0.016539,-0.002253,-0.01664,0.457209,-0.965415,-0.462427,0.039229,0.096153,0.051327,-0.069146,-0.552322,-0.214541,-0.80555,-0.24097,-0.883976,0.400648,-0.798043,0.415401,0.436541,-0.041799,0.015554,0.003531,-1.295166,0.966113,0.359489,0.14188
1386,0.161949,0.054209,0.347736,-0.598969,-0.12286,-0.79132,-0.44156,-0.773706,0.454286,-0.667323,0.621668,0.410166,-0.095187,0.024606,0.017966,-1.358315,0.970723,0.345272,0.173552,-0.174313,0.079021,0.335836,0.437148,0.287349,0.852246,-0.882103,0.321483,0.344205,-0.175608,-0.902579,0.392909,0.044535,0.002515,-0.029941,0.603344,-1.337815,-0.470497,0.007897,0.032055,0.061875,-0.008734,-0.485406,-0.236128,0.841797,0.7997,-0.509056,0.318339,0.353354,0.82771,0.435931,0.016522,0.002015,-0.014118,0.583498,-1.272516,-0.42458,-0.061522,0.09534,0.05154,-0.068995,-0.562123,-0.195771,-0.803548,-0.27068,-0.874524,0.402416,-0.781504,0.443712,0.438599,-0.041514,0.012512,0.009001,-0.402741,0.305718,0.043213,0.098609
1387,0.158278,0.054887,0.348782,-0.602117,-0.079806,-0.794438,-0.489247,-0.749446,0.446027,-0.630241,0.657333,0.413203,-0.106366,0.020229,0.030093,-0.044458,0.350056,-0.026815,0.070101,-0.172643,0.078881,0.33515,0.428941,0.356962,0.829807,-0.893767,0.300533,0.332859,-0.13109,-0.88486,0.44688,0.056848,0.001789,-0.017238,-0.735279,-1.993434,-1.213239,-0.0729,0.032898,0.061801,-0.00909,-0.491847,-0.305303,0.815399,0.814618,-0.491979,0.307168,0.30738,0.815319,0.490684,0.023089,-0.005154,-0.004778,-4.136821,-3.075061,-2.582326,-0.200645,0.093474,0.051891,-0.06847,-0.575446,-0.150858,-0.803805,-0.327212,-0.858279,0.395334,-0.749529,0.490508,0.44453,-0.053276,0.004352,0.018925,-0.33022,0.595085,0.097134,-0.031534
1388,0.153903,0.055545,0.350235,-0.59782,-0.032689,-0.800993,-0.518656,-0.746109,0.41748,-0.610537,0.665055,0.430086,-0.117571,0.014497,0.041276,0.333775,0.777685,0.173227,0.020661,-0.170441,0.078647,0.334896,0.412483,0.425891,0.805274,-0.906966,0.27399,0.319807,-0.084937,-0.862788,0.498243,0.069145,0.000466,-0.004851,0.589487,-1.5129,-0.237165,-0.120525,0.033973,0.061689,-0.009222,-0.488573,-0.375036,0.787809,0.834024,-0.465983,0.295403,0.256319,0.801378,0.540456,0.028819,-5.8e-05,-0.002223,0.162454,-1.506798,-0.411088,-0.271024,0.091291,0.052226,-0.067745,-0.580406,-0.104081,-0.807648,-0.356794,-0.859028,0.367107,-0.732002,0.501235,0.461449,-0.06481,0.007833,0.021207,0.48687,0.92114,0.448065,-0.133754
1389,0.149056,0.055964,0.352048,-0.588009,0.026185,-0.808459,-0.555213,-0.739914,0.379787,-0.58752,0.672149,0.450625,-0.116986,0.006435,0.050705,0.224785,0.662905,0.61315,-0.060533,-0.168167,0.078662,0.334956,0.387433,0.475444,0.789835,-0.920894,0.238092,0.308545,-0.04183,-0.847475,0.529056,0.057377,0.009035,0.001184,-3.558066,-0.51207,-4.679214,-0.171521,0.035159,0.061693,-0.009193,-0.474764,-0.430905,0.767411,0.854374,-0.434977,0.284323,0.21129,0.790642,0.574665,0.028708,0.004914,0.000864,-3.605944,-0.456121,-4.63339,-0.32197,0.088824,0.052444,-0.066822,-0.583272,-0.043197,-0.811126,-0.393799,-0.858344,0.328887,-0.710433,0.511252,0.483637,-0.05852,0.003278,0.025462,0.228318,0.68669,0.607587,-0.202826
1390,0.146594,0.056032,0.353107,-0.581374,0.055675,-0.811757,-0.574059,-0.735089,0.360655,-0.575917,0.6756,0.460338,-0.116621,0.007793,0.051369,0.663329,-1.316752,2.733907,-0.120753,-0.167041,0.078783,0.335081,0.382995,0.486491,0.78526,-0.922837,0.237786,0.302926,-0.03982,-0.841279,0.539005,0.05719,0.013197,0.003694,0.272289,-0.691103,0.159693,-0.198729,0.0357,0.06175,-0.009131,-0.471224,-0.441964,0.763292,0.85736,-0.432697,0.278757,0.207074,0.785774,0.58282,0.029081,0.001076,0.0055,0.328817,-0.867722,0.194657,-0.34728,0.087637,0.052475,-0.066311,-0.585326,-0.013483,-0.810685,-0.412128,-0.856114,0.3118,-0.698243,0.51661,0.495549,-0.064474,-0.000984,0.030285,0.112668,0.619007,0.467626,-0.244792
1391,0.141538,0.056071,0.355708,-0.578408,0.108341,-0.808549,-0.599257,-0.728928,0.33095,-0.552805,0.675815,0.487553,-0.13932,-0.001317,0.075317,0.213229,0.498405,0.566537,-0.165022,-0.16481,0.079258,0.335483,0.375339,0.498023,0.781719,-0.926169,0.233016,0.296391,-0.035001,-0.83586,0.547701,0.056683,0.021377,0.008591,-0.300761,-0.295965,-0.206251,-0.231546,0.036816,0.061986,-0.008931,-0.466276,-0.454957,0.758683,0.861368,-0.428906,0.272183,0.201572,0.780418,0.591874,0.028857,0.004885,0.007787,-1.229726,-0.600727,-0.814602,-0.390226,0.085064,0.052489,-0.064997,-0.590679,0.039557,-0.805936,-0.439355,-0.853523,0.280115,-0.676805,0.51955,0.521537,-0.069654,-0.000249,0.037978,0.187144,0.460396,0.543763,-0.305862
1392,0.13647,0.056121,0.358805,-0.57105,0.162765,-0.804646,-0.633422,-0.710852,0.305676,-0.521527,0.684032,0.510036,-0.125683,0.005389,0.078538,0.106551,0.548185,0.711029,-0.163664,-0.162525,0.079889,0.336224,0.37312,0.510338,0.774808,-0.927249,0.231486,0.294207,-0.029667,-0.828839,0.558578,0.068422,0.020754,0.02127,0.109004,-0.324576,0.066209,-0.262602,0.037934,0.062291,-0.008575,-0.466577,-0.466621,0.751379,0.862789,-0.427096,0.270523,0.19468,0.774501,0.601869,0.02903,0.004013,0.014226,0.133539,-0.277607,-0.21731,-0.418965,0.082578,0.052515,-0.063476,-0.594067,0.092492,-0.799079,-0.476366,-0.840904,0.256816,-0.648197,0.53322,0.543614,-0.062903,0.002694,0.039357,-0.18819,0.655684,0.894028,-0.318599
1393,0.134037,0.056142,0.360429,-0.567059,0.180168,-0.803759,-0.645816,-0.702916,0.297999,-0.510586,0.687837,0.515955,-0.124979,0.007916,0.079784,0.00531,0.257904,0.241914,-0.178915,-0.161335,0.080168,0.336762,0.367151,0.521535,0.77019,-0.929758,0.22791,0.289037,-0.025238,-0.822849,0.56758,0.069186,0.011921,0.029903,0.218021,-0.529246,-0.130903,-0.29276,0.038528,0.06244,-0.008311,-0.463606,-0.477589,0.746308,0.865607,-0.423976,0.266397,0.189189,0.769514,0.609963,0.034007,0.012531,0.011833,0.479262,-0.827531,-0.337757,-0.439376,0.081361,0.052526,-0.062663,-0.59396,0.111838,-0.796681,-0.490347,-0.835408,0.2483,-0.637785,0.538131,0.551039,-0.062826,-0.001599,0.044009,-0.030229,0.164865,0.394647,-0.322681
1394,0.129357,0.056219,0.363888,-0.559607,0.203137,-0.803506,-0.662007,-0.692832,0.285836,-0.497941,0.691627,0.523196,-0.124032,0.002091,0.090436,0.702465,-1.410239,2.283175,-0.227091,-0.158818,0.080539,0.338215,0.349874,0.550193,0.7582,-0.936656,0.215305,0.276138,-0.011741,-0.807461,0.589688,0.06934,0.010805,0.042982,0.246079,-0.940751,-0.218869,-0.370046,0.039809,0.062626,-0.00758,-0.452551,-0.508096,0.732826,0.874775,-0.412474,0.254227,0.1731,0.75611,0.631136,0.035261,-0.000924,0.024682,-0.040115,-0.957946,-0.685027,-0.504202,0.079021,0.052569,-0.060936,-0.593135,0.133737,-0.793917,-0.507471,-0.827654,0.239711,-0.62503,0.545071,0.558778,-0.055803,0.00622,0.040882,0.096452,0.370369,0.376831,-0.35338
1395,0.125216,0.056432,0.367136,-0.546239,0.215851,-0.809368,-0.675221,-0.68526,0.272886,-0.495052,0.695292,0.521074,-0.099983,-0.001255,0.087611,-0.08518,0.084241,0.262672,-0.231503,-0.156312,0.080519,0.340434,0.344738,0.568081,0.747283,-0.938581,0.216575,0.268503,-0.00973,-0.794646,0.606882,0.070614,-0.00187,0.06307,0.050791,-0.427337,-0.047829,-0.429611,0.041062,0.062621,-0.006478,-0.45038,-0.527658,0.720232,0.876765,-0.413745,0.245145,0.16864,0.741883,0.648974,0.029551,-0.000731,0.032047,0.078909,-0.457593,-0.115023,-0.575887,0.076943,0.052685,-0.059307,-0.58043,0.150346,-0.80031,-0.522717,-0.822384,0.224611,-0.624393,0.548707,0.555925,-0.049704,0.004927,0.039802,0.035635,0.006628,0.445822,-0.368566
1396,0.121551,0.056628,0.370241,-0.525568,0.222155,-0.821262,-0.687606,-0.679361,0.2562,-0.50037,0.699076,0.510831,-0.08762,0.005449,0.076416,-0.167473,-0.283082,0.486248,-0.269697,-0.154008,0.080365,0.343213,0.342167,0.581802,0.737848,-0.939556,0.215947,0.265585,-0.005235,-0.784839,0.619567,0.048144,-0.006915,0.075338,-0.055638,-0.303406,-0.016494,-0.440663,0.0422,0.062551,-0.005119,-0.450587,-0.5409,0.710209,0.877838,-0.413166,0.242268,0.162391,0.732612,0.66099,0.023401,0.002663,0.034234,0.041837,-0.397117,-0.064645,-0.609688,0.075107,0.052784,-0.057747,-0.561811,0.161451,-0.811358,-0.535891,-0.818198,0.208257,-0.630229,0.5518,0.546193,-0.038507,-0.004228,0.041475,-0.216747,-0.173564,0.286381,-0.385385
1397,0.119983,0.056618,0.371772,-0.515437,0.227209,-0.826285,-0.694423,-0.67571,0.247313,-0.501503,0.70098,0.507097,-0.0647,-0.001058,0.07217,-0.144643,-0.256235,0.545241,-0.274226,-0.153033,0.08028,0.344745,0.340109,0.585332,0.736005,-0.94031,0.214433,0.26414,-0.003628,-0.782629,0.622368,0.048811,-0.013149,0.085367,-0.123582,-0.247837,0.003179,-0.441048,0.042692,0.062508,-0.004359,-0.449248,-0.544675,0.708169,0.878887,-0.411761,0.24085,0.160411,0.730603,0.663691,0.023705,-0.000285,0.039333,-0.045316,-0.32082,-0.023154,-0.61328,0.074344,0.052785,-0.057006,-0.553357,0.168582,-0.815704,-0.542964,-0.815648,0.199765,-0.631652,0.55344,0.542879,-0.032356,-0.000306,0.036268,-0.152563,-0.174302,0.391479,-0.398121
1398,0.117744,0.056529,0.374425,-0.499815,0.237313,-0.833014,-0.706531,-0.66801,0.233555,-0.500421,0.704988,0.502591,-0.041954,-0.00828,0.067536,-0.131698,-0.150325,0.45278,-0.268203,-0.15142,0.080176,0.34798,0.334111,0.59734,0.729073,-0.942464,0.211568,0.258719,-0.000111,-0.7743,0.632711,0.035356,0.004277,0.081657,0.040898,-0.438357,-0.12345,-0.439747,0.043535,0.062457,-0.002677,-0.446144,-0.557149,0.700385,0.881428,-0.409119,0.236018,0.155044,0.722637,0.673613,0.017601,0.002472,0.04099,0.0531,-0.451746,-0.131826,-0.61573,0.073171,0.05274,-0.055624,-0.539518,0.182428,-0.821973,-0.556917,-0.809499,0.185883,-0.631476,0.558059,0.538337,-0.021085,-0.004439,0.033654,-0.147448,-0.185156,0.437602,-0.402693
1399,0.116449,0.056373,0.376723,-0.484854,0.255184,-0.836566,-0.718228,-0.661971,0.214279,-0.498506,0.70442,0.505284,-0.019001,-0.006548,0.053557,0.151869,0.315925,0.824511,-0.268969,-0.150217,0.080093,0.351385,0.324235,0.61284,0.720618,-0.945904,0.208141,0.248749,0.002059,-0.763044,0.646237,0.02512,-0.007925,0.088864,-0.03506,-0.359436,-0.124423,-0.442234,0.044117,0.062425,-0.001033,-0.439397,-0.573805,0.691142,0.885491,-0.406104,0.225796,0.151113,0.711214,0.68654,0.012521,-0.004097,0.044356,0.037789,-0.370281,-0.37537,-0.617363,0.072542,0.052668,-0.054514,-0.528298,0.200459,-0.825055,-0.569167,-0.804678,0.16894,-0.630039,0.558845,0.539205,-0.009744,-0.004188,0.026336,-0.075136,-0.136842,0.533829,-0.402694
1400,0.116115,0.056244,0.377629,-0.480905,0.262104,-0.836706,-0.722255,-0.659433,0.208487,-0.496515,0.70425,0.507475,-0.019989,-0.011054,0.051208,0.016802,0.169523,0.475664,-0.271297,-0.149789,0.080076,0.352968,0.318166,0.619833,0.717335,-0.947964,0.20629,0.242368,0.001863,-0.757885,0.652281,0.023685,0.003943,0.081363,0.218682,-0.670933,-0.336222,-0.444086,0.04434,0.062416,-0.000207,-0.435719,-0.580137,0.688178,0.887542,-0.404108,0.22128,0.149726,0.707203,0.690974,0.0118,0.001873,0.040621,-0.100104,-0.248113,-0.011129,-0.618996,0.072365,0.052606,-0.054039,-0.526031,0.209933,-0.824146,-0.573849,-0.802823,0.161772,-0.627684,0.558033,0.54278,-0.003955,-0.001636,0.020421,0.110712,0.244993,0.585391,-0.403673
1401,0.115797,0.055901,0.379203,-0.482346,0.276961,-0.831072,-0.727025,-0.655786,0.20335,-0.488092,0.701948,0.518712,0.002562,-0.010502,0.036712,0.095509,0.443692,0.389581,-0.296594,-0.149113,0.080096,0.356158,0.309819,0.630911,0.711306,-0.950717,0.202032,0.235061,0.004221,-0.749855,0.661485,0.012786,-0.001687,0.078656,0.113206,-0.497732,-0.274252,-0.444747,0.044678,0.062432,0.001366,-0.429805,-0.592437,0.681385,0.891061,-0.400218,0.214091,0.145867,0.699173,0.699913,0.006375,-0.001188,0.039152,-0.169785,-0.121857,0.002383,-0.620302,0.072197,0.052433,-0.053247,-0.530033,0.222777,-0.818189,-0.579313,-0.799737,0.157533,-0.619242,0.557486,0.552945,-0.004576,-0.004453,0.018951,0.033957,0.582375,0.229455,-0.414287
1402,0.115828,0.055629,0.380401,-0.491195,0.289819,-0.821448,-0.727856,-0.654593,0.204216,-0.477925,0.697844,0.533506,0.002528,-0.003363,0.026297,0.029093,0.219634,0.138417,-0.319957,-0.148821,0.080142,0.358944,0.303429,0.640859,0.705139,-0.952754,0.197948,0.230239,0.007602,-0.742477,0.669726,0.000743,0.003788,0.068378,0.017671,-0.311673,-0.145493,-0.445864,0.044832,0.062459,0.00279,-0.424849,-0.604375,0.673968,0.894179,-0.396315,0.208271,0.14123,0.691132,0.708794,0.00592,0.002015,0.033871,0.081291,-0.403715,-0.169075,-0.620955,0.072211,0.05229,-0.052645,-0.541721,0.234824,-0.807091,-0.580425,-0.799013,0.157109,-0.607984,0.553565,0.56914,0.00073,-0.007602,0.017161,-0.002448,0.2374,0.13346,-0.430616
1403,0.11588,0.055544,0.380893,-0.495203,0.299782,-0.815445,-0.728069,-0.6553,0.20117,-0.473445,0.692945,0.543787,0.00223,-0.004678,0.025621,0.142144,0.572663,0.108694,-0.347466,-0.148683,0.080145,0.360262,0.299749,0.646777,0.7013,-0.953908,0.196258,0.226883,0.008744,-0.737782,0.674881,0.001119,-0.000247,0.066174,0.140041,-0.468719,-0.295834,-0.44684,0.0449,0.062465,0.003452,-0.422976,-0.609683,0.670356,0.895428,-0.394647,0.206061,0.138922,0.687415,0.712854,0.006052,0.000487,0.03301,0.146792,-0.518628,-0.263881,-0.621608,0.072237,0.052246,-0.0524,-0.547215,0.242473,-0.8011,-0.580523,-0.799435,0.154575,-0.602948,0.549644,0.578224,0.000993,-0.002809,0.012573,0.236496,0.664489,0.354378,-0.44221
1404,0.115895,0.055356,0.381913,-0.498339,0.320032,-0.805781,-0.729755,-0.656622,0.190464,-0.467526,0.682538,0.561772,0.002377,-0.004018,0.025929,0.258297,0.716144,0.414986,-0.420957,-0.148541,0.080011,0.362601,0.294928,0.654772,0.695904,-0.955375,0.192794,0.223659,0.011922,-0.731622,0.681506,0.000898,-0.000334,0.052632,0.065665,-0.310601,-0.186253,-0.447128,0.044971,0.062404,0.004649,-0.419436,-0.619015,0.663998,0.897744,-0.391338,0.202262,0.134644,0.680936,0.719858,0.000462,-0.000709,0.026047,0.111442,-0.360259,-0.215115,-0.623241,0.072243,0.052147,-0.051893,-0.554157,0.259933,-0.790786,-0.581823,-0.800348,0.144646,-0.595307,0.540255,0.594754,0.001119,-0.002242,0.012848,0.018931,0.224766,0.11092,-0.487115
1405,0.115957,0.055087,0.383141,-0.503082,0.340094,-0.794538,-0.731558,-0.657045,0.181896,-0.459567,0.672333,0.580339,0.003398,0.000529,0.028155,0.139094,0.546936,0.123272,-0.463017,-0.148569,0.079743,0.364455,0.290893,0.660664,0.692024,-0.956572,0.189544,0.221307,0.014688,-0.727164,0.686207,0.000867,-0.002208,0.038421,-0.020226,-0.123318,-0.094319,-0.447372,0.044956,0.062276,0.005563,-0.416432,-0.625813,0.659501,0.899646,-0.388343,0.199561,0.131225,0.676422,0.724729,0.001026,-0.006421,0.02325,-0.047102,-0.14209,-0.098651,-0.623568,0.072272,0.052004,-0.051283,-0.563152,0.279493,-0.777651,-0.583624,-0.800748,0.13485,-0.585014,0.529797,0.614062,0.001134,-0.005821,0.018036,0.168755,0.603794,0.322596,-0.529081
1406,0.116101,0.054782,0.384504,-0.513771,0.359082,-0.779196,-0.731819,-0.657412,0.179506,-0.447163,0.662006,0.601516,0.00275,-0.009626,0.037044,0.087265,0.540257,0.057951,-0.477435,-0.148537,0.079413,0.365877,0.286531,0.666327,0.688403,-0.95786,0.186796,0.218047,0.016354,-0.722696,0.690874,0.000506,-0.000731,0.025921,0.002759,-0.11377,-0.06136,-0.44748,0.044971,0.062112,0.006265,-0.413328,-0.63196,0.65558,0.901432,-0.385776,0.196455,0.128756,0.672162,0.729122,0.000932,-0.006485,0.016638,-0.008232,-0.140496,-0.105855,-0.624058,0.072344,0.051862,-0.050617,-0.577177,0.294574,-0.761637,-0.583842,-0.800954,0.132662,-0.570958,0.521246,0.634278,0.001463,-0.004357,0.018742,0.223586,0.687171,0.395036,-0.550145
1407,0.116131,0.054631,0.385214,-0.516588,0.368537,-0.772893,-0.732275,-0.657948,0.175643,-0.443156,0.656244,0.610723,0.002826,-0.009282,0.037199,0.201264,0.674652,0.357441,-0.477776,-0.14852,0.079241,0.366397,0.284863,0.668157,0.687322,-0.958345,0.185568,0.216964,0.017077,-0.721323,0.69229,0.001036,-0.006174,0.023349,0.182977,-0.353777,-0.267136,-0.446948,0.04498,0.062025,0.00653,-0.41306,-0.63212,0.655594,0.901775,-0.384447,0.197487,0.127206,0.672773,0.72883,0.001188,-0.009088,0.015414,-0.119304,0.025624,-0.023806,-0.623894,0.072363,0.051786,-0.050263,-0.58162,0.301873,-0.755375,-0.584091,-0.801289,0.129513,-0.566177,0.516535,0.642367,0.001501,-0.004157,0.018835,-0.038736,0.265089,-0.053667,-0.554064
1408,0.11616,0.054319,0.386765,-0.523412,0.384834,-0.760255,-0.735547,-0.654444,0.175059,-0.429531,0.65035,0.626557,-0.008353,-0.01312,0.049608,0.035481,0.511559,0.008989,-0.482019,-0.1484,0.078934,0.367164,0.280454,0.673613,0.683801,-0.959647,0.184014,0.212485,0.016965,-0.716633,0.697146,0.012652,-0.011202,0.020287,0.165769,-0.342567,-0.217832,-0.447784,0.045041,0.061861,0.006927,-0.409277,-0.639292,0.650997,0.903573,-0.383046,0.191911,0.126674,0.666769,0.734419,0.006351,-0.006026,0.009941,0.250738,-0.437375,-0.271339,-0.623895,0.072375,0.051619,-0.049461,-0.592073,0.317106,-0.740873,-0.588124,-0.798543,0.128213,-0.550962,0.511636,0.659293,-0.004158,-0.006377,0.024893,0.050946,0.537002,0.021275,-0.558636
1409,0.11617,0.053993,0.388548,-0.524001,0.407181,-0.748112,-0.74661,-0.64227,0.173305,-0.409279,0.648852,0.64149,0.00435,-0.002453,0.040393,-1.128329,0.842726,1.15613,-0.487329,-0.14822,0.078712,0.367601,0.279132,0.675483,0.682496,-0.960021,0.183134,0.211553,0.017575,-0.715097,0.698706,-0.000396,0.00403,0.001881,0.049868,-0.070082,-0.049443,-0.4486,0.045131,0.061747,0.007144,-0.407919,-0.642096,0.649086,0.904288,-0.382204,0.190213,0.125948,0.664554,0.736549,0.000458,-0.003675,0.004841,0.015787,-0.079452,-0.047307,-0.624548,0.07238,0.051459,-0.048568,-0.597169,0.33742,-0.727692,-0.60101,-0.78903,0.127348,-0.531201,0.513399,0.673977,0.002172,-0.001132,0.020242,-1.100438,0.929858,1.196578,-0.563861
1410,0.116187,0.053818,0.389485,-0.527365,0.411386,-0.743433,-0.746393,-0.642349,0.173944,-0.405337,0.646112,0.646737,0.003825,-0.0121,0.049614,-0.035185,0.339029,-0.049068,-0.492489,-0.148173,0.078679,0.367691,0.279088,0.67548,0.682516,-0.960029,0.182894,0.211727,0.017852,-0.715162,0.698633,0.001093,-0.008956,0.008939,-0.035765,0.007888,-0.019697,-0.448512,0.045155,0.061729,0.007189,-0.407859,-0.642078,0.649142,0.90436,-0.381911,0.190458,0.125626,0.664739,0.736436,0.000566,-0.004733,0.004348,-0.043849,0.017889,-0.013348,-0.625037,0.072389,0.051373,-0.048099,-0.601308,0.341638,-0.722295,-0.60125,-0.788834,0.127428,-0.526237,0.510904,0.679742,0.001905,-0.005966,0.024848,-0.050609,0.311296,-0.06221,-0.566311
1411,0.116218,0.053397,0.391437,-0.530055,0.425682,-0.733404,-0.750817,-0.637561,0.172515,-0.393501,0.641563,0.658468,0.004007,-0.011282,0.049954,0.012556,0.4317,-0.002362,-0.502884,-0.148094,0.078727,0.367718,0.278675,0.67534,0.682823,-0.960149,0.182552,0.211474,0.01783,-0.71538,0.69841,-0.000105,0.001066,0.000497,0.0,-0.0,-0.0,-0.452382,0.045194,0.061747,0.0072,-0.407486,-0.641946,0.649507,0.904521,-0.381602,0.190315,0.125681,0.665044,0.736151,-4.4e-05,0.000427,0.000199,0.000412,0.000379,0.000768,-0.626017,0.072404,0.051168,-0.047141,-0.606562,0.353949,-0.711899,-0.606519,-0.784939,0.12651,-0.514019,0.508517,0.690791,-0.003758,-0.00464,0.025668,0.072738,0.455238,0.193214,-0.575128
1412,0.116123,0.052943,0.393418,-0.540418,0.438868,-0.717905,-0.750689,-0.636839,0.175712,-0.37941,0.633333,0.674511,-0.007808,-0.010937,0.050524,0.149172,0.632284,0.250534,-0.502913,-0.147989,0.078754,0.367714,0.27779,0.675053,0.683467,-0.960408,0.181883,0.210876,0.017706,-0.715822,0.69796,-0.000157,0.001589,0.000741,0.00201,-0.015583,0.024156,-0.458507,0.045248,0.061756,0.007195,-0.406581,-0.641862,0.650156,0.904896,-0.380993,0.189752,0.12591,0.665474,0.735724,-7.4e-05,0.000733,0.000339,0.002388,-0.015468,0.02462,-0.631732,0.072361,0.050945,-0.046149,-0.619242,0.362497,-0.696516,-0.606356,-0.784348,0.130876,-0.498869,0.503381,0.705504,0.00197,-0.005668,0.024946,-0.131992,0.146511,-0.140106,-0.578394
1413,0.116014,0.052542,0.395361,-0.549838,0.444669,-0.707102,-0.749536,-0.636244,0.18265,-0.367994,0.62987,0.684011,-0.007169,-0.00085,0.041342,-0.090855,0.151685,-0.161091,-0.50004,-0.147971,0.078748,0.36772,0.276869,0.674779,0.684111,-0.960675,0.181151,0.210287,0.017636,-0.716266,0.697506,-0.0,0.0,0.0,0.0,-0.0,-0.0,-0.458368,0.045256,0.061755,0.007199,-0.405636,-0.641805,0.650803,0.905296,-0.380316,0.1892,0.126081,0.665917,0.735294,2e-06,-2.4e-05,-1.2e-05,0.000257,9e-05,0.000296,-0.633365,0.072307,0.05074,-0.045174,-0.629828,0.367669,-0.684203,-0.605614,-0.784019,0.136177,-0.486361,0.500131,0.716463,0.001696,-0.006904,0.024361,-0.153307,0.019802,-0.019834,-0.577904
1414,0.116027,0.052384,0.39623,-0.552197,0.446578,-0.704054,-0.749361,-0.635989,0.184253,-0.364807,0.628777,0.686719,-0.007436,-0.002079,0.040752,-0.101206,0.145809,-0.196424,-0.50266,-0.147921,0.078745,0.367725,0.276743,0.674732,0.684209,-0.960711,0.181033,0.210223,0.017646,-0.71634,0.69743,-0.0,0.0,0.0,0.0,-0.0,-0.0,-0.458767,0.045282,0.061753,0.007201,-0.405507,-0.641786,0.650901,0.905353,-0.38021,0.189142,0.126091,0.665995,0.735222,1e-06,-1.4e-05,-7e-06,0.000219,5.1e-05,0.000256,-0.633692,0.072312,0.050665,-0.044753,-0.632349,0.368771,-0.681279,-0.605535,-0.783801,0.137779,-0.483179,0.499662,0.71894,0.001667,-0.007047,0.024287,-0.150663,0.007276,0.003689,-0.578394
1415,0.116088,0.052291,0.397716,-0.55365,0.449022,-0.701353,-0.750297,-0.634349,0.186085,-0.360665,0.628688,0.688984,0.004466,0.0054,0.029851,-0.067676,0.007992,0.018658,-0.51005,-0.147791,0.078708,0.367739,0.276374,0.674601,0.684488,-0.960817,0.180669,0.210056,0.017705,-0.716556,0.697207,0.011056,0.000726,-0.000368,0.002045,-0.015205,0.029245,-0.458133,0.045346,0.061734,0.007209,-0.405126,-0.641742,0.651183,0.905524,-0.379876,0.188993,0.126084,0.666228,0.735011,0.005529,0.000344,-0.000195,0.002179,-0.015168,0.029427,-0.634018,0.07234,0.050614,-0.043992,-0.634455,0.370325,-0.678472,-0.606638,-0.782523,0.140164,-0.479014,0.500515,0.72113,-0.003771,-0.001198,0.020272,-0.110294,0.012403,-0.008342,-0.582966
1416,0.116071,0.05246,0.398919,-0.554525,0.449744,-0.700198,-0.751582,-0.631878,0.189282,-0.356628,0.630656,0.689287,-0.007254,0.005895,0.030464,-0.070346,0.022535,-0.012878,-0.52137,-0.14769,0.078625,0.367783,0.275972,0.674476,0.684772,-0.960929,0.180187,0.209957,0.017891,-0.716794,0.696957,1e-06,-8e-06,-4e-06,-0.013881,0.107474,-0.166754,-0.459095,0.045397,0.061692,0.00723,-0.404835,-0.641719,0.651386,0.905675,-0.379516,0.188992,0.125931,0.666455,0.734831,0.000665,-0.00564,0.003927,-0.03639,0.008902,-0.018893,-0.634182,0.072332,0.0507,-0.043379,-0.63548,0.370654,-0.677333,-0.608381,-0.780534,0.14366,-0.475434,0.503369,0.721513,-0.003659,0.002896,0.015209,-0.066185,0.01807,-0.009522,-0.590151
1417,0.116015,0.052581,0.399481,-0.5565,0.449835,-0.69857,-0.751581,-0.630947,0.192364,-0.353543,0.631521,0.690084,-0.007244,0.00588,0.030415,-0.068555,0.008347,0.01412,-0.528154,-0.147627,0.078588,0.367831,0.275938,0.674465,0.684796,-0.960935,0.180028,0.210064,0.018066,-0.716844,0.696901,-0.000117,0.001167,0.000544,0.0,-0.0,-0.0,-0.458467,0.045429,0.061671,0.007253,-0.404679,-0.641709,0.651493,0.905764,-0.379283,0.189034,0.125795,0.666598,0.734725,0.000588,-0.004867,0.004291,-0.036401,0.008883,-0.018925,-0.634345,0.072307,0.050756,-0.043111,-0.637435,0.370224,-0.675728,-0.608516,-0.779851,0.14676,-0.472634,0.504742,0.722392,0.001894,0.001268,0.014229,-0.064355,0.00265,0.021411,-0.59407
1418,0.115868,0.052823,0.400593,-0.562712,0.44979,-0.693606,-0.750807,-0.629159,0.201045,-0.345267,0.633333,0.692608,-0.006743,0.015304,0.020817,-1.388653,1.58568,-1.810563,-0.555564,-0.147479,0.078473,0.367955,0.275726,0.674406,0.68494,-0.960987,0.179505,0.210274,0.018528,-0.717031,0.696697,0.001312,-0.011058,0.007965,-0.03649,0.00883,-0.01902,-0.458671,0.045498,0.061621,0.007314,-0.404454,-0.6417,0.651641,0.905918,-0.378808,0.189247,0.125407,0.666877,0.734539,0.000651,-0.005497,0.003997,-0.050303,0.116204,-0.185798,-0.634182,0.072231,0.050872,-0.042561,-0.641517,0.369266,-0.672382,-0.608641,-0.778525,0.153143,-0.466916,0.507483,0.724188,-0.003633,0.00291,0.015159,-0.066287,0.006303,0.015951,-0.607786
1419,0.115775,0.053116,0.401703,-0.56878,0.449775,-0.688648,-0.749975,-0.627351,0.209616,-0.337044,0.635133,0.695007,-0.006659,0.008248,0.03127,-0.105082,0.051163,-0.034845,-0.587589,-0.147335,0.078317,0.368071,0.275529,0.674356,0.685069,-0.961034,0.178974,0.210512,0.019018,-0.717211,0.696498,0.011101,0.00036,-0.000539,0.002045,-0.015205,0.029245,-0.458143,0.04557,0.06154,0.007376,-0.404239,-0.641696,0.651778,0.906079,-0.378287,0.189524,0.124942,0.667176,0.734346,0.000726,-0.006228,0.003658,-0.036442,0.008836,-0.019003,-0.634345,0.072183,0.051021,-0.04199,-0.649449,0.367073,-0.665937,-0.607623,-0.777053,0.164257,-0.457175,0.511316,0.727699,-0.003334,0.004183,0.015662,-0.103352,0.049336,-0.033382,-0.63228
1420,0.115656,0.05351,0.402895,-0.570888,0.454537,-0.68376,-0.750711,-0.626194,0.21044,-0.33181,0.632877,0.699568,-0.006166,0.0103,0.032034,-0.01605,0.212215,-0.108201,-0.608179,-0.147236,0.078113,0.368208,0.275373,0.674337,0.685151,-0.961067,0.178402,0.210849,0.019619,-0.717372,0.696316,0.00134,-0.011301,0.007861,-0.036487,0.008789,-0.019044,-0.458692,0.045624,0.061437,0.007443,-0.404105,-0.641712,0.651846,0.906215,-0.377768,0.189903,0.124383,0.667455,0.734187,0.000668,-0.005644,0.003932,-0.036451,0.008814,-0.019024,-0.634345,0.072126,0.051214,-0.041406,-0.652385,0.371115,-0.660807,-0.608562,-0.776183,0.164895,-0.451713,0.509717,0.732217,0.002536,0.004095,0.015313,2.4e-05,0.136548,0.085144,-0.651548
1421,0.115654,0.05372,0.403538,-0.572741,0.459159,-0.679106,-0.751142,-0.625703,0.210365,-0.327622,0.630017,0.704109,0.005503,0.009961,0.031302,0.205154,0.5305,0.301766,-0.613358,-0.147207,0.078013,0.368278,0.273586,0.673156,0.687025,-0.961605,0.177726,0.208957,0.018229,-0.718647,0.695038,0.00134,-0.011295,0.007866,-0.036486,0.008781,-0.019049,-0.458482,0.045638,0.061391,0.007475,-0.402113,-0.641007,0.653769,0.906873,-0.377136,0.188014,0.126041,0.668488,0.732963,0.006179,-0.005049,0.003858,-0.035653,-0.008414,0.011849,-0.634508,0.072118,0.051315,-0.041097,-0.654929,0.372959,-0.657243,-0.608759,-0.775699,0.166438,-0.447748,0.509108,0.73507,-0.00294,0.005837,0.016281,-0.052185,0.044024,0.038928,-0.65857
1422,0.115744,0.054106,0.404832,-0.577337,0.463599,-0.672162,-0.751008,-0.624556,0.214216,-0.319781,0.627895,0.709587,0.006037,0.012382,0.032173,-0.053466,0.121763,-0.115478,-0.621768,-0.147158,0.077805,0.368406,0.2733,0.673108,0.687186,-0.961675,0.177074,0.209188,0.018794,-0.718853,0.69481,0.001481,-0.012685,0.007222,-0.036485,0.008767,-0.019058,-0.458364,0.045662,0.06129,0.00754,-0.40184,-0.641032,0.653912,0.907066,-0.376528,0.188297,0.125512,0.668808,0.732763,7.9e-05,-0.000812,-0.000381,-0.002009,0.015478,-0.024155,-0.634508,0.072165,0.05151,-0.040438,-0.660576,0.378307,-0.648476,-0.609219,-0.774885,0.168536,-0.438736,0.506395,0.742343,-0.002571,0.007441,0.016876,-0.07324,0.002063,0.023138,-0.665755
1423,0.115725,0.054511,0.406224,-0.577916,0.466147,-0.6699,-0.751994,-0.623064,0.215102,-0.316409,0.627489,0.711456,-0.005704,0.004775,0.042878,-0.102234,0.013196,0.023868,-0.625412,-0.147102,0.077682,0.368504,0.271868,0.674904,0.68599,-0.962089,0.176857,0.207459,0.018365,-0.71722,0.696506,0.011003,0.00146,-2.6e-05,0.002365,-0.015662,0.028926,-0.458752,0.045687,0.06122,0.00759,-0.400729,-0.643076,0.652585,0.907545,-0.376265,0.186508,0.125606,0.666991,0.734401,-2e-05,0.000179,8.3e-05,-0.005834,0.006549,0.003589,-0.634998,0.07216,0.051718,-0.039745,-0.661606,0.3802,-0.646316,-0.61045,-0.773641,0.169792,-0.435462,0.506879,0.743938,-0.002714,0.006737,0.016506,-0.073949,-0.000314,0.010905,-0.67098
1424,0.115659,0.054671,0.406974,-0.577442,0.466611,-0.669985,-0.752917,-0.621681,0.21587,-0.315078,0.628513,0.711143,-0.005395,0.013348,0.032877,-0.068343,0.009215,0.01456,-0.624783,-0.147074,0.077659,0.368531,0.271774,0.674878,0.686053,-0.962114,0.176709,0.20747,0.018458,-0.717281,0.696441,-8e-06,7.6e-05,3.6e-05,5e-06,-7e-06,-5e-06,-0.459702,0.045705,0.06121,0.007604,-0.400676,-0.643022,0.652672,0.907583,-0.376129,0.186598,0.125502,0.66712,0.734302,-5e-06,3.7e-05,1.6e-05,-0.000777,0.001017,0.000637,-0.635161,0.07213,0.051797,-0.039381,-0.661319,0.380614,-0.646366,-0.611524,-0.772585,0.170733,-0.43439,0.508178,0.74368,-0.002725,0.006648,0.016433,-0.068805,0.007735,0.013589,-0.671633
1425,0.115481,0.054886,0.40854,-0.574931,0.467594,-0.671457,-0.755238,-0.618973,0.215545,-0.314117,0.63045,0.709852,-0.005718,0.00446,0.042557,-0.103345,0.025587,-0.00213,-0.621571,-0.147074,0.077667,0.368544,0.271677,0.674851,0.686119,-0.962141,0.176615,0.207424,0.018474,-0.71733,0.69639,-1.7e-05,0.000164,7.6e-05,0.0,-0.0,-0.0,-0.459995,0.045705,0.061214,0.007611,-0.400581,-0.643008,0.652743,0.907626,-0.376042,0.186565,0.125496,0.667182,0.734246,-8e-06,7.2e-05,3.3e-05,5e-05,2.1e-05,8.8e-05,-0.635488,0.072039,0.051907,-0.038586,-0.658943,0.382232,-0.647836,-0.614448,-0.770317,0.170484,-0.433875,0.510401,0.742457,-0.002846,0.00239,0.021347,-0.103885,0.026358,-0.003415,-0.67147
1426,0.115239,0.054949,0.410285,-0.571381,0.470722,-0.672302,-0.758024,-0.61665,0.2124,-0.313889,0.630395,0.710002,-0.006561,-0.006721,0.051376,-0.13798,0.042622,-0.0185,-0.621008,-0.147082,0.077665,0.368554,0.271421,0.674779,0.686291,-0.962214,0.176399,0.207273,0.018476,-0.717451,0.696265,-1.4e-05,0.000139,6.5e-05,0.0,-0.0,-0.0,-0.46008,0.045701,0.061213,0.007616,-0.400318,-0.642997,0.652916,0.907738,-0.375839,0.186425,0.125521,0.667307,0.734129,-1e-05,7.4e-05,3.3e-05,4.7e-05,2.1e-05,4.6e-05,-0.635651,0.071916,0.051943,-0.037697,-0.6561,0.386134,-0.648407,-0.617684,-0.768397,0.167423,-0.433587,0.510357,0.742655,-0.003316,-0.003412,0.025672,-0.146727,0.03705,-0.025486,-0.67098
1427,0.115012,0.054904,0.412011,-0.568109,0.473765,-0.672937,-0.76064,-0.614414,0.209508,-0.313505,0.630295,0.710261,-0.006383,0.001185,0.041068,-0.09736,0.037606,0.003334,-0.623237,-0.147142,0.077675,0.368562,0.27119,0.674724,0.686437,-0.962279,0.176222,0.207119,0.018456,-0.717547,0.696167,-1e-05,0.000104,4.8e-05,0.0,-0.0,-0.0,-0.46042,0.045671,0.061218,0.00762,-0.400081,-0.642996,0.653062,0.907837,-0.375673,0.18628,0.12556,0.667401,0.734036,-5e-06,3.4e-05,1.6e-05,3.3e-05,1.5e-05,3.6e-05,-0.635978,0.071803,0.051922,-0.036833,-0.653554,0.389922,-0.648711,-0.620687,-0.766598,0.16454,-0.433144,0.510183,0.743033,-0.00325,0.000454,0.020483,-0.115952,0.015177,-0.008429,-0.67098
1428,0.114939,0.054826,0.412889,-0.566362,0.476439,-0.672521,-0.762139,-0.61332,0.207256,-0.313027,0.629342,0.711315,-0.007196,-0.009737,0.050121,-0.126627,0.064222,-0.008239,-0.623031,-0.147166,0.077664,0.368568,0.271114,0.674709,0.686482,-0.9623,0.176145,0.207087,0.018476,-0.71758,0.696133,-0.0,1e-06,1e-06,0.0,-0.0,-0.0,-0.460435,0.045659,0.061212,0.007623,-0.400004,-0.642999,0.653106,0.907873,-0.3756,0.186252,0.125547,0.66744,0.734003,-0.005514,-0.000611,6.9e-05,-0.002019,0.015205,-0.029201,-0.635978,0.071772,0.051886,-0.036428,-0.652354,0.392915,-0.648114,-0.622307,-0.765801,0.162115,-0.432629,0.509082,0.744087,0.00209,-0.001546,0.019397,-0.109038,0.022152,0.004101,-0.671633
1429,0.114765,0.054627,0.414468,-0.564949,0.483704,-0.668512,-0.764484,-0.611697,0.203379,-0.309856,0.625362,0.716198,-0.007464,-0.003759,0.039086,-0.034133,0.1768,0.033644,-0.623743,-0.14714,0.077657,0.368583,0.271166,0.674723,0.686447,-0.962285,0.176148,0.207158,0.018532,-0.717566,0.696145,0.010978,0.001702,8.7e-05,0.002045,-0.015205,0.029245,-0.461177,0.045668,0.061207,0.00763,-0.400037,-0.643,0.653085,0.907866,-0.375589,0.18631,0.125494,0.667445,0.734008,-3.7e-05,0.000329,0.000152,3.6e-05,1e-05,2.2e-05,-0.636305,0.071683,0.051788,-0.035619,-0.652443,0.399865,-0.643758,-0.624937,-0.7644,0.158567,-0.428684,0.505765,0.748619,-0.00375,-0.001843,0.019559,-0.023434,0.189756,0.068981,-0.67196
1430,0.114472,0.054503,0.41581,-0.560329,0.486499,-0.670369,-0.766918,-0.61043,0.19795,-0.312221,0.624428,0.715986,-0.007627,0.002675,0.028211,-0.067468,0.025684,-0.009609,-0.625478,-0.14707,0.077644,0.368652,0.271208,0.674735,0.686419,-0.962268,0.176029,0.207334,0.018739,-0.717584,0.696122,0.010727,0.004169,0.001236,0.004051,-0.030691,0.053465,-0.462709,0.045703,0.061196,0.007662,-0.400064,-0.643001,0.653067,0.907881,-0.375467,0.186481,0.125297,0.667512,0.733979,-9.1e-05,0.000887,0.000412,1.8e-05,4e-06,2.7e-05,-0.636958,0.071537,0.051723,-0.034944,-0.648452,0.403753,-0.645361,-0.627667,-0.763266,0.153156,-0.430746,0.504387,0.748365,-0.003895,0.001089,0.014017,-0.08323,0.00959,-0.020605,-0.672613
1431,0.114292,0.054489,0.416416,-0.558751,0.486791,-0.671474,-0.767816,-0.609649,0.19687,-0.312841,0.624962,0.715248,-0.007749,0.002077,0.027968,-0.069065,0.022576,-0.010978,-0.625443,-0.147017,0.077629,0.36874,0.271335,0.67478,0.686324,-0.962228,0.175938,0.207601,0.019008,-0.717564,0.696135,0.000951,-0.00744,0.009675,-0.034476,-0.006745,0.005146,-0.4708,0.045734,0.061192,0.007703,-0.400233,-0.643013,0.652952,0.90784,-0.375428,0.186756,0.12505,0.667523,0.734012,0.006012,-0.00336,0.00465,-0.034416,-0.006459,0.010179,-0.638754,0.071446,0.051715,-0.034641,-0.64695,0.404291,-0.646532,-0.628706,-0.762594,0.152245,-0.43149,0.504973,0.74754,-0.003959,0.000762,0.013884,-0.07301,0.021733,-0.014928,-0.67294
