frame,MLTx,MLTy,MLTz,MLTR1,MLTR2,MLTR3,MLTR4,MLTR5,MLTR6,MLTR7,MLTR8,MLTR9,MLTTVx,MLTTVy,MLTTVz,MLTRVx,MLTRVy,MLTRVz,MLGA,MRTx,MRTy,MRTz,MRTR1,MRTR2,MRTR3,MRTR4,MRTR5,MRTR6,MRTR7,MRTR8,MRTR9,MRTTVx,MRTTVy,MRTTVz,MRTRVx,MRTRVy,MRTRVz,MRGA,SLTx,SLTy,SLTz,SLTR1,SLTR2,SLTR3,SLTR4,SLTR5,SLTR6,SLTR7,SLTR8,SLTR9,SLTTVx,SLTTVy,SLTTVz,SLTRVx,SLTRVy,SLTRVz,SLGA,SRTx,SRTy,SRTz,SRTR1,SRTR2,SRTR3,SRTR4,SRTR5,SRTR6,SRTR7,SRTR8,SRTR9,SRTTVx,SRTTVy,SRTTVz,SRTRVx,SRTRVy,SRTRVz,SRGA
248,0.128633,-0.041097,0.273164,0.108031,-0.341907,-0.933528,-0.763565,-0.629843,0.142263,-0.636759,0.697864,-0.327949,-6.4e-05,-0.000301,-0.000459,0.0,0.0,0.0,0.204526,-0.161917,-0.03484,0.253149,0.284038,-0.453934,0.844545,-0.833474,-0.552256,-0.016382,0.473482,-0.698646,-0.536257,0.017086,-0.010223,0.007478,-0.037749,-0.035113,-0.009531,-1.367112,0.040805,0.039775,-0.034742,-0.298315,0.441542,0.846196,0.858567,0.511449,0.035803,-0.416978,0.737197,-0.531667,0.008543,-0.005122,0.003721,0.043608,0.024491,-0.078708,-1.044531,0.065993,0.033213,-0.071123,-0.135883,0.263348,-0.955082,0.730286,0.678072,0.083067,0.66949,-0.686196,-0.284458,-2.2e-05,-0.000115,-0.000177,-0.000193,2.6e-05,-5.6e-05,0.069216
249,0.128621,-0.041104,0.273171,0.107696,-0.341961,-0.933547,-0.763616,-0.629722,0.14252,-0.636754,0.697946,-0.327784,-1e-06,-4e-06,-7e-06,0.0,0.0,0.0,0.21026,-0.161902,-0.034842,0.253224,0.284086,-0.453838,0.844581,-0.833401,-0.552367,-0.016355,0.473582,-0.698621,-0.536201,4e-06,0.001897,0.00312,-4.8e-05,-0.000452,-0.000307,-1.366447,0.040813,0.03977,-0.03471,-0.297433,0.44193,0.846303,0.859269,0.510288,0.035523,-0.41616,0.737769,-0.531514,1e-06,0.001161,0.001908,0.056894,-0.007004,-0.030915,-1.043225,0.065987,0.03321,-0.071119,-0.13555,0.263418,-0.95511,0.730349,0.677971,0.083332,0.669489,-0.686268,-0.284287,9e-06,3.2e-05,4.7e-05,-0.000154,1.6e-05,-6.2e-05,0.068726
250,0.128625,-0.041135,0.273106,0.107713,-0.341959,-0.933545,-0.763598,-0.629746,0.142515,-0.636773,0.697926,-0.32779,-0.000727,-0.012917,0.005489,-0.03524,0.01558,-0.016941,0.202,-0.161878,-0.034736,0.253396,0.284381,-0.453249,0.844798,-0.833259,-0.552596,-0.015845,0.473653,-0.698823,-0.535874,0.016072,0.003525,0.003547,0.003947,-0.031489,0.052944,-1.363769,0.040819,0.039823,-0.034623,-0.296701,0.442107,0.846468,0.860293,0.50853,0.035944,-0.414564,0.738876,-0.531223,-0.0,0.001154,0.001894,0.0476,-0.003423,-0.002045,-1.041918,0.06599,0.033203,-0.071149,-0.135604,0.263411,-0.955104,0.73031,0.678016,0.083304,0.66952,-0.686226,-0.284314,-0.00013,-0.00062,-0.000948,-0.000113,8e-06,-1.8e-05,0.072156
251,0.128656,-0.041238,0.272989,0.110514,-0.344216,-0.932388,-0.764371,-0.629023,0.141564,-0.635368,0.697472,-0.331465,-0.000546,-0.002581,-0.00395,-0.027303,-0.020493,0.035352,0.1359,-0.161878,-0.034667,0.253488,0.285004,-0.451983,0.845267,-0.832969,-0.553063,-0.014742,0.473788,-0.699275,-0.535166,1e-06,0.000661,0.001085,-0.0,-0.0,-0.0,-1.360867,0.040824,0.039863,-0.034569,-0.296862,0.442023,0.846456,0.860897,0.507436,0.036942,-0.413193,0.739678,-0.531175,-1e-06,0.000264,0.000433,0.030911,0.003412,0.006652,-1.046491,0.066005,0.033147,-0.071204,-0.138507,0.265667,-0.954063,0.731139,0.677229,0.082436,0.668019,-0.686135,-0.288041,-0.000208,-0.000994,-0.001524,-0.09569,-0.121977,0.219557,0.020556
252,0.12864,-0.041326,0.272892,0.130609,-0.340464,-0.931166,-0.766965,-0.629835,0.122653,-0.628411,0.698575,-0.342228,-0.000373,-0.001761,-0.002697,-0.297593,-0.39604,0.665817,0.093872,-0.16189,-0.034668,0.253509,0.285561,-0.450837,0.84569,-0.832684,-0.553518,-0.013775,0.473953,-0.699655,-0.534522,0.0,3e-06,4e-06,-0.0,-0.0,-0.0,-1.356481,0.040819,0.039862,-0.03456,-0.297173,0.441945,0.846387,0.861186,0.50689,0.037694,-0.412367,0.740098,-0.531232,-0.0,-4.6e-05,-7.5e-05,0.021271,0.005901,0.013842,-1.045347,0.065997,0.0331,-0.071257,-0.157672,0.261061,-0.952358,0.733405,0.676763,0.064092,0.661253,-0.688359,-0.29817,-0.000208,-0.001005,-0.001533,-0.982524,-1.40196,2.348911,-0.066152
253,0.128648,-0.041318,0.27283,0.139632,-0.338374,-0.930619,-0.763646,-0.635058,0.116271,-0.630522,0.694847,-0.345915,-0.000226,-0.001069,-0.001638,1.543138,-0.192492,0.57304,0.096516,-0.161878,-0.034667,0.253509,0.285885,-0.450183,0.845929,-0.832526,-0.553768,-0.013211,0.474034,-0.699879,-0.534157,0.0,0.0,0.0,-1e-06,0.0,0.0,-1.353491,0.040825,0.039862,-0.034561,-0.299665,0.440427,0.8463,0.858657,0.511136,0.038037,-0.415822,0.73808,-0.531346,3e-06,-3.2e-05,-4.4e-05,0.045219,0.000861,-0.037028,-1.046001,0.066,0.033103,-0.071289,-0.166696,0.258666,-0.951474,0.731032,0.679975,0.056782,0.661667,-0.686093,-0.302442,-0.000153,-0.000856,-0.001104,5.151592,-0.659982,1.900743,-0.082481
254,0.128715,-0.041277,0.272857,0.138166,-0.338747,-0.930702,-0.762412,-0.636163,0.118305,-0.632334,0.693653,-0.345003,0.000373,0.001763,0.0027,0.000519,-0.015387,0.024363,0.075848,-0.161903,-0.034674,0.253481,0.286275,-0.449376,0.846227,-0.832347,-0.554055,-0.012508,0.474114,-0.700172,-0.533703,-2e-06,-0.001035,-0.001698,-0.001903,0.016284,-0.023698,-1.348612,0.040812,0.03986,-0.034572,-0.299294,0.440814,0.84623,0.859555,0.509586,0.038556,-0.414231,0.738921,-0.53142,2e-06,-7.8e-05,-0.000126,0.037913,0.005366,-0.006179,-1.045347,0.066033,0.033119,-0.071282,-0.165589,0.258879,-0.95161,0.728573,0.682433,0.058872,0.664651,-0.683569,-0.301616,0.008149,-6.7e-05,0.000374,0.000378,-0.015606,0.031118,-0.103872
255,0.128712,-0.041291,0.272987,0.135589,-0.336427,-0.931921,-0.761804,-0.636765,0.118979,-0.63362,0.694227,-0.341471,0.000287,0.001358,0.002078,0.013198,0.188637,0.118787,0.07419,-0.161903,-0.03466,0.253483,0.286788,-0.448328,0.846608,-0.832107,-0.554433,-0.011593,0.474223,-0.700544,-0.533116,1e-06,0.000691,0.001133,-0.0,-0.0,-0.0,-1.341257,0.040812,0.039862,-0.034578,-0.299362,0.440987,0.846115,0.860086,0.508638,0.039208,-0.413076,0.73947,-0.531554,0.008034,0.000967,0.000466,0.021871,0.048985,0.000807,-1.047307,0.066032,0.033115,-0.071213,-0.163201,0.257322,-0.952444,0.728069,0.682894,0.059743,0.665792,-0.683695,-0.298798,1.1e-05,-0.004681,0.005464,-0.025086,0.354916,0.22584,-0.122487
256,0.128703,-0.041317,0.27306,0.137266,-0.335659,-0.931953,-0.75816,-0.641065,0.119165,-0.63762,0.690628,-0.34132,0.00031,0.001465,0.002242,0.000751,-0.012134,0.026412,0.074218,-0.161878,-0.03464,0.253533,0.287233,-0.447427,0.846934,-0.831877,-0.554794,-0.010831,0.474356,-0.700836,-0.532615,3e-06,0.001621,0.002659,0.013132,-0.112382,0.16355,-1.337272,0.040824,0.039872,-0.034554,-0.299624,0.440903,0.846067,0.860225,0.508364,0.03972,-0.412598,0.739709,-0.531594,1e-06,0.000899,0.001474,0.024633,-0.001661,0.014931,-1.047307,0.066028,0.033104,-0.071174,-0.16469,0.255541,-0.952667,0.724026,0.687228,0.059176,0.669822,-0.680011,-0.298199,0.000146,0.000705,0.001075,0.002552,-0.028624,0.0162,-0.122324
257,0.128702,-0.041441,0.273192,0.142563,-0.333243,-0.932024,-0.747024,-0.653947,0.119496,-0.649502,0.679622,-0.34101,-0.000336,-0.01107,0.008311,-0.035244,0.01556,-0.016953,0.068464,-0.161781,-0.034569,0.253655,0.287906,-0.446093,0.847409,-0.831538,-0.555323,-0.009684,0.474541,-0.701268,-0.53188,1e-06,0.00093,0.001524,-0.0,0.0,0.0,-1.332664,0.040873,0.03991,-0.034489,-0.301872,0.439576,0.845958,0.858377,0.511411,0.040565,-0.414801,0.738397,-0.531703,1e-06,0.000645,0.001058,0.044819,0.000162,-0.006255,-1.047797,0.066028,0.033043,-0.071106,-0.169892,0.253024,-0.952425,0.712199,0.699511,0.058793,0.681108,-0.668328,-0.299045,-0.000176,-0.005564,0.004105,-0.035793,0.015942,-0.01752,-0.128202
258,0.128772,-0.041445,0.273152,0.1418,-0.333384,-0.93209,-0.747091,-0.653757,0.120118,-0.64959,0.679737,-0.340612,-0.000148,-0.000703,-0.001075,0.0,0.0,0.0,0.076156,-0.16173,-0.03461,0.253661,0.288096,-0.44572,0.84754,-0.831396,-0.55554,-0.009414,0.474674,-0.701333,-0.531675,-1e-06,-0.000516,-0.000846,-0.0,0.0,0.0,-1.326684,0.040899,0.039891,-0.034483,-0.303383,0.438694,0.845875,0.856713,0.514192,0.040596,-0.417133,0.736989,-0.531833,2e-06,-0.000375,-0.00061,0.061507,0.006622,-0.036373,-1.053022,0.066063,0.033042,-0.071125,-0.169129,0.253203,-0.952514,0.712297,0.699356,0.059431,0.681195,-0.668422,-0.298637,0.008097,0.004436,-0.005364,0.035752,-0.030247,0.046371,-0.125916
259,0.129021,-0.041252,0.272839,0.142004,-0.33339,-0.932057,-0.746504,-0.654397,0.120282,-0.650221,0.679117,-0.340645,6e-05,0.009781,-0.010286,0.035245,-0.015557,0.016952,0.074334,-0.161719,-0.03461,0.25364,0.288284,-0.445342,0.847675,-0.831316,-0.555665,-0.009073,0.474699,-0.701475,-0.531466,-0.0,-5e-06,-8e-06,-0.0,-0.0,-0.0,-1.320162,0.040904,0.039889,-0.034497,-0.302719,0.439366,0.845765,0.857858,0.512252,0.040938,-0.415258,0.737939,-0.531982,-0.0,-1e-06,1e-06,0.04611,0.004692,-0.014143,-1.054655,0.066187,0.033134,-0.071279,-0.169311,0.253205,-0.95248,0.71171,0.699943,0.059559,0.681763,-0.667807,-0.298717,-0.000194,-0.000937,-0.001437,-0.00032,2.4e-05,-8.9e-05,-0.121997
260,0.129021,-0.041252,0.272839,0.142004,-0.33339,-0.932057,-0.746504,-0.654397,0.120282,-0.650221,0.679117,-0.340645,6e-05,0.009781,-0.010286,0.035245,-0.015557,0.016952,0.074334,-0.161719,-0.03461,0.25364,0.288284,-0.445342,0.847675,-0.831316,-0.555665,-0.009073,0.474699,-0.701475,-0.531466,-0.0,-5e-06,-8e-06,-0.0,-0.0,-0.0,-1.320162,0.040905,0.039883,-0.034498,-0.304638,0.438129,0.845717,0.855822,0.515629,0.041153,-0.418046,0.736321,-0.532041,2e-06,-8.6e-05,-0.000131,0.130008,0.010181,-0.062971,-1.054655,0.066187,0.033134,-0.071279,-0.169311,0.253205,-0.95248,0.71171,0.699943,0.059559,0.681763,-0.667807,-0.298717,-0.000194,-0.000937,-0.001437,-0.00032,2.4e-05,-8.9e-05,-0.121997
261,0.12918,-0.041144,0.272729,0.138844,-0.336896,-0.931272,-0.746354,-0.653657,0.125136,-0.651072,0.678102,-0.341042,3.6e-05,0.00017,0.00026,-1e-06,-1.5e-05,-1e-05,0.0883,-0.16173,-0.03467,0.253563,0.287511,-0.447104,0.847011,-0.831166,-0.555853,-0.011145,0.475432,-0.700203,-0.532487,-1e-06,-0.000916,-0.001503,-0.0,0.0,0.0,-1.310771,0.040899,0.039861,-0.034534,-0.304811,0.437541,0.845959,0.853573,0.519522,0.03885,-0.422496,0.73393,-0.53183,2e-06,-0.000684,-0.001111,0.110056,0.011278,-0.067757,-1.051226,0.066266,0.03319,-0.07134,-0.166318,0.256952,-0.952004,0.711649,0.699568,0.06449,0.682563,-0.666768,-0.299211,3.1e-05,0.000145,0.000223,-0.001319,6.9e-05,0.003965,-0.121834
262,0.129064,-0.041181,0.272685,0.13859,-0.336964,-0.931285,-0.746408,-0.653557,0.12534,-0.651064,0.678166,-0.340931,-0.016323,3e-06,-0.000941,-0.000984,0.014715,-0.029553,0.10686,-0.161755,-0.034676,0.253536,0.284986,-0.446268,0.848304,-0.831536,-0.555268,-0.012622,0.476308,-0.7012,-0.530388,1e-06,0.000892,0.001463,0.001557,-0.020008,0.021169,-1.307998,0.040892,0.039853,-0.034555,-0.30174,0.439314,0.846141,0.855853,0.515866,0.037368,-0.420079,0.735448,-0.531647,2e-06,1.7e-05,3.2e-05,0.07043,-3e-06,-0.062126,-1.046164,0.066215,0.033175,-0.071357,-0.166117,0.256999,-0.952027,0.71171,0.699492,0.064643,0.682549,-0.666829,-0.299106,-0.000215,-0.001023,-0.001567,-0.000583,0.01541,-0.024301,-0.090972
263,0.128995,-0.041218,0.272624,0.138281,-0.337036,-0.931305,-0.746451,-0.653459,0.125594,-0.65108,0.678224,-0.340784,-0.000387,-0.001841,-0.002822,-0.0,-0.0,-0.0,0.099437,-0.161742,-0.034675,0.253556,0.282362,-0.447904,0.848319,-0.834786,-0.55037,-0.012597,0.472175,-0.704008,-0.530365,0.001015,-0.010421,0.009391,4.653639,-0.074979,-2.925231,-1.307667,0.040892,0.039858,-0.034547,-0.300951,0.439795,0.846172,0.856702,0.514458,0.037309,-0.418912,0.736146,-0.531601,0.008032,0.000664,-3.1e-05,0.058857,0.049298,-0.045816,-1.046817,0.066174,0.033157,-0.071387,-0.165789,0.257093,-0.952058,0.711765,0.69941,0.064922,0.68257,-0.666879,-0.298945,-0.000273,-0.001312,-0.00201,-0.000552,0.015414,-0.024373,-0.08591
264,0.128869,-0.041306,0.27252,0.137673,-0.33717,-0.931347,-0.746568,-0.653233,0.12607,-0.651074,0.678375,-0.340495,-0.016317,6.8e-05,-0.00085,-0.000984,0.014715,-0.029553,0.066167,-0.161669,-0.034624,0.253649,0.285434,-0.445386,0.848617,-0.831296,-0.555643,-0.011879,0.476458,-0.701464,-0.529904,1e-06,0.001242,0.002036,0.013141,-0.112355,0.163568,-1.307162,0.040929,0.039881,-0.034495,-0.301914,0.439186,0.846146,0.855832,0.515884,0.037604,-0.419998,0.735512,-0.531622,1e-06,0.000858,0.001411,0.082476,-0.001151,-0.035742,-1.047797,0.066117,0.033109,-0.071444,-0.165213,0.257246,-0.952117,0.711896,0.699233,0.065392,0.682574,-0.667005,-0.298656,-0.000188,-0.000898,-0.001377,-0.000538,0.015392,-0.024387,-0.114322
265,0.128915,-0.04132,0.272501,0.137726,-0.33715,-0.931346,-0.746559,-0.653252,0.126022,-0.651073,0.678366,-0.340514,0.016074,-0.001224,-0.000925,0.000984,-0.014715,0.029553,0.056255,-0.161699,-0.034673,0.253733,0.28299,-0.446634,0.848779,-0.834373,-0.551018,-0.011628,0.472527,-0.70431,-0.529649,0.0,0.000395,0.000648,0.037987,-0.00052,-0.023704,-1.305052,0.040914,0.039859,-0.03445,-0.305867,0.436188,0.846276,0.851082,0.523676,0.037692,-0.426734,0.73178,-0.531408,4e-06,0.000208,0.000359,0.205541,0.009737,-0.114924,-1.047633,0.066128,0.033101,-0.071455,-0.165218,0.25724,-0.952118,0.711895,0.699235,0.065385,0.682574,-0.667005,-0.298654,4.2e-05,0.000194,0.000297,-2.5e-05,-1.1e-05,1.2e-05,-0.141102
266,0.12915,-0.041312,0.272527,0.13772,-0.337106,-0.931364,-0.746552,-0.653265,0.126,-0.651082,0.678376,-0.340476,0.01619,-0.00066,-6.7e-05,0.000984,-0.014715,0.029553,0.046888,-0.161755,-0.034729,0.253769,0.285955,-0.444239,0.849042,-0.830855,-0.556319,-0.011114,0.476913,-0.701658,-0.529238,-0.0,-1.3e-05,-2.1e-05,-0.0,-0.0,-0.0,-1.302254,0.040886,0.039831,-0.034432,-0.305174,0.436466,0.846383,0.851919,0.522305,0.037827,-0.42556,0.732594,-0.531228,-0.0,-3e-05,-3.9e-05,0.138128,0.008795,-0.072505,-1.039796,0.066245,0.033106,-0.071441,-0.165209,0.257196,-0.952132,0.711887,0.699245,0.065361,0.682585,-0.667012,-0.298616,0.000106,0.000502,0.000771,-1.5e-05,9e-06,-4e-06,-0.152532
267,0.129264,-0.041293,0.272563,0.135074,-0.337664,-0.931549,-0.746174,-0.653206,0.12852,-0.652066,0.678156,-0.339029,0.016357,0.000148,0.001168,0.000984,-0.014715,0.029553,0.049378,-0.161707,-0.034721,0.253775,0.282464,-0.447858,0.848309,-0.834033,-0.551494,-0.013311,0.473441,-0.703159,-0.530363,1e-06,0.000779,0.001276,0.000445,0.003509,-0.006986,-1.301006,0.04091,0.039832,-0.034432,-0.304067,0.436923,0.846546,0.851711,0.522765,0.036111,-0.426768,0.731993,-0.531088,0.008034,0.000943,0.000436,0.195159,0.05828,-0.097397,-1.040449,0.066302,0.033115,-0.071425,-0.162581,0.257881,-0.952399,0.711537,0.699359,0.067902,0.68358,-0.666628,-0.297195,0.000198,0.000947,0.001449,-0.000164,-0.016488,0.02619,-0.158737
268,0.12932,-0.041263,0.272631,0.129807,-0.338807,-0.931883,-0.745416,-0.653064,0.133546,-0.653995,0.677724,-0.336165,0.000128,0.000609,0.000934,2e-06,2e-06,-4e-06,0.067004,-0.161647,-0.034718,0.253772,0.285237,-0.445949,0.848387,-0.830695,-0.556514,-0.013105,0.477622,-0.700416,-0.530243,0.0,0.0,0.0,-0.0,-0.0,0.0,-1.299843,0.04094,0.039836,-0.03443,-0.305355,0.436227,0.846441,0.850224,0.525184,0.036058,-0.428808,0.730675,-0.531259,2e-06,-1.3e-05,-1e-05,0.163208,0.009077,-0.09065,-1.044531,0.066337,0.033132,-0.071387,-0.157378,0.259271,-0.952895,0.710833,0.699567,0.072944,0.685527,-0.66587,-0.294395,7.1e-05,0.000346,0.000528,-0.001768,-0.002829,0.004822,-0.146491
269,0.129184,-0.041386,0.272737,0.131422,-0.33809,-0.931917,-0.74186,-0.657069,0.133702,-0.657709,0.674199,-0.336009,-0.000493,-0.011851,0.007116,-0.035248,0.015542,-0.016959,0.068247,-0.161551,-0.034671,0.253816,0.285532,-0.445391,0.848581,-0.830569,-0.556714,-0.012594,0.477665,-0.700612,-0.529945,0.0,0.000677,0.001109,-0.0,-0.0,-0.0,-1.299554,0.040988,0.039859,-0.03441,-0.303313,0.438,0.84626,0.85331,0.520113,0.036645,-0.4241,0.733238,-0.531508,1e-06,0.000419,0.000689,0.115468,0.005153,-0.049943,-1.045184,0.066269,0.033076,-0.071334,-0.15902,0.258455,-0.952844,0.707045,0.70341,0.072798,0.689056,-0.662128,-0.294596,-0.008103,0.000292,-2.5e-05,-0.001163,0.014748,-0.029565,-0.137346
270,0.129005,-0.041469,0.272734,0.130801,-0.338227,-0.931954,-0.742062,-0.656751,0.134143,-0.657604,0.674441,-0.33573,-0.000352,-0.001674,-0.002568,-0.000521,0.015382,-0.024366,0.064699,-0.161526,-0.034659,0.25385,0.285771,-0.444908,0.848754,-0.83044,-0.556915,-0.01219,0.477745,-0.70076,-0.529677,0.0,4.8e-05,7.9e-05,-8e-06,0.0,5e-06,-1.300199,0.041,0.039866,-0.03439,-0.306194,0.436099,0.846204,0.850185,0.525183,0.036976,-0.428287,0.730752,-0.531573,4e-06,-1e-05,-3e-06,0.144586,0.002961,-0.111542,-1.05041,0.06618,0.033032,-0.071331,-0.15841,0.258618,-0.952902,0.70729,0.703118,0.073246,0.688945,-0.662375,-0.294299,-0.000113,-0.000542,-0.000828,-0.000119,2.4e-05,-2.3e-05,-0.135387
271,0.128989,-0.041483,0.272693,0.133526,-0.33762,-0.931788,-0.742425,-0.656864,0.131558,-0.656648,0.674634,-0.337207,-0.000361,-0.001716,-0.002632,-0.000521,0.015382,-0.024366,0.046377,-0.161527,-0.034651,0.253845,0.285901,-0.44464,0.848851,-0.830388,-0.556998,-0.011945,0.477757,-0.700865,-0.529528,0.0,1e-06,1e-06,-0.0,0.0,0.0,-1.299587,0.041,0.03987,-0.034394,-0.304866,0.437067,0.846184,0.851856,0.522463,0.03705,-0.425907,0.732122,-0.5316,2e-06,-2.3e-05,-3.1e-05,0.132324,0.008513,-0.068246,-1.050246,0.066171,0.033023,-0.071354,-0.161091,0.257884,-0.952651,0.707625,0.703046,0.070658,0.687979,-0.662738,-0.29574,-0.00018,-0.000862,-0.001319,-9.4e-05,0.016249,-0.02584,-0.145838
272,0.129031,-0.041566,0.272701,0.141635,-0.335768,-0.93126,-0.743642,-0.657008,0.123728,-0.653573,0.675416,-0.341588,-0.000377,-0.011288,0.007978,-0.332572,-0.380556,0.648188,0.000663,-0.161661,-0.03466,0.253809,0.28611,-0.444144,0.849039,-0.830303,-0.557134,-0.011514,0.47778,-0.701071,-0.529234,-0.0,-0.000398,-0.000651,-4.688818,0.063585,2.922692,-1.297603,0.040933,0.039865,-0.034412,-0.306311,0.435913,0.846257,0.850399,0.524801,0.037482,-0.427778,0.731138,-0.531453,-0.000232,0.000291,-0.000346,-4.488278,-0.133253,2.899293,-1.04796,0.066192,0.032983,-0.071358,-0.168338,0.255861,-0.951943,0.708637,0.702704,0.063559,0.685197,-0.663883,-0.299605,9e-06,2.3e-05,4.2e-05,-0.988396,-1.317377,2.212912,-0.194498
273,0.129093,-0.041611,0.272768,0.156616,-0.332404,-0.930067,-0.745224,-0.657737,0.109526,-0.648349,0.676366,-0.349571,4.2e-05,0.0002,0.000307,-0.000217,-0.000289,0.000485,0.001553,-0.16166,-0.03465,0.253844,0.286631,-0.443064,0.849428,-0.830032,-0.557555,-0.010601,0.477936,-0.701421,-0.528628,1e-06,0.00077,0.00126,-0.000308,4e-06,0.000192,-1.295088,0.040933,0.039868,-0.034397,-0.310367,0.433093,0.846228,0.845697,0.532327,0.037731,-0.434129,0.727363,-0.531482,6e-06,0.000497,0.000835,0.214413,0.004076,-0.14181,-1.045511,0.066223,0.032957,-0.071319,-0.183948,0.251581,-0.950194,0.710149,0.702379,0.04849,0.679595,-0.66586,-0.307862,2e-05,0.000104,0.000163,0.003709,0.006031,-0.010476,-0.224217
274,0.129107,-0.041574,0.27275,0.15448,-0.332907,-0.930244,-0.744757,-0.657899,0.111709,-0.649396,0.675961,-0.34841,1.6e-05,7.4e-05,0.000113,0.0,0.0,-0.0,0.003303,-0.161647,-0.034649,0.253885,0.286788,-0.442741,0.849543,-0.82993,-0.557712,-0.010351,0.47802,-0.7015,-0.528448,1e-06,0.001531,0.002506,0.001904,-0.016272,0.023707,-1.294337,0.04094,0.039867,-0.034379,-0.308526,0.434399,0.846231,0.848083,0.528503,0.037904,-0.430771,0.72937,-0.531464,3e-06,0.000379,0.000635,0.188485,0.008861,-0.096228,-1.049593,0.06623,0.032977,-0.071328,-0.181718,0.252217,-0.950454,0.709689,0.702681,0.050781,0.680675,-0.6653,-0.306686,5e-06,2.9e-05,4.3e-05,-0.000438,-0.000777,0.001309,-0.22438
275,0.129116,-0.041589,0.272727,0.15444,-0.332913,-0.930249,-0.744762,-0.657888,0.111739,-0.649399,0.675969,-0.348388,-0.000166,-0.00079,-0.001212,0.0,0.0,-0.0,-0.000426,-0.161597,-0.03459,0.254015,0.284481,-0.441472,0.850978,-0.830164,-0.557342,-0.011481,0.478993,-0.702594,-0.526108,1e-06,0.002581,0.00422,0.001786,-0.017676,0.022753,-1.294054,0.040965,0.039896,-0.034315,-0.30438,0.436772,0.846512,0.851846,0.522504,0.036704,-0.426275,0.73227,-0.531103,-2e-06,0.001032,0.001691,0.132892,0.000944,-0.058539,-1.049756,0.066235,0.03297,-0.071337,-0.181691,0.252221,-0.950459,0.709696,0.702674,0.0508,0.680675,-0.665307,-0.30667,-9.4e-05,-0.000446,-0.000684,3e-06,-2.2e-05,4.4e-05,-0.22683
276,0.129136,-0.041602,0.27269,0.154129,-0.332973,-0.930279,-0.74479,-0.657812,0.111996,-0.64944,0.676012,-0.348226,0.000183,0.010372,-0.009384,0.035249,-0.015536,0.016964,-0.007082,-0.161561,-0.034495,0.254163,0.284759,-0.440914,0.851175,-0.83003,-0.557551,-0.010995,0.479061,-0.702779,-0.5258,0.01605,0.003092,0.002806,0.002044,-0.015206,0.029245,-1.293139,0.040977,0.039945,-0.034236,-0.302796,0.43772,0.84659,0.854226,0.518553,0.037415,-0.422625,0.734509,-0.530927,-2e-06,0.001208,0.001972,0.089327,-0.003273,-0.036521,-1.04894,0.066245,0.03296,-0.071352,-0.181389,0.252291,-0.950498,0.709747,0.702604,0.051048,0.680703,-0.665353,-0.306507,-8e-06,-3.9e-05,-6.1e-05,9e-06,-1e-06,1e-06,-0.228789
277,0.12917,-0.041614,0.272673,0.154012,-0.33299,-0.930292,-0.744805,-0.657779,0.112085,-0.64945,0.676036,-0.348161,-0.000113,-0.000537,-0.000824,0.0,0.0,0.0,-0.023034,-0.161538,-0.034458,0.254202,0.282355,-0.442173,0.851322,-0.833229,-0.552766,-0.010616,0.474918,-0.705757,-0.525569,0.0,0.001014,0.001655,4.704855,-0.058668,-2.90457,-1.291699,0.040995,0.039967,-0.034214,-0.302363,0.438107,0.846544,0.85507,0.517134,0.037779,-0.421226,0.735278,-0.530975,-1e-06,0.000564,0.000918,0.075491,0.00255,-0.023149,-1.049266,0.066262,0.032956,-0.071366,-0.181269,0.252316,-0.950514,0.709748,0.702595,0.051152,0.680733,-0.665353,-0.30644,-6.9e-05,-0.000333,-0.000512,3e-06,1e-05,1.4e-05,-0.233688
278,0.129288,-0.04166,0.272667,0.153719,-0.333016,-0.930331,-0.744893,-0.657648,0.112272,-0.649418,0.676152,-0.347997,0.000198,0.000945,0.001452,0.000524,-0.015375,0.02437,-0.071811,-0.161516,-0.034421,0.254199,0.282974,-0.43856,0.852984,-0.830084,-0.557468,-0.011109,0.480025,-0.704318,-0.522854,-0.0,-0.000404,-0.000659,-0.02434,-0.300044,-0.203937,-1.288439,0.041006,0.039987,-0.034213,-0.303409,0.437583,0.846441,0.854232,0.518488,0.038159,-0.422172,0.734636,-0.531111,1e-06,-0.000327,-0.00053,-0.0004,-0.027387,-0.180659,-1.051716,0.06632,0.03293,-0.071375,-0.180957,0.25236,-0.950561,0.709848,0.702478,0.051364,0.680711,-0.66546,-0.306256,4e-06,1.9e-05,2.7e-05,1.4e-05,1e-06,-2.2e-05,-0.261284
279,0.129439,-0.041668,0.272738,0.153505,-0.330202,-0.931369,-0.744559,-0.658306,0.110619,-0.649852,0.676888,-0.34575,0.000288,0.001376,0.002111,0.013818,0.188657,0.118684,-0.129363,-0.161444,-0.034449,0.254144,0.28354,-0.437417,0.853383,-0.829812,-0.557893,-0.010115,0.480161,-0.704693,-0.522223,0.0,-0.000946,-0.001544,-5e-06,-6.4e-05,-4.4e-05,-1.280371,0.041042,0.039972,-0.034243,-0.301609,0.438974,0.846364,0.855789,0.515973,0.037354,-0.420304,0.735576,-0.531291,2e-06,-0.000621,-0.001012,0.061799,0.012858,-0.010739,-1.051226,0.066396,0.032927,-0.071338,-0.180707,0.249996,-0.951234,0.709597,0.702837,0.049911,0.68104,-0.665973,-0.304404,0.000173,0.000824,0.001264,0.010409,0.273518,0.202079,-0.306679
280,0.129584,-0.041568,0.272766,0.147984,-0.328614,-0.932823,-0.743386,-0.659025,0.114172,-0.652464,0.676959,-0.340652,0.00072,0.01297,-0.005399,0.066297,0.409761,0.284427,-0.176016,-0.161203,-0.03447,0.254074,0.281538,-0.435594,0.854977,-0.829934,-0.557698,-0.010711,0.481128,-0.705975,-0.519594,0.0,-0.000412,-0.000673,0.013033,-0.113956,0.162478,-1.257559,0.041156,0.039958,-0.03428,-0.300165,0.440529,0.846069,0.856826,0.514334,0.03618,-0.419225,0.735794,-0.531842,2e-06,-0.000277,-0.000456,0.034947,0.004124,-0.02098,-1.043388,0.066468,0.032973,-0.07132,-0.175457,0.250431,-0.952102,0.70863,0.703475,0.054445,0.683415,-0.665136,-0.300893,0.000213,0.001012,0.001556,0.03475,0.478671,0.343935,-0.337704
281,0.129676,-0.041534,0.272805,0.145766,-0.32911,-0.932997,-0.742967,-0.659114,0.116366,-0.653438,0.676632,-0.339434,0.000343,0.001647,0.002523,0.00045,0.006216,0.003911,-0.212891,-0.16113,-0.034488,0.254055,0.279146,-0.434484,0.856325,-0.830221,-0.557247,-0.011966,0.48203,-0.707016,-0.517339,0.016051,0.000415,-0.001578,-0.008289,-0.148376,-0.061301,-1.245677,0.041193,0.03995,-0.034289,-0.299413,0.441126,0.846025,0.857225,0.513715,0.03552,-0.418947,0.73587,-0.531957,1e-06,-0.00036,-0.000592,-0.02429,-0.019174,-0.111294,-1.039632,0.066514,0.032995,-0.071303,-0.172746,0.248453,-0.953115,0.707861,0.704186,0.055268,0.684902,-0.665125,-0.297516,0.000212,0.001026,0.001571,0.001325,-0.019168,-0.003767,-0.361218
282,0.129814,-0.041433,0.272909,0.146434,-0.328961,-0.932945,-0.742819,-0.659371,0.115848,-0.653457,0.676453,-0.339752,0.000518,0.002493,0.003816,0.000526,-0.015378,0.024368,-0.266027,-0.16107,-0.034466,0.254082,0.278215,-0.43016,0.858807,-0.830327,-0.557128,-0.009932,0.482386,-0.70975,-0.513246,-1e-06,0.000968,0.00158,-0.000884,-0.01166,-0.007928,-1.194241,0.041229,0.03996,-0.034279,-0.298371,0.441794,0.846045,0.857867,0.512691,0.03482,-0.418376,0.736183,-0.531973,-1e-06,0.000553,0.0009,0.061154,0.013051,0.052226,-1.026732,0.066583,0.033045,-0.071251,-0.173517,0.248492,-0.952965,0.707704,0.704379,0.054812,0.684869,-0.664907,-0.298081,0.000256,0.001241,0.001896,0.000342,-0.015909,0.024094,-0.410532
283,0.129833,-0.04131,0.273003,0.145685,-0.326302,-0.933996,-0.742428,-0.660009,0.114721,-0.654068,0.677116,-0.337247,0.000394,0.001901,0.002906,0.025952,0.361332,0.22754,-0.292449,-0.160857,-0.034317,0.254196,0.277775,-0.418274,0.864801,-0.83094,-0.556298,-0.002031,0.481584,-0.717471,-0.503166,0.016038,0.003622,0.003646,-0.000727,-0.05271,0.003788,-1.013098,0.041335,0.040034,-0.034222,-0.301752,0.441105,0.845205,0.858184,0.511838,0.039263,-0.415289,0.737189,-0.532998,0.008017,0.001904,0.001973,0.081592,0.066044,0.099816,-0.977255,0.066593,0.033108,-0.071202,-0.173026,0.247641,-0.953276,0.707554,0.704546,0.054601,0.685149,-0.665047,-0.297125,0.000241,0.001151,0.001766,0.008679,0.640078,0.38995,-0.434372
284,0.129841,-0.041295,0.2731,0.145828,-0.326262,-0.933988,-0.742475,-0.659983,0.114563,-0.653983,0.67716,-0.337323,0.000546,0.002634,0.004024,0.000848,-0.01089,0.027194,-0.332131,-0.160682,-0.034184,0.254268,0.274177,-0.406735,0.871427,-0.832197,-0.554411,0.003196,0.481481,-0.725527,-0.491578,0.016028,0.004603,0.005235,-0.009015,-0.658086,-0.291499,-0.797891,0.041411,0.040092,-0.034188,-0.304005,0.440655,0.844632,0.858269,0.511472,0.042072,-0.413466,0.737712,-0.533691,-6e-06,0.001896,0.003085,0.171416,0.048212,0.233589,-0.889405,0.066597,0.033117,-0.07116,-0.172717,0.245544,-0.953874,0.707293,0.704902,0.053385,0.685496,-0.665448,-0.29542,0.000246,0.001197,0.001832,0.002833,-0.015804,-0.00856,-0.452334
285,0.129867,-0.041229,0.273202,0.145534,-0.323491,-0.934997,-0.742105,-0.660667,0.113011,-0.654469,0.677819,-0.335051,0.000381,0.00184,0.002807,0.000321,0.004491,0.002827,-0.42622,-0.160322,-0.033716,0.254343,0.278577,-0.377708,0.883019,-0.821718,-0.56962,0.015714,0.496697,-0.729458,-0.470156,0.01497,0.017277,-0.000499,0.000321,-0.156442,-0.233096,-0.404421,0.041597,0.040322,-0.034149,-0.31088,0.438314,0.843346,0.855332,0.515929,0.047153,-0.414439,0.736,-0.535296,0.007487,0.008426,-0.000592,-0.061886,0.061092,0.141398,-0.727094,0.06661,0.033147,-0.071104,-0.17227,0.242719,-0.954678,0.706884,0.70543,0.051794,0.68603,-0.665924,-0.293098,0.000143,0.000694,0.001058,0.002835,-0.016266,-0.008891,-0.515201
286,0.129866,-0.041059,0.273309,0.13076,-0.315474,-0.939906,-0.738863,-0.663114,0.119723,-0.661205,0.679197,-0.318632,0.000548,0.002645,0.004031,0.290752,0.56847,-0.564878,-0.4621,-0.159951,-0.032961,0.254286,0.28985,-0.338114,0.895354,-0.801105,-0.597512,0.033828,0.523178,-0.726615,-0.445174,0.01493,0.018172,0.000921,0.655239,-1.85875,1.985474,-0.159379,0.041782,0.040706,-0.034178,-0.329863,0.42506,0.842919,0.836256,0.545867,0.051991,-0.438023,0.722047,-0.535521,0.006949,0.014873,-0.0033,-1.416631,-0.426799,0.765722,-0.600381,0.066609,0.033232,-0.071051,-0.157767,0.234774,-0.959161,0.703746,0.708115,0.05757,0.692712,-0.665923,-0.276938,0.000323,0.001566,0.00239,0.945311,1.488048,-2.087461,-0.564025
287,0.130059,-0.040966,0.273498,0.105944,-0.294318,-0.949841,-0.710638,-0.690532,0.13465,-0.695666,0.661092,-0.281129,0.01657,0.001338,0.002936,0.35451,0.965507,-0.058088,-0.469843,-0.159858,-0.032052,0.254161,0.31378,-0.302869,0.899891,-0.778006,-0.625237,0.060977,0.543777,-0.718836,-0.432948,-0.002117,0.028201,-0.006831,0.1246,-0.014917,0.13531,0.040301,0.041834,0.041159,-0.034234,-0.36148,0.388401,0.847629,0.810096,0.58091,0.079289,-0.4616,0.715323,-0.52463,-0.000515,0.008135,0.000101,0.157099,-0.263749,0.526624,-0.303192,0.0667,0.03328,-0.070955,-0.131961,0.215705,-0.9675,0.674515,0.734759,0.071815,0.726371,-0.643116,-0.242457,0.000342,0.001671,0.002534,1.069313,2.100767,-1.31551,-0.579701
288,0.130362,-0.040881,0.273548,0.09575,-0.279181,-0.955477,-0.693043,-0.707687,0.137272,-0.714629,0.649387,-0.260056,0.017069,0.013344,-0.003965,0.117592,0.319641,0.924397,-0.487623,-0.15997,-0.031538,0.254019,0.323501,-0.286007,0.901964,-0.764833,-0.640203,0.07144,0.556595,-0.712566,-0.426984,-0.00211,0.027545,-0.007901,0.118795,-0.064398,0.099982,0.099934,0.041779,0.041417,-0.034303,-0.372995,0.371675,0.850136,0.7961,0.598806,0.087492,-0.476548,0.709427,-0.519243,-0.001033,0.013569,-0.004219,0.201013,-0.314631,0.470449,-0.17011,0.066851,0.033316,-0.070929,-0.11962,0.200072,-0.972451,0.65588,0.75124,0.073882,0.745326,-0.628974,-0.221087,0.008314,0.000813,0.001671,0.164566,0.702693,0.690129,-0.586722
289,0.131001,-0.040633,0.273674,0.055032,-0.2433,-0.968412,-0.680285,-0.719054,0.141938,-0.73095,0.651285,-0.203879,0.017218,0.004665,0.007937,0.271041,1.430479,0.644258,-0.515246,-0.16065,-0.030223,0.253552,0.338873,-0.256049,0.905315,-0.741571,-0.664803,0.089683,0.578459,-0.701387,-0.416297,-0.019052,0.037999,-0.014989,1.175501,-1.453893,1.915881,0.146931,0.041445,0.04207,-0.034535,-0.390479,0.344265,0.853818,0.771705,0.628123,0.099663,-0.501992,0.697812,-0.510941,-0.009503,0.018789,-0.007778,0.021318,0.209841,-0.275685,-0.031966,0.067176,0.033442,-0.070873,-0.078231,0.166913,-0.982863,0.642637,0.762161,0.078282,0.762166,-0.6255,-0.166889,0.008646,0.002463,0.00416,0.282137,1.43812,0.592183,-0.610562
290,0.131439,-0.040416,0.274229,-0.001453,-0.207935,-0.978165,-0.66883,-0.726958,0.155473,-0.743419,0.654708,-0.136798,0.01767,-0.002512,0.022061,0.140769,1.307139,0.152054,-0.516208,-0.162164,-0.028555,0.252805,0.341911,-0.238669,0.908915,-0.737877,-0.667052,0.102538,0.581383,-0.705389,-0.40532,-0.051742,0.046413,-0.02327,0.168921,-0.041476,0.03713,0.190176,0.0407,0.042903,-0.034902,-0.396123,0.324342,0.859003,0.765911,0.632705,0.114298,-0.506424,0.703197,-0.499047,-0.02585,0.023338,-0.011373,0.200822,-0.041349,0.051394,0.03237,0.067388,0.03355,-0.070606,-0.020029,0.132491,-0.990981,0.630889,0.770602,0.090276,0.775614,-0.623391,-0.099022,0.00083,-0.000623,0.011558,0.538853,2.539217,-1.161323,-0.621666
291,0.131497,-0.04038,0.27464,-0.025778,-0.190442,-0.981383,-0.66625,-0.728598,0.158834,-0.745258,0.658175,-0.106878,0.001583,-0.001679,0.022433,-0.035789,0.869767,0.548424,-0.523434,-0.163124,-0.027656,0.252315,0.344288,-0.227827,0.910797,-0.73972,-0.663162,0.113862,0.577624,-0.712613,-0.39799,-0.051631,0.045042,-0.025573,1.20044,-1.440705,1.837411,0.222455,0.04022,0.043354,-0.035145,-0.398758,0.315948,0.860911,0.766507,0.630199,0.123753,-0.503446,0.709242,-0.493474,-0.025795,0.022505,-0.012761,0.109362,0.005606,-0.012311,0.066335,0.067424,0.033572,-0.070404,0.005318,0.116923,-0.993126,0.628109,0.772389,0.094299,0.778106,-0.624293,-0.069333,0.000821,-0.000693,0.011438,-0.030897,1.134927,0.672734,-0.625095
292,0.131439,-0.040439,0.275536,-0.059338,-0.164409,-0.984629,-0.656764,-0.736365,0.16248,-0.751693,0.656512,-0.063057,-0.014192,0.000617,0.024962,-0.035205,0.835487,0.057457,-0.567469,-0.165276,-0.025732,0.25123,0.35387,-0.197287,0.914246,-0.727719,-0.67205,0.136776,0.586981,-0.71343,-0.382536,-0.068187,0.057038,-0.030545,0.201784,-0.057345,0.049464,0.269124,0.039124,0.044328,-0.035704,-0.411387,0.283482,0.866254,0.752518,0.641882,0.147317,-0.514272,0.712477,-0.477388,-0.034065,0.028459,-0.015301,0.178207,-0.049118,0.046628,0.138836,0.067401,0.033541,-0.069948,0.040174,0.091216,-0.99502,0.618278,0.780016,0.096468,0.784931,-0.619075,-0.025061,0.000847,-0.000504,0.011679,-0.030712,0.974652,0.160377,-0.64616
293,0.131475,-0.040208,0.276398,-0.091645,-0.14304,-0.985488,-0.655894,-0.735956,0.167763,-0.749166,0.661926,-0.025145,0.002546,0.01273,0.018921,0.018687,0.925677,0.153055,-0.586383,-0.167676,-0.023603,0.250223,0.365224,-0.152337,0.918367,-0.711712,-0.681513,0.170116,0.599495,-0.715515,-0.35848,-0.066839,0.04811,-0.019133,0.457097,-0.495473,0.593955,0.293515,0.03795,0.045372,-0.036205,-0.42557,0.240048,0.872506,0.734179,0.655255,0.177824,-0.529028,0.716252,-0.455095,-0.033934,0.02992,-0.013157,1.202668,-1.508721,1.856892,0.186027,0.067413,0.033651,-0.069516,0.072996,0.073234,-0.994639,0.617481,0.779847,0.102736,0.78319,-0.62167,0.011705,0.001273,0.00644,0.009573,0.000361,0.378241,-0.248501,-0.67098
294,0.131673,-0.040035,0.276737,-0.09932,-0.139884,-0.985197,-0.651298,-0.739381,0.170587,-0.752182,0.658771,-0.016443,0.002113,0.010611,0.015723,0.48895,0.261044,-0.210353,-0.605055,-0.169013,-0.022491,0.24976,0.370517,-0.12795,0.919966,-0.701195,-0.688003,0.186843,0.608558,-0.714107,-0.345792,-0.066645,0.048236,-0.01912,-1.29083,-0.441832,0.705273,0.30138,0.037256,0.045948,-0.03644,-0.432501,0.215502,0.8755,0.722934,0.66315,0.1939,-0.538802,0.716792,-0.442607,-0.033299,0.02419,-0.009391,-1.326934,-0.440305,0.695758,0.202356,0.067513,0.033743,-0.069338,0.081682,0.068007,-0.994335,0.613211,0.783052,0.10393,0.785684,-0.618226,0.022259,0.008901,-0.000676,0.011764,1.60472,0.078991,-0.352883,-0.679471
295,0.132494,-0.039877,0.277174,-0.104379,-0.139349,-0.98475,-0.629179,-0.757554,0.173835,-0.770103,0.637899,-0.007376,0.033162,0.004093,0.007585,0.486515,0.112007,-0.229754,-0.732951,-0.17174,-0.020104,0.248896,0.381924,-0.078294,0.920867,-0.677563,-0.701265,0.221516,0.627937,-0.708413,-0.322039,-0.067021,0.063325,-0.021428,0.286491,-0.399651,0.493611,0.319846,0.035943,0.047092,-0.036861,-0.446815,0.167707,0.878766,0.696958,0.681101,0.22439,-0.560896,0.712724,-0.421211,-0.033135,0.025999,-0.006676,1.09669,-1.888847,2.296595,0.22538,0.067912,0.033828,-0.069112,0.08657,0.06844,-0.993891,0.590121,0.800257,0.106507,0.802658,-0.595737,0.028891,0.008424,-0.003035,0.008217,1.610897,-0.209352,-0.114172,-0.731071
296,0.133436,-0.039511,0.277569,-0.124049,-0.147604,-0.98126,-0.617011,-0.762974,0.192716,-0.776975,0.629535,0.004796,0.01808,0.009997,0.015415,0.270314,1.613567,-2.597157,-0.897563,-0.174459,-0.017639,0.248101,0.386807,-0.03803,0.921372,-0.648072,-0.721929,0.242397,0.655447,-0.690792,-0.305054,-0.066506,0.064168,-0.020491,-1.326394,-0.661099,0.812163,0.331981,0.034583,0.048326,-0.037255,-0.453594,0.129572,0.881738,0.671015,0.700765,0.242213,-0.586507,0.701526,-0.404807,-0.041056,0.03191,-0.009538,0.198124,-0.259639,0.299599,0.25069,0.068387,0.033999,-0.068932,0.103007,0.077329,-0.991669,0.577909,0.806787,0.12294,0.809574,-0.585758,0.038415,0.009026,0.004952,0.007626,-0.005569,0.160066,-0.250955,-0.849293
297,0.134045,-0.039007,0.278237,-0.149741,-0.156649,-0.97626,-0.599016,-0.771158,0.215562,-0.78644,0.617266,0.022855,0.018511,0.012551,0.019007,0.144403,0.338484,-0.368632,-0.958055,-0.177152,-0.015259,0.247369,0.388341,-0.015027,0.921389,-0.639102,-0.72463,0.257671,0.663293,-0.688871,-0.292169,-0.065989,0.06499,-0.019583,0.202522,-0.28039,0.326656,0.345124,0.033212,0.049539,-0.037629,-0.456856,0.104021,0.883437,0.656891,0.70912,0.256206,-0.599812,0.697372,-0.392296,-0.033007,0.032004,-0.010489,0.213195,-0.383892,0.462354,0.266856,0.068691,0.03425,-0.068599,0.13083,0.089067,-0.987395,0.559296,0.815705,0.147687,0.818578,-0.571568,0.056904,0.009289,0.006495,0.009812,0.493769,0.168764,-0.184681,-0.926203
298,0.134356,-0.038717,0.278706,-0.159276,-0.161234,-0.974002,-0.592903,-0.773214,0.224897,-0.789182,0.613507,0.028772,0.019115,0.015934,0.023818,-0.008748,0.257879,-0.401647,-0.98846,-0.178547,-0.014087,0.247042,0.388742,0.002147,0.92134,-0.621916,-0.737107,0.264248,0.679191,-0.675688,-0.286371,-0.081265,0.065203,-0.017809,-4.916306,-1.609633,1.725504,0.354191,0.03252,0.050125,-0.037794,-0.458125,0.089039,0.884416,0.643997,0.719057,0.261197,-0.612689,0.689222,-0.38676,-0.032475,0.026454,-0.006457,0.124075,-0.264461,0.301853,0.278286,0.068846,0.034391,-0.068371,0.140119,0.094256,-0.985637,0.553083,0.818223,0.156873,0.821258,-0.567121,0.062517,0.001624,0.008635,0.012524,-0.013306,0.2734,-0.457649,-0.946451
299,0.135078,-0.037904,0.279793,-0.195015,-0.166026,-0.966669,-0.563037,-0.788048,0.24888,-0.802867,0.593009,0.061408,0.019888,0.020606,0.030234,5.443733,-0.556253,-0.47346,-1.05436,-0.181896,-0.01143,0.246289,0.389542,0.055469,0.919332,-0.57915,-0.761297,0.291458,0.715545,-0.646002,-0.265593,-0.09611,0.064876,-0.017361,0.174882,-0.125004,0.187844,0.354908,0.030851,0.051456,-0.038168,-0.462169,0.033266,0.886167,0.596314,0.751289,0.282797,-0.65636,0.659134,-0.36706,-0.048394,0.038503,-0.011875,0.199126,-0.40809,0.509077,0.291186,0.069207,0.034796,-0.067829,0.175941,0.102118,-0.979089,0.527439,0.830012,0.18135,0.831175,-0.548316,0.092172,0.010002,0.010668,0.015632,0.214407,0.907895,-0.246098,-0.96474
300,0.135989,-0.037333,0.28082,-0.240843,-0.186388,-0.952523,-0.464637,-0.839483,0.281695,-0.851839,0.510649,0.116769,0.018484,0.003862,0.030135,5.492891,-0.343402,-0.762556,-1.188719,-0.185959,-0.00878,0.245378,0.387821,0.126096,0.913064,-0.544899,-0.767508,0.337564,0.742845,-0.628568,-0.230101,-0.111072,0.060857,-0.022988,0.098016,-0.014758,0.50676,0.287832,0.028825,0.052789,-0.038611,-0.462585,-0.037738,0.88577,0.559455,0.76263,0.324661,-0.687767,0.645732,-0.331669,-0.055833,0.036497,-0.014662,-0.119683,-0.193441,1.026252,0.253792,0.069665,0.0351,-0.067297,0.220689,0.125613,-0.967221,0.426784,0.879257,0.211568,0.877012,-0.459485,0.140433,0.017297,0.007043,0.010607,0.638566,1.304891,-0.206022,-0.978946
301,0.136439,-0.037237,0.281313,-0.272243,-0.204371,-0.940298,-0.400735,-0.864333,0.303828,-0.874492,0.459776,0.154584,0.017854,0.000571,0.025374,1.800906,1.009259,-0.722299,-1.217721,-0.188148,-0.007576,0.244863,0.384149,0.169115,0.907646,-0.526291,-0.767519,0.365878,0.75801,-0.618418,-0.206988,-0.110869,0.059063,-0.026237,0.557328,-1.01219,1.290198,0.245892,0.027731,0.053393,-0.038866,-0.462474,-0.079965,0.883019,0.538329,0.766016,0.351314,-0.704499,0.637828,-0.311215,-0.055508,0.029282,-0.013346,1.31588,-2.035029,2.471101,0.206275,0.069878,0.035148,-0.06705,0.249968,0.14554,-0.957253,0.362436,0.9027,0.231889,0.897861,-0.404907,0.172897,0.008871,5e-06,0.012278,1.693935,1.235523,-1.570291,-0.993806
302,0.136916,-0.03722,0.281945,-0.336397,-0.21772,-0.916232,-0.344553,-0.877004,0.334844,-0.876028,0.428597,0.221149,0.016353,-0.007651,0.013688,0.164815,1.699637,-0.512736,-1.209449,-0.192257,-0.005262,0.243733,0.372116,0.259177,0.891262,-0.479226,-0.768595,0.423719,0.79435,-0.585084,-0.162933,-0.095439,0.07145,-0.034502,-4.543508,-3.444892,2.265857,0.202482,0.02567,0.054539,-0.039437,-0.455762,-0.169246,0.873862,0.491502,0.770658,0.4056,-0.742095,0.614362,-0.268052,-0.04746,0.029458,-0.01412,0.587804,-1.384699,1.634257,0.114832,0.070131,0.035168,-0.066719,0.312498,0.165502,-0.935389,0.300368,0.916965,0.26259,0.901178,-0.36302,0.236838,0.00043,0.002319,0.003268,0.129292,-0.085701,1.599802,-1.005236
303,0.137085,-0.037249,0.281999,-0.368226,-0.204573,-0.906976,-0.338284,-0.87916,0.335581,-0.865575,0.430635,0.255658,0.01556,-0.002377,-0.00278,0.284681,-0.256114,1.792353,-1.210131,-0.195609,-0.002517,0.242692,0.336714,0.356788,0.871388,-0.41284,-0.775701,0.477267,0.845774,-0.520867,-0.115002,-0.078817,0.077905,-0.026134,-4.532036,-3.686856,1.831382,0.175585,0.024016,0.055872,-0.039964,-0.424883,-0.268923,0.86438,0.422086,0.785855,0.451967,-0.800822,0.556876,-0.220388,-0.039405,0.03883,-0.01312,0.165405,-1.095872,1.183459,0.067315,0.070215,0.035151,-0.066686,0.347613,0.156,-0.924569,0.293722,0.918314,0.265377,0.890444,-0.363816,0.273397,-8.9e-05,-0.000527,-0.000748,0.116348,-0.565693,1.337257,-1.00246
