frame,MLTx,MLTy,MLTz,MLTR1,MLTR2,MLTR3,MLTR4,MLTR5,MLTR6,MLTR7,MLTR8,MLTR9,MLTTVx,MLTTVy,MLTTVz,MLTRVx,MLTRVy,MLTRVz,MLGA,MRTx,MRTy,MRTz,MRTR1,MRTR2,MRTR3,MRTR4,MRTR5,MRTR6,MRTR7,MRTR8,MRTR9,MRTTVx,MRTTVy,MRTTVz,MRTRVx,MRTRVy,MRTRVz,MRGA,SLTx,SLTy,SLTz,SLTR1,SLTR2,SLTR3,SLTR4,SLTR5,SLTR6,SLTR7,SLTR8,SLTR9,SLTTVx,SLTTVy,SLTTVz,SLTRVx,SLTRVy,SLTRVz,SLGA,SRTx,SRTy,SRTz,SRTR1,SRTR2,SRTR3,SRTR4,SRTR5,SRTR6,SRTR7,SRTR8,SRTR9,SRTTVx,SRTTVy,SRTTVz,SRTRVx,SRTRVy,SRTRVz,SRGA
2819,0.165391,0.009305,0.348684,-0.400732,-0.603501,-0.689381,0.201665,-0.792087,0.57611,-0.893236,0.092587,0.439983,0.013498,0.012792,-0.007359,-0.027672,-0.212859,0.172403,0.164616,-0.152327,0.014372,0.328412,-0.829185,-0.078008,0.553496,0.406125,-0.764258,0.500906,0.38497,0.640224,0.664661,-0.014179,0.010388,0.010099,0.070036,-0.157661,0.125144,-1.402757,0.051308,0.051671,-0.016928,0.739838,0.117622,0.662423,-0.429966,0.839953,0.331069,-0.517463,-0.529757,0.672002,-0.013848,0.004749,0.005341,0.069045,-0.155207,0.118143,-0.869647,0.084185,0.042654,-0.050274,0.34616,0.65041,-0.67612,-0.323673,0.759222,0.564639,0.880572,0.023387,0.473332,8.5e-05,0.0012,0.000913,-0.016345,-0.146845,0.143333,-0.116119
2820,0.165415,0.009524,0.348611,-0.395392,-0.598849,-0.696484,0.191382,-0.795344,0.575128,-0.89787,0.094846,0.429955,-6.2e-05,0.011139,-0.008283,-1.136976,0.811777,0.886971,0.236833,-0.152973,0.014528,0.32875,-0.831733,-0.08772,0.548195,0.405478,-0.770263,0.492156,0.380116,0.631728,0.675496,-0.013762,0.003739,0.004454,0.286042,-0.237809,-0.214828,-1.402971,0.05098,0.05176,-0.016749,0.743783,0.126206,0.656397,-0.427555,0.84467,0.322069,-0.513792,-0.520195,0.682211,-0.006873,0.001626,0.002032,0.309926,-0.258193,-0.22931,-0.870627,0.084202,0.042764,-0.05031,0.34076,0.645599,-0.683434,-0.315372,0.763317,0.563815,0.885676,0.023411,0.463712,-0.000125,-8e-06,-0.000216,-3.834939,3.076508,2.544449,0.053867
2821,0.165432,0.009587,0.348508,-0.396789,-0.593426,-0.700321,0.178614,-0.798285,0.575161,-0.89988,0.103863,0.423622,-0.000224,0.008831,-0.010038,-1.204413,0.7345,0.833376,0.232841,-0.153352,0.014574,0.328811,-0.832365,-0.093986,0.546192,0.406182,-0.773751,0.486065,0.377968,0.62655,0.681497,-0.027101,0.000338,0.002876,0.402405,-0.326333,-0.320159,-1.402932,0.0508,0.051782,-0.016719,0.74494,0.131132,0.654116,-0.427146,0.846915,0.316671,-0.512456,-0.515304,0.686913,-0.013554,0.000158,0.001439,0.41321,-0.435403,-0.156677,-0.871933,0.08421,0.042798,-0.050361,0.343249,0.640305,-0.687159,-0.303106,0.76798,0.564208,0.888991,0.014618,0.457689,-0.000225,-0.001465,-0.001322,-3.951179,2.963037,2.448858,0.083259
2822,0.165718,0.009793,0.348041,-0.408449,-0.573665,-0.710016,0.138438,-0.807795,0.572952,-0.901724,0.136437,0.41025,-0.00051,0.004765,-0.013136,-0.420737,0.047675,0.291639,0.232462,-0.154112,0.01469,0.328917,-0.83366,-0.108578,0.541491,0.407999,-0.781701,0.471609,0.373114,0.614221,0.695257,-0.012566,-0.00821,0.01177,0.2325,-0.308062,-0.046483,-1.403062,0.050411,0.051832,-0.016673,0.748059,0.146562,0.647244,-0.426265,0.853626,0.299365,-0.508629,-0.499841,0.701038,-0.006287,-0.00408,0.00592,0.179164,-0.264627,-0.016225,-0.872423,0.084353,0.042903,-0.050593,0.358569,0.62176,-0.696306,-0.263288,0.782983,0.563575,0.895604,-0.018752,0.444455,0.006425,0.007802,-0.010993,-1.216104,0.694476,0.814366,0.092567
2823,0.166451,0.010189,0.347291,-0.407166,-0.564355,-0.718168,0.106151,-0.810208,0.576426,-0.90667,0.159164,0.390696,0.026086,0.012976,-0.024321,-1.397175,0.440876,0.67996,0.252079,-0.154637,0.01456,0.329408,-0.836007,-0.137319,0.53125,0.412278,-0.795907,0.443274,0.362995,0.589773,0.721294,-0.026218,-0.005766,0.01509,0.780644,-0.787494,-0.401833,-1.402996,0.050158,0.051765,-0.016437,0.753292,0.171935,0.634813,-0.425457,0.863448,0.271002,-0.501534,-0.47423,0.72358,-0.006385,-0.002404,0.007314,0.882137,-0.797156,-0.615012,-0.871116,0.084719,0.043102,-0.050973,0.359174,0.612077,-0.704525,-0.23174,0.789748,0.567974,0.90404,-0.040735,0.425499,0.013039,0.006315,-0.012303,-1.429604,0.432171,0.670855,0.114284
2824,0.167028,0.010301,0.346845,-0.401245,-0.56254,-0.722909,0.090651,-0.80974,0.57972,-0.910988,0.167771,0.376805,0.039274,0.009212,-0.02756,-0.319535,-0.665335,-0.014873,0.240647,-0.154912,0.014424,0.329713,-0.837134,-0.151491,0.525594,0.414512,-0.80247,0.429134,0.357804,0.577295,0.733873,-0.011601,-0.016427,0.022235,0.529243,-0.507199,-0.426796,-1.403047,0.050011,0.051697,-0.016276,0.756464,0.186835,0.626781,-0.425069,0.868778,0.254046,-0.49707,-0.458602,0.736617,-0.005812,-0.008198,0.011141,0.498107,-0.482536,-0.409829,-0.873566,0.085008,0.043161,-0.051193,0.354169,0.609275,-0.709469,-0.215966,0.791423,0.571844,0.909901,-0.049308,0.411881,0.019635,0.004299,-0.014018,-0.351373,-0.700457,-0.033331,0.117877
2825,0.168714,0.01002,0.345698,-0.386164,-0.559535,-0.733378,0.057823,-0.808171,0.586079,-0.920149,0.184608,0.345358,0.052094,-0.015476,-0.030224,-0.356278,-0.784248,0.090022,0.1778,-0.155299,0.014113,0.330274,-0.840315,-0.176519,0.512546,0.417083,-0.814307,0.403583,0.347175,0.553131,0.757217,0.000796,-0.005006,0.013165,0.630714,-0.678363,-0.239488,-1.403406,0.049817,0.051544,-0.016,0.762737,0.208609,0.612138,-0.423237,0.876707,0.228591,-0.48898,-0.433434,0.756988,-0.00634,-0.003217,0.006626,0.638716,-0.567587,-0.482534,-0.884996,0.085832,0.043036,-0.051748,0.340358,0.604463,-0.720264,-0.183667,0.79398,0.579536,0.922183,-0.064961,0.381258,0.019329,-0.007864,-0.015042,-0.498285,-0.831892,-0.202455,0.076074
2826,0.170752,0.009554,0.344442,-0.387984,-0.560955,-0.73133,0.016817,-0.797666,0.602843,-0.921045,0.222288,0.31983,0.052369,-0.000992,-0.036104,-4.543088,2.478704,1.392091,0.097559,-0.1552,0.014019,0.330943,-0.848017,-0.190985,0.494351,0.413016,-0.822495,0.390966,0.332988,0.53596,0.775711,-0.000659,0.012943,0.010782,0.516524,-0.803521,-0.023516,-1.402977,0.049867,0.051481,-0.015672,0.773752,0.219916,0.59409,-0.416967,0.882817,0.216268,-0.476912,-0.415054,0.774779,0.006918,0.001977,0.009679,-0.19623,-0.83309,0.505956,-0.887119,0.086849,0.042778,-0.052388,0.339739,0.607109,-0.718328,-0.147728,0.788722,0.596735,0.928844,-0.096617,0.357647,0.026255,-0.006422,-0.014227,-0.246153,-0.536537,-0.033454,-0.030391
2827,0.173099,0.010029,0.342989,-0.402478,-0.579248,-0.708893,0.001353,-0.774763,0.632228,-0.914944,0.254215,0.313497,0.066334,0.021968,-0.035603,-0.049813,0.953292,-2.633847,0.055652,-0.155284,0.014809,0.331537,-0.861264,-0.197077,0.468375,0.401236,-0.82915,0.389171,0.31273,0.523356,0.792567,-0.001133,0.022226,0.018384,0.465214,-0.620439,0.143852,-1.403353,0.049826,0.051868,-0.015381,0.791138,0.222196,0.569849,-0.40475,0.888694,0.215405,-0.45856,-0.401062,0.793013,-0.000575,0.011087,0.009173,0.447071,-0.495198,-0.054438,-0.890548,0.088017,0.042991,-0.053127,0.351558,0.624427,-0.697493,-0.124119,0.769565,0.626389,0.927901,-0.133639,0.34805,0.02638,0.017001,-0.021389,-0.18566,-0.457139,-0.249714,-0.120364
2828,0.174213,0.010668,0.342298,-0.41464,-0.579455,-0.701677,-0.013635,-0.767049,0.641421,-0.909384,0.276243,0.311027,0.05288,0.039568,-0.038362,-1.351807,0.704568,0.101819,0.065693,-0.155185,0.01525,0.331903,-0.861723,-0.197454,0.467371,0.396569,-0.836524,0.378013,0.317401,0.511336,0.798533,0.012219,0.024207,0.018689,1.352957,1.515043,-1.369169,-1.403213,0.049875,0.052102,-0.015187,0.792542,0.222708,0.567694,-0.397507,0.894639,0.20398,-0.462454,-0.387325,0.797567,0.006077,0.012446,0.009618,1.410644,1.463889,-1.394859,-0.890875,0.088579,0.043301,-0.053474,0.364084,0.627896,-0.687887,-0.111565,0.762662,0.637101,0.924659,-0.155214,0.347725,0.033186,0.014385,-0.015366,-4.078156,3.071452,1.466526,-0.13555
2829,0.176616,0.012167,0.341059,-0.43562,-0.574606,-0.692898,-0.028009,-0.760756,0.648411,-0.89917,0.302579,0.316175,0.066496,0.032991,-0.027,-1.042632,1.067311,0.55759,0.083426,-0.154167,0.016292,0.333184,-0.873702,-0.205812,0.44077,0.376401,-0.859834,0.34488,0.309098,0.467489,0.828115,0.025691,0.030181,0.039185,1.199986,-1.245694,-0.225721,-1.403226,0.05036,0.052585,-0.014588,0.807525,0.225493,0.545028,-0.371933,0.911842,0.173808,-0.457787,-0.343068,0.820203,0.019489,0.016119,0.019797,0.989532,-1.004335,-0.256139,-0.888099,0.089751,0.044054,-0.054083,0.381325,0.628033,-0.678354,-0.099614,0.757442,0.645258,0.919057,-0.178479,0.351392,0.03329,0.016774,-0.01331,0.112255,0.106403,-0.125961,-0.121834
2830,0.179736,0.012465,0.340489,-0.449043,-0.563398,-0.693533,-0.044928,-0.760977,0.647199,-0.891839,0.322476,0.317268,0.093934,-0.00528,-0.007288,0.007714,-0.092029,0.187377,0.048521,-0.152819,0.01787,0.334822,-0.884351,-0.217514,0.413041,0.358146,-0.883495,0.301831,0.300371,0.415131,0.858665,0.038111,0.040716,0.045858,1.241043,-1.174349,-0.345345,-1.403071,0.051044,0.053389,-0.013751,0.823365,0.233822,0.517103,-0.345676,0.929275,0.130211,-0.450085,-0.285962,0.84596,0.01842,0.026727,0.019527,0.990556,-0.991712,-0.139738,-0.881404,0.091296,0.044245,-0.054372,0.400081,0.616521,-0.678112,-0.078521,0.760248,0.644869,0.913109,-0.204753,0.35257,0.046972,-0.002934,-0.003921,0.021564,-0.058392,0.119322,-0.127222
2831,0.181473,0.01218,0.340484,-0.455332,-0.55375,-0.697194,-0.055527,-0.7639,0.642919,-0.88804,0.33214,0.317953,0.094649,-0.026889,0.009488,-0.098417,0.133151,0.251423,0.005793,-0.152015,0.018748,0.335747,-0.888535,-0.220678,0.402241,0.348061,-0.895275,0.277975,0.299882,0.387278,0.871751,0.037783,0.042107,0.046598,1.142817,-0.690403,-0.463601,-1.403396,0.051432,0.053817,-0.013302,0.829648,0.235483,0.506191,-0.331555,0.937305,0.10738,-0.44917,-0.256918,0.855709,0.018856,0.021404,0.023554,2.160787,1.57571,-1.103439,-0.872749,0.092194,0.044102,-0.054383,0.407466,0.607778,-0.681598,-0.068392,0.764581,0.640887,0.910655,-0.214523,0.353108,0.047184,-0.007514,0.000889,-0.280456,0.258534,0.593732,-0.169678
2832,0.18502,0.011383,0.341023,-0.475985,-0.527033,-0.704074,-0.06893,-0.775766,0.627223,-0.876176,0.347732,0.333807,0.08156,-0.017052,0.017536,0.294968,0.443924,0.468502,-0.02153,-0.150858,0.020333,0.337495,-0.903951,-0.216081,0.369016,0.319004,-0.91529,0.245794,0.285775,0.340183,0.895808,0.023151,0.050125,0.036651,0.332144,-2.684948,2.482111,-1.403834,0.052029,0.054635,-0.012397,0.847813,0.229074,0.478264,-0.298924,0.951386,0.074214,-0.438014,-0.205884,0.875073,0.004922,0.02461,0.01853,2.85326,0.663884,4.684344,-0.867361,0.093973,0.043687,-0.054126,0.43103,0.584387,-0.687534,-0.055934,0.777786,0.626034,0.900601,-0.231384,0.367936,0.047697,-0.014119,0.012541,0.423904,0.64184,0.562546,-0.230912
2833,0.188586,0.010421,0.341859,-0.514439,-0.483557,-0.708216,-0.099392,-0.786696,0.609264,-0.851129,0.384418,0.357533,0.08214,-0.030986,0.023384,0.223547,0.499832,0.439553,-0.044077,-0.150448,0.022679,0.338717,-0.925517,-0.181439,0.3324,0.265075,-0.93712,0.226883,0.271492,0.298332,0.914961,0.008271,0.064766,0.03184,0.742175,-0.73493,0.338619,-1.404279,0.052237,0.05577,-0.011803,0.873761,0.187111,0.448922,-0.240308,0.968583,0.064018,-0.42284,-0.163816,0.891274,0.010697,0.032516,0.015427,0.829977,0.029699,1.777053,-0.867524,0.095756,0.043225,-0.053699,0.475542,0.545692,-0.689984,-0.026678,0.792932,0.608725,0.879288,-0.271067,0.391631,0.047807,-0.015352,0.011484,0.239843,0.779566,0.409705,-0.250017
2834,0.192035,0.008972,0.342833,-0.555288,-0.431257,-0.711139,-0.141512,-0.793622,0.591701,-0.818864,0.429731,0.380552,0.068979,-0.033393,0.021918,-0.145264,0.829024,0.378215,-0.07525,-0.150002,0.024954,0.340251,-0.942629,-0.144171,0.301094,0.209317,-0.957745,0.197093,0.261137,0.249001,0.93256,0.008896,0.058593,0.042835,1.511352,-0.655839,1.559581,-1.404393,0.052463,0.056933,-0.011029,0.893111,0.146135,0.425437,-0.180399,0.982732,0.041145,-0.412078,-0.113495,0.904051,0.004937,0.024142,0.025717,2.801344,0.001108,5.06411,-0.868667,0.097486,0.042503,-0.053211,0.522806,0.498918,-0.691197,0.014759,0.805416,0.592526,0.852323,-0.319977,0.413713,0.041464,-0.022391,0.014632,-0.945571,1.521838,1.057707,-0.283328
2835,0.1934,0.008131,0.343402,-0.569934,-0.405025,-0.714965,-0.162855,-0.797177,0.581343,-0.804707,0.448263,0.389273,0.056093,-0.044202,0.030953,0.126625,0.467153,0.171903,-0.085191,-0.149881,0.025919,0.341213,-0.951718,-0.122766,0.28134,0.17659,-0.968543,0.175143,0.252182,0.216534,0.943069,0.010018,0.047341,0.050345,2.95365,-0.217336,5.166799,-1.404671,0.052527,0.057442,-0.010528,0.903946,0.121638,0.40998,-0.143801,0.989326,0.023533,-0.402742,-0.080228,0.91179,0.004908,0.02388,0.025291,2.959429,-0.223517,5.163747,-0.873402,0.098194,0.042067,-0.05292,0.54153,0.474052,-0.694275,0.036342,0.811876,0.582697,0.839894,-0.340779,0.422428,0.028046,-0.022146,0.015398,0.088201,0.435217,0.148704,-0.29035
2836,0.195017,0.006301,0.344752,-0.568822,-0.357843,-0.740564,-0.189132,-0.81938,0.541127,-0.799738,0.448311,0.399329,0.029695,-0.054082,0.041412,0.314687,0.203784,1.03553,-0.125196,-0.149811,0.028184,0.342979,-0.966681,-0.084951,0.241458,0.119373,-0.983975,0.132202,0.227573,0.156741,0.960992,0.008511,0.060509,0.042878,2.55369,-0.319203,5.306097,-1.405075,0.05256,0.05853,-0.009677,0.921895,0.082948,0.378455,-0.084934,0.99632,-0.011476,-0.378015,-0.021564,0.925548,0.004265,0.029965,0.021236,1.291977,-0.96371,0.45161,-0.87128,0.098986,0.041186,-0.052275,0.547159,0.429955,-0.71816,0.060389,0.835475,0.546199,0.834846,-0.342227,0.431173,0.01483,-0.026994,0.020712,0.398314,0.723452,0.64348,-0.310271
2837,0.195189,0.004158,0.346527,-0.563179,-0.311267,-0.765498,-0.206111,-0.844178,0.494827,-0.799544,0.436836,0.412226,0.003032,-0.062275,0.053345,0.436919,0.814535,0.748373,-0.154562,-0.14987,0.030642,0.344652,-0.979242,-0.059378,0.193783,0.07749,-0.993079,0.087881,0.188456,0.101163,0.976787,-0.017347,0.060579,0.044219,1.044117,-1.839396,0.038176,-1.405251,0.052539,0.059782,-0.008824,0.940105,0.044969,0.337903,-0.030033,0.998331,-0.049305,-0.339556,0.036204,0.939888,-0.002894,0.0361,0.017727,-0.039818,-3.466813,0.799672,-0.870627,0.099088,0.040098,-0.051383,0.547087,0.382115,-0.74477,0.076751,0.863082,0.499196,0.833549,-0.330266,0.442853,-0.005578,-0.02548,0.022874,0.198762,0.425813,0.535558,-0.33852
2838,0.194357,0.00162,0.348695,-0.571693,-0.278379,-0.771827,-0.214864,-0.857079,0.468209,-0.79115,0.433852,0.431139,-0.037962,-0.063164,0.054591,0.151118,0.357225,0.606073,-0.212916,-0.150692,0.032859,0.346069,-0.987973,-0.040218,0.149272,0.047554,-0.997743,0.046687,0.148303,0.053291,0.987436,-0.03043,0.062284,0.02981,1.026623,-0.913549,0.202206,-1.405743,0.052131,0.060902,-0.008102,0.954911,0.020592,0.296174,0.00563,0.996156,-0.087413,-0.296836,0.085139,0.951125,-0.008243,0.025409,0.018273,1.213388,-1.025488,0.092372,-0.861646,0.098688,0.038833,-0.050298,0.561553,0.349255,-0.750119,0.084356,0.877665,0.471791,0.823129,-0.328213,0.463393,-0.012196,-0.031061,0.027424,0.23686,0.344348,0.894288,-0.373138
2839,0.193581,0.000456,0.349752,-0.575092,-0.267662,-0.773092,-0.218755,-0.860264,0.460503,-0.787612,0.434278,0.437146,-0.038597,-0.050181,0.047775,0.039994,0.127487,0.506073,-0.21964,-0.151077,0.033922,0.346762,-0.990681,-0.038752,0.13054,0.041649,-0.99889,0.020433,0.130853,0.025746,0.990998,-0.01648,0.05247,0.037309,1.382763,-1.126036,0.241282,-1.405247,0.051928,0.061452,-0.007748,0.960227,0.015812,0.278768,0.015968,0.993651,-0.111362,-0.278759,0.111385,0.953879,-0.008244,0.026041,0.018523,1.282858,-1.072019,0.274866,-0.864421,0.098286,0.038225,-0.049751,0.566735,0.33835,-0.751219,0.088356,0.881566,0.463716,0.819148,-0.329179,0.469719,-0.019338,-0.024915,0.024041,-0.014919,0.061462,0.476754,-0.387344
2840,0.191007,-0.001277,0.351685,-0.581597,-0.247176,-0.775045,-0.235133,-0.860997,0.450964,-0.77806,0.444821,0.443603,-0.080338,-0.034373,0.044764,-0.028106,0.084187,0.234581,-0.240756,-0.151325,0.035703,0.348191,-0.992941,-0.024163,0.116086,0.019185,-0.998865,-0.042822,0.118242,-0.040243,0.9921,-0.003266,0.045628,0.030944,1.34209,-0.958863,0.123147,-1.40541,0.051805,0.062334,-0.007039,0.963623,-8.7e-05,0.267261,0.047188,0.984345,-0.169816,-0.263063,0.17625,0.948542,-0.001008,0.016567,0.01903,1.519114,-0.752697,-0.156353,-0.871443,0.096999,0.037355,-0.048788,0.575597,0.319079,-0.752911,0.105113,0.884221,0.455086,0.810948,-0.341087,0.475416,-0.040206,-0.01704,0.02253,-0.056032,0.047456,0.21691,-0.408572
2841,0.187507,-0.00249,0.353457,-0.592058,-0.225776,-0.773652,-0.253247,-0.859227,0.444485,-0.764364,0.459363,0.452503,-0.094158,-0.0314,0.047474,-0.079112,0.163458,-0.016096,-0.288093,-0.151336,0.036907,0.349404,-0.993042,0.003707,0.117668,-0.0169,-0.993716,-0.110349,0.117774,-0.111553,0.986686,-0.002474,0.034346,0.022972,1.33968,-0.671454,-0.434618,-1.405664,0.051798,0.062945,-0.006426,0.961749,-0.028047,0.272488,0.09312,0.968978,-0.228932,-0.257615,0.245549,0.934526,0.005613,0.012008,0.015263,0.922572,-0.471707,-0.236598,-0.866871,0.095284,0.036763,-0.047918,0.588727,0.299017,-0.750991,0.123402,0.884926,0.449084,0.798856,-0.357062,0.484081,-0.040463,-0.009757,0.019623,-0.093661,0.007328,0.23168,-0.44025
2842,0.18573,-0.003099,0.354358,-0.598178,-0.21317,-0.77252,-0.259645,-0.860438,0.43841,-0.757422,0.463088,0.460313,-0.09423,-0.032018,0.046911,0.261299,0.578607,0.4512,-0.286285,-0.151175,0.037555,0.349877,-0.99346,0.020502,0.112287,-0.035648,-0.990367,-0.133551,0.109722,-0.136684,0.98445,0.009938,0.036134,0.022984,1.148329,-0.662977,1.217135,-1.405519,0.051878,0.063273,-0.006187,0.962368,-0.044499,0.268078,0.114197,0.961391,-0.250369,-0.246587,0.271561,0.930295,0.004976,0.017759,0.011287,1.138171,-0.662048,1.236898,-0.865728,0.094395,0.036463,-0.047464,0.594594,0.289488,-0.750102,0.130164,0.885969,0.445102,0.793419,-0.362291,0.489111,-0.040303,-0.016546,0.022843,-0.031347,0.211709,0.044067,-0.449395
2843,0.182474,-0.004612,0.356225,-0.605012,-0.185669,-0.774295,-0.281166,-0.859985,0.425844,-0.744201,0.475573,0.469066,-0.067069,-0.035325,0.043276,0.075808,0.267392,0.329873,-0.279605,-0.150797,0.039074,0.350896,-0.997016,0.029378,0.07132,-0.040873,-0.985618,-0.163772,0.066744,-0.166213,0.983759,0.01045,0.032614,0.035695,0.914042,-0.591947,0.073781,-1.405855,0.052064,0.064003,-0.005702,0.971394,-0.059179,0.22998,0.123717,0.952758,-0.277391,-0.2027,0.297909,0.932825,0.004632,0.021584,0.013639,0.965174,-0.933964,1.202227,-0.868177,0.092732,0.035699,-0.046509,0.60639,0.261311,-0.751004,0.15174,0.889077,0.431874,0.780555,-0.375841,0.499476,-0.033564,-0.017823,0.021569,0.074357,0.26732,0.325056,-0.450211
2844,0.179583,-0.006328,0.358163,-0.614313,-0.1485,-0.774992,-0.312996,-0.855721,0.412003,-0.7236,0.49585,0.48017,-0.06698,-0.045789,0.052232,0.010404,0.243061,0.291116,-0.304375,-0.150508,0.040758,0.35222,-0.999051,0.034976,0.025794,-0.039534,-0.979155,-0.199065,0.019559,-0.199916,0.979548,-0.003515,0.046172,0.029752,1.207187,-0.743094,-0.177569,-1.405359,0.052211,0.06483,-0.00505,0.979719,-0.071015,0.187368,0.127592,0.942107,-0.310088,-0.1545,0.327706,0.932061,0.004368,0.024252,0.015126,0.971837,-0.669294,0.106374,-0.866708,0.091331,0.034868,-0.045578,0.62034,0.226036,-0.751056,0.184111,0.888853,0.419575,0.762417,-0.398557,0.509775,-0.033523,-0.023345,0.025819,0.07715,0.426169,0.358148,-0.459682
2845,0.177544,-0.00777,0.359924,-0.624299,-0.102969,-0.774399,-0.358862,-0.842709,0.401288,-0.693141,0.52855,0.49012,-0.039902,-0.034446,0.043045,-0.374269,0.339795,0.579323,-0.291964,-0.150424,0.041434,0.352894,-0.999254,0.036572,0.012121,-0.038453,-0.974985,-0.218769,0.005083,-0.219094,0.975621,0.0102,0.033536,0.035606,1.222049,-0.759773,-0.192205,-1.405491,0.052333,0.065416,-0.004307,0.98409,-0.079155,0.159059,0.131252,0.927285,-0.35059,-0.119743,0.36589,0.922922,0.006006,0.006795,0.01893,1.263885,-0.858228,-0.086064,-0.867687,0.090281,0.034128,-0.044679,0.636166,0.18201,-0.749776,0.231382,0.882044,0.410439,0.736039,-0.434592,0.519012,-0.019988,-0.017434,0.021399,-1.281897,0.928829,0.98965,-0.464091
2846,0.176948,-0.008355,0.360697,-0.627569,-0.083558,-0.774094,-0.376517,-0.837679,0.395601,-0.680723,0.539827,0.495208,-0.026138,-0.033334,0.043483,-1.132036,1.024933,1.305095,-0.280444,-0.14998,0.042,0.35426,-0.998913,0.04273,-0.018431,-0.03653,-0.964323,-0.262073,-0.027705,-0.261143,0.964832,0.012688,0.004912,0.0323,1.03616,-0.840582,0.182903,-1.404942,0.05247,0.065508,-0.003999,0.985987,-0.084123,0.144052,0.132757,0.918593,-0.372238,-0.101012,0.386146,0.916889,0.011941,0.007612,0.011355,1.348633,-0.876874,-0.067561,-0.863278,0.089978,0.033833,-0.044294,0.640748,0.165275,-0.749749,0.248865,0.879114,0.406477,0.726296,-0.447036,0.52216,-0.013206,-0.016817,0.021671,-4.143408,2.645921,3.04892,-0.457559
2847,0.176467,-0.009341,0.362132,-0.630401,-0.049874,-0.774694,-0.407321,-0.828287,0.38471,-0.660078,0.55813,0.502808,0.001094,-0.023328,0.033282,-4.111247,2.540176,3.160533,-0.27916,-0.149091,0.042429,0.355123,-0.996649,0.071748,-0.039165,-0.056379,-0.94968,-0.307998,-0.058028,-0.304822,0.950568,0.025292,0.001019,0.028769,0.725751,-1.043316,1.726842,-1.405183,0.052911,0.065712,-0.003573,0.985428,-0.113788,0.12642,0.156603,0.897026,-0.413301,-0.066374,0.427077,0.901775,0.017873,0.006451,0.010195,0.853945,-2.173877,5.458144,-0.870136,0.089728,0.033331,-0.043557,0.648053,0.131848,-0.750095,0.281159,0.87391,0.396522,0.707797,-0.467863,0.529269,0.000428,-0.011832,0.016558,-4.0182,2.649576,3.203884,-0.450048
2848,0.17688,-0.009867,0.363354,-0.629086,-0.011915,-0.777273,-0.451954,-0.807926,0.378106,-0.631707,0.589165,0.503843,0.028623,-0.005916,0.02869,-1.357485,0.615109,0.921956,-0.28015,-0.148193,0.042193,0.356204,-0.994777,0.095024,-0.037177,-0.075935,-0.932171,-0.353872,-0.067018,-0.349294,0.93454,0.015014,-0.020493,0.03132,0.822842,-0.398262,-0.317354,-1.404455,0.053363,0.065608,-0.00303,0.981509,-0.138737,0.131867,0.184084,0.872948,-0.451744,-0.052439,0.467666,0.882347,0.0014,-0.011162,0.015557,1.086814,-0.417607,-0.615213,-0.868993,0.089924,0.03306,-0.042964,0.652536,0.092799,-0.752053,0.328226,0.85992,0.390901,0.682981,-0.501921,0.53067,0.00731,-0.003042,0.014519,-4.413813,1.975849,2.989054,-0.450864
2849,0.177378,-0.009914,0.363967,-0.629002,0.016395,-0.77726,-0.482536,-0.792127,0.373718,-0.608785,0.610102,0.507133,0.02874,-0.001871,0.031732,-4.430827,2.175777,2.992686,-0.260351,-0.148062,0.041726,0.356786,-0.994255,0.099414,-0.039577,-0.077586,-0.923909,-0.374574,-0.072541,-0.369449,0.926341,0.015281,-0.023579,0.029425,0.469531,-2.317792,4.668441,-1.404523,0.053429,0.065373,-0.00274,0.98208,-0.137629,0.12875,0.182767,0.862195,-0.472457,-0.045984,0.487522,0.871898,0.001546,-0.012978,0.014447,0.822036,-0.205838,-0.709129,-0.866381,0.090183,0.033033,-0.042648,0.656067,0.06468,-0.751925,0.360763,0.848239,0.387737,0.662891,-0.525649,0.533168,0.014271,-0.000733,0.016047,-4.461516,2.122972,2.971723,-0.447109
2850,0.178555,-0.009577,0.365076,-0.626797,0.057992,-0.77705,-0.523339,-0.770166,0.364598,-0.57654,0.635115,0.514059,0.028485,0.012583,0.025566,-0.085575,0.124663,0.22284,-0.188186,-0.147887,0.041135,0.358056,-0.99314,0.099611,-0.061178,-0.066329,-0.910619,-0.407807,-0.09507,-0.401048,0.911035,0.002089,-0.013725,0.036536,1.174716,-0.565297,-0.452346,-1.404378,0.053523,0.065055,-0.002137,0.983073,-0.146586,0.109904,0.182167,0.846016,-0.50107,-0.01953,0.51261,0.858398,0.007141,-0.006041,0.018279,1.073743,-0.533174,-0.390947,-0.863605,0.090761,0.033201,-0.042099,0.659352,0.022058,-0.75151,0.405691,0.831119,0.380336,0.632984,-0.555656,0.53905,0.014253,0.006895,0.013222,-0.378813,0.216323,0.419512,-0.403347
2851,0.17996,-0.009108,0.36603,-0.62395,0.084157,-0.776949,-0.541635,-0.763239,0.352235,-0.562584,0.640492,0.522777,0.041988,0.010445,0.02336,0.055158,0.109548,0.202754,-0.180975,-0.147735,0.040388,0.359729,-0.990691,0.107023,-0.084067,-0.059609,-0.896116,-0.439723,-0.121135,-0.430724,0.894241,0.003076,-0.021732,0.046604,0.840247,-0.677825,0.090549,-1.404291,0.053599,0.064682,-0.001289,0.983947,-0.15611,0.086467,0.17806,0.826509,-0.534019,0.0119,0.540843,0.841038,0.002158,-0.016931,0.027088,0.991235,-1.391191,1.175153,-0.862625,0.091458,0.033445,-0.041615,0.659867,-0.004249,-0.751369,0.425213,0.826566,0.368756,0.61949,-0.562822,0.547231,0.02099,0.005413,0.011801,0.039109,0.105647,0.20593,-0.381302
2852,0.180759,-0.008988,0.366561,-0.62274,0.096661,-0.776464,-0.548791,-0.761293,0.345301,-0.556971,0.641026,0.528106,0.042231,0.000119,0.032456,0.127503,0.319573,0.276814,-0.171475,-0.147656,0.039782,0.360796,-0.989652,0.105635,-0.097062,-0.0501,-0.88808,-0.456877,-0.133203,-0.44739,0.884287,0.004265,-0.032107,0.055264,1.1266,-0.669866,-0.291931,-1.404537,0.053637,0.064397,-0.000778,0.984781,-0.156909,0.074729,0.171973,0.817671,-0.549398,0.025102,0.553888,0.832212,0.00213,-0.01637,0.02743,0.967886,-0.488433,-0.44076,-0.863605,0.091858,0.033508,-0.041353,0.659836,-0.015849,-0.751242,0.432799,0.825295,0.362728,0.614248,-0.564478,0.551419,0.020952,0.00536,0.011721,0.265283,0.35274,0.562038,-0.376077
2853,0.182186,-0.009048,0.367794,-0.623233,0.11935,-0.772904,-0.557703,-0.760655,0.332178,-0.547499,0.637924,0.541594,0.028732,-0.013003,0.03991,0.224717,0.606274,0.350198,-0.140283,-0.147251,0.038575,0.362691,-0.988929,0.109,-0.100648,-0.045576,-0.868366,-0.493758,-0.139961,-0.483811,0.863829,0.015873,-0.026767,0.042666,0.902978,-0.450132,-0.33672,-1.404234,0.053829,0.063802,0.000187,0.984424,-0.160702,0.071291,0.171788,0.79309,-0.584376,0.03737,0.587521,0.808344,0.008545,-0.019033,0.025383,0.752293,-0.173333,-0.169969,-0.866218,0.092577,0.033486,-0.040737,0.662715,-0.037359,-0.747938,0.442116,0.82564,0.3505,0.604434,-0.562958,0.563681,0.021019,-0.001524,0.014971,0.284898,0.643627,0.432833,-0.358932
2854,0.183112,-0.009454,0.369127,-0.627112,0.1395,-0.766365,-0.560995,-0.76344,0.320023,-0.539657,0.630441,0.55798,0.028628,-0.016983,0.036927,0.049413,0.271346,0.190345,-0.079047,-0.146421,0.037783,0.364118,-0.989776,0.10569,-0.095734,-0.041213,-0.854237,-0.518184,-0.135287,-0.509043,0.849962,0.025577,-0.002916,0.026243,1.511531,1.93836,1.179031,-1.404556,0.054247,0.063379,0.000918,0.984993,-0.157106,0.071451,0.167845,0.775543,-0.608572,0.040197,0.611433,0.790274,0.01279,-0.001736,0.012942,0.090274,-0.016198,-0.184738,-0.868504,0.09304,0.033287,-0.040068,0.669752,-0.05885,-0.740249,0.445401,0.829471,0.33704,0.59418,-0.55544,0.581751,0.007451,-0.009206,0.018157,0.034354,0.294607,0.138382,-0.320558
2855,0.18345,-0.00978,0.369719,-0.629281,0.149375,-0.762717,-0.562482,-0.76475,0.314234,-0.535572,0.626568,0.566217,0.014865,-0.022687,0.033202,0.040109,0.299085,0.102661,-0.05978,-0.145858,0.037901,0.364604,-0.989732,0.103383,-0.098658,-0.03722,-0.852585,-0.521197,-0.136739,-0.512273,0.847786,0.023724,0.014246,0.021603,0.114935,-0.035311,-0.110303,-1.404344,0.054539,0.063426,0.001165,0.98535,-0.154999,0.07113,0.165797,0.772942,-0.612431,0.039947,0.615252,0.787316,0.011821,0.007367,0.010933,0.05671,-0.013017,-0.090169,-0.868667,0.09322,0.033124,-0.039753,0.673012,-0.068464,-0.736454,0.447038,0.830907,0.331283,0.589245,-0.552181,0.589817,0.007408,-0.011656,0.016356,-0.007507,0.231657,0.077517,-0.299984
2856,0.183985,-0.01057,0.370631,-0.628863,0.160197,-0.760863,-0.565912,-0.76535,0.306522,-0.532447,0.623139,0.572909,0.014409,-0.019678,0.018645,-0.050879,-0.054528,0.181247,-0.054585,-0.144826,0.039096,0.36542,-0.990127,0.099545,-0.098644,-0.034069,-0.853283,-0.52027,-0.134703,-0.511867,0.848357,0.021316,0.035551,0.019264,-0.003279,0.025927,-0.038518,-1.404235,0.055047,0.064007,0.001564,0.985936,-0.151259,0.071048,0.162853,0.774226,-0.611598,0.037502,0.614568,0.787971,0.01122,0.013048,0.014243,-0.056523,0.136166,-0.229545,-0.865075,0.093482,0.032736,-0.039304,0.673891,-0.079105,-0.734582,0.450722,0.831825,0.323907,0.585421,-0.549371,0.596214,0.000343,-0.010204,0.009282,-0.098967,-0.012629,-0.051249,-0.282512
2857,0.18417,-0.011317,0.371147,-0.627256,0.163402,-0.761509,-0.568105,-0.764823,0.303766,-0.532009,0.622949,0.573522,0.000307,-0.013927,0.006564,-0.036534,0.022376,-0.045853,-0.065128,-0.144022,0.040403,0.365955,-0.988797,0.109786,-0.101083,-0.041842,-0.853692,-0.519031,-0.142019,-0.509095,0.848832,0.022091,0.025599,0.013207,-0.016282,0.024441,-0.074422,-1.403998,0.055454,0.064698,0.001853,0.984387,-0.161624,0.069699,0.170301,0.774543,-0.609163,0.04447,0.611523,0.789975,0.011072,0.0125,0.006414,-0.012825,0.029072,-0.073069,-0.875688,0.09358,0.032357,-0.039045,0.672378,-0.082058,-0.735645,0.453221,0.8314,0.321503,0.585234,-0.549581,0.596205,0.000145,-0.006698,0.00347,-0.03888,0.004744,-0.026394,-0.283818
2858,0.183947,-0.011563,0.371189,-0.624779,0.164348,-0.763338,-0.569449,-0.764777,0.301357,-0.533485,0.622756,0.57236,-0.013735,-0.002426,-0.001307,-0.000984,0.014715,-0.029553,-0.077188,-0.143311,0.041209,0.366289,-0.988547,0.112054,-0.101046,-0.043881,-0.85381,-0.518668,-0.143136,-0.508404,0.849058,0.024263,0.004831,0.015725,-0.043544,0.062833,-0.107764,-1.404254,0.0558,0.065105,0.002017,0.983984,-0.163911,0.07005,0.17235,0.774571,-0.608551,0.04549,0.610878,0.790415,0.011491,0.00773,0.003579,-0.006789,0.055575,-0.089216,-0.878628,0.093473,0.032221,-0.039028,0.670128,-0.083183,-0.737568,0.454576,0.831535,0.319231,0.58676,-0.549207,0.595048,-0.006875,-0.001505,-0.000868,0.000396,0.014161,-0.031197,-0.288553
2859,0.183791,-0.011561,0.371133,-0.62452,0.1645,-0.763518,-0.569572,-0.764813,0.301033,-0.533657,0.622671,0.572291,-0.013718,-0.001257,-0.000447,-0.000984,0.014715,-0.029553,-0.074642,-0.142774,0.041299,0.366533,-0.988909,0.109784,-0.099992,-0.042016,-0.852267,-0.521353,-0.141198,-0.511476,0.847536,0.024755,-0.000282,0.012724,-0.000334,0.056874,-0.147915,-1.403834,0.056059,0.065154,0.002136,0.984315,-0.161594,0.070776,0.170802,0.772556,-0.611541,0.044143,0.614038,0.78804,0.018421,0.000679,0.006358,0.010196,-0.070762,0.080343,-0.879771,0.093395,0.03222,-0.039058,0.669904,-0.083339,-0.737755,0.454673,0.831604,0.318915,0.586942,-0.54908,0.594986,-0.007042,0.004289,-0.00501,0.036055,0.004334,-0.010725,-0.292146
2860,0.183409,-0.011458,0.371084,-0.623468,0.162352,-0.764836,-0.569672,-0.764332,0.302063,-0.534779,0.623827,0.569981,-0.013684,0.000634,0.000942,0.003595,-0.073768,0.148545,-0.057356,-0.141591,0.041073,0.367175,-0.988597,0.113058,-0.099424,-0.043953,-0.847891,-0.528283,-0.14277,-0.518001,0.8433,0.037884,-0.006833,0.022718,0.091428,-0.037521,-0.131693,-1.403829,0.056657,0.065024,0.002447,0.983747,-0.164573,0.071811,0.173441,0.767432,-0.617224,0.046468,0.619647,0.783503,0.019028,-0.0043,0.010824,0.150137,-0.146329,-0.004964,-0.878954,0.093198,0.03227,-0.039083,0.668601,-0.081165,-0.739177,0.454743,0.831124,0.320063,0.58837,-0.550131,0.5926,-0.00684,0.000387,0.000529,0.014964,-0.059377,0.153181,-0.286104
2861,0.183089,-0.011362,0.371065,-0.622529,0.162892,-0.765486,-0.570251,-0.764301,0.301046,-0.535256,0.623724,0.569646,1.2e-05,0.000642,0.000472,-0.0,-0.0,-0.0,-0.070254,-0.140137,0.040929,0.368119,-0.988573,0.11416,-0.098395,-0.045214,-0.846998,-0.529607,-0.142543,-0.51922,0.842589,0.039061,-0.016307,0.031949,0.017676,-0.092507,0.01239,-1.403456,0.057383,0.064958,0.002918,0.983525,-0.165406,0.072927,0.174718,0.766298,-0.618272,0.046382,0.620828,0.782573,0.018822,-0.00251,0.01186,0.069932,-0.018274,-0.153899,-0.878791,0.093038,0.032319,-0.039091,0.667826,-0.081913,-0.739796,0.455308,0.831232,0.318977,0.588814,-0.549856,0.592414,-0.006836,0.000441,0.000566,0.00574,-0.071004,0.149484,-0.286431
2862,0.183038,-0.011341,0.37107,-0.621798,0.163305,-0.765992,-0.570772,-0.764192,0.300337,-0.535551,0.623749,0.569341,1.1e-05,0.000592,0.000436,0.005955,-0.085836,0.179318,-0.072091,-0.139514,0.040601,0.368614,-0.987931,0.113019,-0.105881,-0.038717,-0.841781,-0.538367,-0.148718,-0.527881,0.836115,0.027773,-0.024991,0.027861,0.642891,-0.356863,-0.258437,-1.403199,0.057698,0.064809,0.003173,0.984037,-0.165125,0.06635,0.169937,0.761264,-0.625777,0.052822,0.627064,0.777174,0.013191,-0.007041,0.009704,0.147508,-0.133728,-0.025516,-0.879444,0.093013,0.032331,-0.039088,0.667275,-0.082334,-0.740245,0.455768,0.831206,0.318389,0.589082,-0.549834,0.592169,6e-06,0.000359,0.00027,0.000468,-0.000134,-0.000326,-0.288554
2863,0.183018,-0.011387,0.371112,-0.620686,0.163932,-0.76676,-0.571668,-0.763901,0.29937,-0.535886,0.62394,0.568816,0.013694,6.8e-05,-0.000422,0.000984,-0.014715,0.029553,-0.069686,-0.138792,0.03976,0.369306,-0.986981,0.112478,-0.114931,-0.03153,-0.835749,-0.548146,-0.156452,-0.537496,0.828543,0.002807,-0.022344,0.016554,0.159202,-0.093694,-0.119234,-1.403131,0.058063,0.064391,0.003515,0.984544,-0.165905,0.056098,0.163217,0.753083,-0.637358,0.063494,0.636663,0.768523,0.007502,-0.010873,0.007968,0.248688,-0.149985,-0.119564,-0.876995,0.092998,0.032308,-0.039067,0.666202,-0.083153,-0.74112,0.45679,0.831033,0.317373,0.589505,-0.549971,0.591619,2e-06,-1.8e-05,-8e-06,0.000325,-7.7e-05,-0.000252,-0.289697
2864,0.183061,-0.011426,0.371157,-0.622479,0.163386,-0.765421,-0.571167,-0.763451,0.301468,-0.534338,0.624635,0.56951,4e-06,0.000237,0.000174,-0.0,0.0,-0.0,-0.064693,-0.138424,0.038962,0.369952,-0.985317,0.117286,-0.124046,-0.028608,-0.82939,-0.557879,-0.16706,-0.546254,0.820708,0.002738,-0.021659,0.016983,0.370613,-0.193441,-0.191278,-1.403372,0.058253,0.063978,0.00384,0.983973,-0.171776,0.047841,0.161641,0.745986,-0.646047,0.075287,0.643426,0.761796,0.008121,-0.015589,0.012641,0.492751,-0.270487,-0.23998,-0.876178,0.093024,0.032288,-0.039044,0.667869,-0.08237,-0.739705,0.45626,0.830521,0.319467,0.588027,-0.550861,0.592262,5e-06,0.000144,0.000106,0.001849,-0.002527,0.003212,-0.287084
2865,0.183155,-0.011463,0.371177,-0.622378,0.16344,-0.765492,-0.571296,-0.763368,0.301433,-0.534318,0.624722,0.569433,0.013676,-0.000952,-0.001174,0.000984,-0.014715,0.029553,-0.062723,-0.138551,0.038067,0.370771,-0.983078,0.120619,-0.137837,-0.020363,-0.819468,-0.572705,-0.180782,-0.560327,0.808217,-0.008396,-0.030928,0.027372,0.282339,-0.149092,-0.223326,-1.403315,0.058191,0.063518,0.004253,0.983664,-0.176832,0.033665,0.154559,0.733823,-0.661524,0.092274,0.655921,0.749167,-0.004221,-0.015373,0.013738,0.216609,-0.121823,-0.196203,-0.873892,0.093066,0.032272,-0.039032,0.667769,-0.082431,-0.739789,0.456389,0.830467,0.319424,0.58804,-0.550934,0.592181,-1e-05,-0.0007,-0.000517,0.000184,-9.2e-05,-2.1e-05,-0.284635
2866,0.183175,-0.011477,0.371166,-0.622262,0.163504,-0.765573,-0.571381,-0.763348,0.301324,-0.534363,0.624729,0.569383,-1.4e-05,-0.000789,-0.000581,-0.0,-0.0,-0.0,-0.059316,-0.138638,0.037656,0.371198,-0.982039,0.120192,-0.145412,-0.013666,-0.8137,-0.581068,-0.186911,-0.568764,0.800897,0.002217,-0.017128,0.019665,0.700115,-0.364885,-0.277333,-1.403456,0.058151,0.063329,0.004447,0.983769,-0.1773,0.027573,0.150062,0.728725,-0.668161,0.098372,0.661455,0.743504,0.001115,-0.008745,0.009728,0.239071,-0.24061,0.061516,-0.871443,0.093081,0.032264,-0.039039,0.667648,-0.082521,-0.739888,0.456492,0.830458,0.3193,0.588098,-0.550933,0.592124,-1e-05,-0.000513,-0.000379,0.00011,-5.7e-05,-8e-05,-0.283981
2867,0.183122,-0.011491,0.371133,-0.623351,0.159743,-0.76548,-0.566726,-0.766772,0.301418,-0.538031,0.621506,0.569457,-0.013704,-0.000486,0.000115,-0.000982,0.014714,-0.029555,-0.041738,-0.138797,0.03671,0.371947,-0.980255,0.119348,-0.15763,-0.002613,-0.80464,-0.593702,-0.196445,-0.581685,0.789249,0.001618,-0.013148,0.007196,0.624824,-0.294494,-0.270137,-1.403398,0.058067,0.062854,0.004844,0.983915,-0.178018,0.014803,0.140197,0.718197,-0.681569,0.1107,0.672682,0.731602,-0.004673,-0.012163,0.008234,0.604967,-0.29951,-0.29368,-0.862625,0.09306,0.032255,-0.039057,0.668228,-0.078644,-0.739787,0.451429,0.833268,0.31918,0.591339,-0.547246,0.592316,-3e-06,-0.00024,-0.000178,-0.000224,0.0,-8.4e-05,-0.276143
2868,0.183092,-0.011477,0.371144,-0.624199,0.156101,-0.765541,-0.562241,-0.7701,0.301334,-0.541734,0.618314,0.569419,1.6e-05,0.000874,0.000643,0.0,-0.0,-0.0,-0.03532,-0.139178,0.036185,0.372267,-0.97764,0.124896,-0.169155,0.005731,-0.787987,-0.615611,-0.208935,-0.60294,0.769853,-0.012275,-0.000613,0.000581,2.273013,1.299519,1.338387,-1.403337,0.057883,0.062576,0.005,0.982767,-0.18484,0.001403,0.13279,0.700704,-0.700985,0.128587,0.689092,0.713173,-0.005493,-0.005504,0.00469,0.964578,-0.460365,-0.387277,-0.860012,0.09304,0.032261,-0.039052,0.668623,-0.074898,-0.739819,0.446532,0.835999,0.318925,0.594601,-0.543594,0.592413,1e-05,0.000508,0.000371,-0.000261,7.7e-05,0.000103,-0.266183
2869,0.183113,-0.011491,0.371145,-0.623969,0.156233,-0.765701,-0.562425,-0.770046,0.30113,-0.541809,0.618348,0.569312,-5e-06,-0.000266,-0.000196,0.0,-0.0,-0.0,-0.037435,-0.139469,0.036147,0.372367,-0.974815,0.136055,-0.176682,0.004014,-0.781126,-0.624308,-0.221709,-0.609432,0.761118,-0.012637,0.002712,0.002505,0.146689,-1.231447,1.082623,-1.403804,0.057737,0.062552,0.005047,0.980735,-0.1953,-0.003923,0.13455,0.689953,-0.711239,0.141612,0.69701,0.702939,-0.012706,0.001168,0.001644,-0.506069,-3.66628,4.016049,-0.857237,0.09305,0.032256,-0.03905,0.668419,-0.075061,-0.739987,0.446733,0.835967,0.31873,0.594681,-0.543622,0.592308,-3e-06,-0.000175,-0.000129,-0.000178,6.6e-05,0.000135,-0.26504
2870,0.183153,-0.011482,0.371113,-0.62389,0.156276,-0.765757,-0.562439,-0.770082,0.301011,-0.541885,0.618292,0.5693,-1.4e-05,-0.000755,-0.000556,-0.0,-0.0,-0.0,-0.045541,-0.14007,0.036558,0.372548,-0.97053,0.147596,-0.190471,0.006153,-0.774689,-0.632261,-0.239638,-0.614953,0.751179,-0.002876,0.02509,-0.000327,0.182096,-1.302523,1.160196,-1.403648,0.05744,0.062732,0.005133,0.978809,-0.204141,-0.016025,0.130931,0.684106,-0.717534,0.157441,0.700231,0.696338,-0.006876,0.006614,0.004288,0.539877,-0.269151,-0.15094,-0.859686,0.09307,0.032262,-0.039065,0.668347,-0.075119,-0.740046,0.446754,0.836001,0.318611,0.594745,-0.543561,0.592299,-9e-06,-0.000588,-0.000432,-0.000103,6e-05,0.000101,-0.267326
2871,0.183122,-0.011482,0.371114,-0.62475,0.152613,-0.765795,-0.55791,-0.77339,0.300958,-0.545557,0.615076,0.569277,-0.0,-0.0,-0.0,0.0,-0.0,-0.0,-0.045188,-0.140408,0.037515,0.372694,-0.966768,0.153352,-0.204533,0.010899,-0.774325,-0.632642,-0.254159,-0.614008,0.747168,-0.015504,0.028385,0.002432,0.056986,-0.029037,0.034551,-1.403284,0.057269,0.063223,0.005209,0.975568,-0.217637,-0.029987,0.130176,0.682604,-0.7191,0.176972,0.697628,0.694258,-0.001032,0.00967,0.005548,-0.028045,-0.00993,0.067225,-0.862298,0.093055,0.03226,-0.039066,0.668733,-0.071365,-0.740069,0.441832,0.838705,0.318367,0.59798,-0.539888,0.592401,-0.0,9e-06,9e-06,-0.000251,0.0001,0.000122,-0.269775
2872,0.183153,-0.011467,0.371111,-0.624666,0.15266,-0.765854,-0.557957,-0.773393,0.300864,-0.545605,0.61506,0.569248,0.013347,0.010351,-0.009667,0.036733,-0.024584,0.049452,-0.052941,-0.140496,0.038166,0.37309,-0.962761,0.159824,-0.218034,0.017363,-0.768003,-0.640158,-0.268535,-0.620274,0.736893,-0.001533,0.014321,0.008149,0.628038,-0.311709,-0.186879,-1.403584,0.057218,0.063574,0.005416,0.973346,-0.225451,-0.042035,0.125393,0.676645,-0.725553,0.192019,0.700944,0.68688,-0.00076,0.007074,0.004026,0.806808,-0.383821,-0.252249,-0.864585,0.09307,0.032267,-0.039067,0.668658,-0.07143,-0.740131,0.441891,0.838709,0.318275,0.59802,-0.539874,0.592373,0.006671,0.005172,-0.004834,0.036582,-0.024509,0.049512,-0.273531
2873,0.183142,-0.011467,0.371111,-0.624685,0.15265,-0.765841,-0.557944,-0.773396,0.300881,-0.545598,0.615059,0.569256,0.0,0.0,0.0,0.0,0.0,0.0,-0.055759,-0.140433,0.038361,0.373326,-0.961985,0.160681,-0.22081,0.019772,-0.765174,-0.643469,-0.271125,-0.623543,0.733177,-0.000283,0.004272,0.017115,0.281637,-0.169798,-0.075839,-1.403571,0.05725,0.063666,0.005526,0.972907,-0.226707,-0.045325,0.1228,0.672841,-0.729523,0.195884,0.704193,0.682451,0.005297,0.007694,0.00391,0.407691,-0.127494,-0.261937,-0.862952,0.093065,0.032267,-0.039067,0.668674,-0.071419,-0.740117,0.441879,0.838709,0.318292,0.598011,-0.539876,0.592381,0.0,-2e-06,-0.0,-9.8e-05,5.5e-05,9.4e-05,-0.275654
