frame,MLTx,MLTy,MLTz,MLTR1,MLTR2,MLTR3,MLTR4,MLTR5,MLTR6,MLTR7,MLTR8,MLTR9,MLTTVx,MLTTVy,MLTTVz,MLTRVx,MLTRVy,MLTRVz,MLGA,MRTx,MRTy,MRTz,MRTR1,MRTR2,MRTR3,MRTR4,MRTR5,MRTR6,MRTR7,MRTR8,MRTR9,MRTTVx,MRTTVy,MRTTVz,MRTRVx,MRTRVy,MRTRVz,MRGA,SLTx,SLTy,SLTz,SLTR1,SLTR2,SLTR3,SLTR4,SLTR5,SLTR6,SLTR7,SLTR8,SLTR9,SLTTVx,SLTTVy,SLTTVz,SLTRVx,SLTRVy,SLTRVz,SLGA,SRTx,SRTy,SRTz,SRTR1,SRTR2,SRTR3,SRTR4,SRTR5,SRTR6,SRTR7,SRTR8,SRTR9,SRTTVx,SRTTVy,SRTTVz,SRTRVx,SRTRVy,SRTRVz,SRGA
702,0.149139,0.14458,0.320054,-0.415581,0.894018,-0.167542,-0.742173,-0.226749,0.630664,0.526349,0.385324,0.757964,-0.022291,-0.032409,0.007185,-0.072931,-0.053312,0.031972,-1.905597,-0.104046,-0.007185,0.397487,0.428825,0.650552,0.626804,-0.795308,0.600927,-0.079405,-0.428836,-0.465271,0.774265,-1.4e-05,6.8e-05,4.5e-05,0.0,0.0,0.0,0.073518,0.027679,0.040283,-0.00997,-0.494702,-0.606049,0.622875,0.744672,-0.665101,-0.055699,0.448032,0.436283,0.780335,-6e-06,2.7e-05,1.8e-05,-8e-06,-8e-06,-9e-06,-0.080137,0.12059,0.102807,-0.102354,-0.437477,0.887747,-0.143241,-0.709646,-0.243002,0.661326,0.552282,0.390966,0.736294,-0.011131,-0.016102,0.003657,-0.071134,0.091983,-0.105318,-0.883748
703,0.148129,0.142967,0.320432,-0.413471,0.893832,-0.173642,-0.743724,-0.221447,0.63072,0.525816,0.388814,0.75655,-0.033449,-0.0468,0.011828,0.064821,0.301999,0.037519,-1.905301,-0.10404,-0.007161,0.397477,0.432739,0.647966,0.626792,-0.791679,0.605701,-0.079401,-0.431618,-0.462675,0.774275,-0.0,0.0,0.0,0.0,-0.0,0.0,0.07346,0.027682,0.040294,-0.009974,-0.498394,-0.603147,0.622749,0.740654,-0.66957,-0.055739,0.450593,0.433462,0.780433,1e-06,-1.1e-05,-9e-06,-0.000199,0.000157,-1.5e-05,-0.080137,0.120077,0.101989,-0.102162,-0.43648,0.887195,-0.149562,-0.710771,-0.238102,0.661899,0.551623,0.39521,0.73452,-0.016743,-0.023536,0.005856,0.135494,0.325583,0.047348,-0.8893
704,0.14679,0.140885,0.32094,-0.41166,0.893464,-0.179733,-0.744731,-0.216057,0.631401,0.525811,0.392663,0.754564,-0.043957,-0.047625,0.0118,-0.054191,0.054312,0.019631,-1.905563,-0.104037,-0.007116,0.397457,0.432856,0.647904,0.626776,-0.791576,0.605835,-0.079405,-0.43169,-0.462586,0.774288,-6.8e-05,0.00034,0.000223,0.0,-0.0,0.0,0.072594,0.027684,0.040316,-0.009985,-0.498502,-0.603077,0.62273,0.740543,-0.669692,-0.055743,0.450654,0.433371,0.780448,-3.6e-05,0.000175,0.000115,-6e-05,1.4e-05,-6.6e-05,-0.080953,0.119424,0.100965,-0.101913,-0.43417,0.887267,-0.155731,-0.712463,-0.232423,0.662099,0.551263,0.398417,0.733056,-0.017467,-0.031102,0.007885,-0.084973,0.220045,-0.096991,-0.894851
705,0.145942,0.139702,0.321252,-0.409919,0.893888,-0.18159,-0.745479,-0.213541,0.631374,0.526108,0.393071,0.754143,-0.045236,-0.061959,0.016252,-0.100207,0.222128,-0.168953,-1.906058,-0.104044,-0.00708,0.397457,0.432943,0.64786,0.626762,-0.791511,0.605922,-0.07939,-0.431723,-0.462534,0.7743,-0.000236,0.001187,0.000779,0.0,0.0,0.0,0.071843,0.027681,0.040333,-0.009986,-0.498583,-0.603027,0.622713,0.740472,-0.669771,-0.055728,0.450682,0.433317,0.780462,-0.000913,0.00556,-0.004423,0.035492,-0.002383,0.022361,-0.081443,0.118983,0.100357,-0.101752,-0.432331,0.887831,-0.157619,-0.713337,-0.229822,0.662066,0.551579,0.398667,0.732682,-0.022631,-0.031057,0.008108,-0.129101,0.224675,-0.175466,-0.890443
706,0.144104,0.137132,0.321974,-0.411195,0.891299,-0.191182,-0.747305,-0.209445,0.630587,0.522507,0.401056,0.752441,-0.055915,-0.061508,0.016987,-0.111987,-0.12186,0.07209,-1.905925,-0.104056,-0.006962,0.397472,0.433248,0.647712,0.626703,-0.791306,0.606201,-0.079299,-0.431791,-0.462375,0.774358,-0.000404,0.002027,0.00133,0.0,0.0,0.0,0.071741,0.027675,0.040391,-0.009979,-0.498873,-0.602857,0.622646,0.740246,-0.670029,-0.055639,0.450734,0.433155,0.780522,-0.000302,0.001516,0.000995,-1.8e-05,1.2e-05,-4.4e-05,-0.08177,0.118085,0.099094,-0.101398,-0.433739,0.885413,-0.167071,-0.715357,-0.225647,0.661322,0.547844,0.406357,0.731259,-0.023321,-0.037343,0.010903,-0.11548,-0.49382,0.397657,-0.881135
707,0.142152,0.134143,0.322802,-0.411997,0.887854,-0.204983,-0.750196,-0.20276,0.629338,0.517708,0.411958,0.749864,-0.047716,-0.077218,0.020683,-0.104265,0.062125,-0.014509,-1.905652,-0.104071,-0.006771,0.397499,0.433753,0.64747,0.626604,-0.790972,0.606658,-0.079142,-0.431897,-0.462114,0.774454,-0.000685,0.003438,0.002253,0.0,0.0,0.0,0.071842,0.027667,0.040486,-0.009965,-0.499353,-0.602575,0.622533,0.739873,-0.670454,-0.055486,0.450815,0.432889,0.780623,-0.000406,0.00204,0.001335,0.001282,-0.010776,0.026671,-0.081933,0.117106,0.097606,-0.100985,-0.435248,0.881918,-0.181044,-0.718401,-0.219009,0.660252,0.542638,0.417437,0.728896,-0.029344,-0.044398,0.013513,-0.092293,-0.406197,0.398948,-0.885381
708,0.139724,0.130768,0.323833,-0.423811,0.87932,-0.217313,-0.749831,-0.205956,0.628735,0.508626,0.428319,0.746906,-0.069732,-0.086839,0.02873,0.101667,-1.887371,1.430858,-1.906018,-0.10412,-0.00651,0.397525,0.434253,0.647213,0.626523,-0.79059,0.607165,-0.079061,-0.432094,-0.461806,0.774527,-0.001005,0.005047,0.003302,0.001301,-0.010795,0.026687,0.072672,0.027643,0.040615,-0.009954,-0.499808,-0.602291,0.622444,0.73946,-0.670914,-0.055422,0.450987,0.432572,0.780699,-0.000436,0.002189,0.001434,7e-06,1e-05,-2.5e-05,-0.081606,0.115923,0.095952,-0.100485,-0.446982,0.874012,-0.190548,-0.717501,-0.223078,0.659869,0.534227,0.431668,0.726817,-0.034943,-0.043936,0.01412,0.157817,-0.770687,-1.522503,-0.894035
709,0.138486,0.129128,0.324357,-0.432085,0.873399,-0.22477,-0.749568,-0.209148,0.627994,0.502014,0.438741,0.745329,-0.060215,-0.089157,0.027378,0.257047,-1.414456,-0.94059,-1.906336,-0.104159,-0.006346,0.3975,0.434618,0.647017,0.626473,-0.790284,0.607566,-0.079044,-0.432289,-0.461553,0.77457,-0.0024,0.014003,-0.006963,0.035536,-0.002414,0.022414,0.073677,0.027624,0.040696,-0.009961,-0.500159,-0.602066,0.622379,0.739132,-0.671279,-0.055386,0.451136,0.432319,0.780753,-0.000519,0.002608,0.001706,0.001303,-0.010812,0.026669,-0.08128,0.115256,0.095069,-0.100201,-0.455316,0.867609,-0.199851,-0.71783,-0.224943,0.658877,0.526693,0.443457,0.725217,-0.030129,-0.044666,0.013667,0.236593,-1.476343,-0.918332,-0.896484
710,0.135951,0.12553,0.32542,-0.444999,0.862298,-0.24179,-0.749305,-0.210582,0.627828,0.491009,0.459484,0.740142,-0.062923,-0.10559,0.031306,-0.184008,-0.024193,-0.228756,-1.906479,-0.104263,-0.005925,0.397368,0.435513,0.64651,0.626374,-0.789446,0.608644,-0.079131,-0.432921,-0.46084,0.774641,-0.015499,0.011936,-0.007085,0.034803,0.001944,0.019834,0.074667,0.027577,0.040905,-0.010028,-0.501009,-0.60149,0.622252,0.738209,-0.672285,-0.055482,0.451704,0.431556,0.780847,-0.001199,0.007011,-0.003475,0.036853,-0.013254,0.04908,-0.079647,0.114012,0.093313,-0.099679,-0.469099,0.856157,-0.216654,-0.717516,-0.226448,0.658704,0.514893,0.464451,0.720533,-0.036196,-0.046395,0.013058,-0.010632,-0.715717,-0.099704,-0.899097
711,0.133199,0.121553,0.326453,-0.456949,0.849738,-0.263037,-0.750645,-0.209654,0.626538,0.477812,0.482686,0.733987,-0.075579,-0.109767,0.029683,0.677653,-2.604027,0.499741,-1.906511,-0.104412,-0.005461,0.397085,0.436375,0.645963,0.626339,-0.788437,0.6099,-0.079515,-0.433893,-0.459944,0.77463,-0.001999,0.011998,-0.008271,0.035547,-0.002468,0.022391,0.074966,0.027496,0.041142,-0.010166,-0.501818,-0.600875,0.622195,0.73711,-0.673457,-0.055879,0.452598,0.430586,0.780864,-0.001033,0.006185,-0.004011,0.035553,-0.002479,0.022401,-0.078831,0.112642,0.091328,-0.099161,-0.48194,0.844107,-0.234979,-0.717352,-0.226122,0.658994,0.503127,0.486159,0.7145,-0.037391,-0.048973,0.011812,1.652177,-2.943624,-4.086079,-0.891912
712,0.131716,0.119505,0.326982,-0.464138,0.842209,-0.274419,-0.751892,-0.210766,0.624667,0.468836,0.495217,0.731424,-0.075294,-0.097651,0.023833,0.161106,-1.774928,1.614563,-1.906282,-0.104442,-0.00522,0.396939,0.436904,0.645652,0.626291,-0.787881,0.6106,-0.079662,-0.434373,-0.459452,0.774654,-0.002137,0.012692,-0.007817,0.035549,-0.002481,0.022385,0.074433,0.027481,0.041265,-0.010243,-0.502331,-0.600512,0.622132,0.736482,-0.674131,-0.056043,0.453054,0.430037,0.780903,-0.001068,0.006363,-0.003896,0.035572,-0.002472,0.022382,-0.078994,0.111872,0.09026,-0.098887,-0.489905,0.835866,-0.247628,-0.719767,-0.227559,0.655858,0.49186,0.499544,0.713112,-0.037677,-0.049048,0.011827,0.140963,-1.759779,1.597248,-0.890443
713,0.12875,0.115179,0.327975,-0.477476,0.826083,-0.299415,-0.755509,-0.211942,0.619886,0.449209,0.521163,0.725691,-0.068792,-0.119177,0.02463,-0.183411,0.13605,-0.129966,-1.906301,-0.10453,-0.0047,0.396627,0.451153,0.638427,0.623589,-0.779981,0.621605,-0.071913,-0.43408,-0.454749,0.777587,-0.002298,0.013499,-0.00729,0.035422,-0.014284,0.050104,0.073791,0.027438,0.041518,-0.010398,-0.515912,-0.592162,0.619014,0.727548,-0.684354,-0.0483,0.452227,0.425444,0.783892,-0.001042,0.006238,-0.003975,0.037397,-0.001039,0.020665,-0.079484,0.110416,0.088149,-0.098395,-0.503702,0.819559,-0.273141,-0.724173,-0.22819,0.650771,0.471018,0.525596,0.708442,-0.039741,-0.059225,0.012693,-0.15093,-0.330756,0.275986,-0.879992
714,0.125633,0.110425,0.328951,-0.486458,0.808013,-0.332443,-0.76421,-0.208988,0.610147,0.424131,0.549862,0.719577,-0.081617,-0.120383,0.024404,0.20322,0.596295,-0.023573,-1.906663,-0.104637,-0.004115,0.396262,0.456343,0.634629,0.62369,-0.778495,0.624187,-0.065339,-0.431316,-0.456523,0.778085,-0.00374,0.022696,-0.01737,0.070169,-0.001674,0.046183,0.077258,0.027385,0.041809,-0.010576,-0.52072,-0.587832,0.619114,0.725713,-0.686734,-0.041658,0.449655,0.427607,0.784194,-0.001173,0.006897,-0.003547,0.045869,-0.015152,0.013849,-0.076055,0.108861,0.085767,-0.097911,-0.515576,0.800245,-0.306246,-0.731799,-0.225336,0.643189,0.445701,0.555725,0.701797,-0.040896,-0.060734,0.011943,-0.145516,-0.345722,0.208933,-0.870521
715,0.122354,0.105657,0.329989,-0.518578,0.774737,-0.361806,-0.765378,-0.231887,0.600331,0.381842,0.587273,0.713676,-0.084393,-0.131836,0.031293,0.790194,-2.466986,0.296806,-1.906344,-0.104768,-0.003399,0.395825,0.458872,0.631195,0.625317,-0.775976,0.627478,-0.063763,-0.433173,-0.456768,0.776909,-0.003838,0.02319,-0.017039,0.003583,0.194086,0.346112,0.077215,0.027319,0.042167,-0.010794,-0.522978,-0.585119,0.619782,0.723104,-0.689532,-0.040806,0.451236,0.426827,0.783712,-0.001204,0.007066,-0.003435,-0.098896,0.442542,0.232639,-0.073279,0.107222,0.083383,-0.097396,-0.54622,0.769184,-0.33166,-0.733653,-0.24824,0.632557,0.404222,0.588839,0.699908,-0.041522,-0.059349,0.012812,1.982758,-3.013795,-4.001971,-0.871011
716,0.120744,0.10321,0.330533,-0.527058,0.764003,-0.372231,-0.766939,-0.238833,0.595596,0.366788,0.598442,0.712293,-0.085264,-0.13176,0.03147,2.446515,-4.7149,-2.182315,-1.906301,-0.104842,-0.003008,0.395562,0.46005,0.63051,0.625141,-0.774854,0.628855,-0.063846,-0.433934,-0.455816,0.777043,-0.002435,0.014192,-0.006833,0.035795,-0.009631,0.050642,0.07627,0.027282,0.042364,-0.010931,-0.524059,-0.583413,0.620475,0.721657,-0.691076,-0.04028,0.452296,0.426662,0.783189,-0.00189,0.011487,-0.008584,0.077054,-0.021128,0.039639,-0.073768,0.106417,0.082159,-0.097125,-0.552858,0.759908,-0.341887,-0.735299,-0.251873,0.629202,0.392023,0.599249,0.69801,-0.042108,-0.06027,0.012339,0.138253,0.750012,-0.208165,-0.87444
717,0.117312,0.098248,0.331662,-0.543043,0.74174,-0.393665,-0.770126,-0.252977,0.585561,0.335418,0.620234,0.709107,-0.085574,-0.118407,0.025988,-0.043875,0.234021,-0.071012,-1.907607,-0.104971,-0.002163,0.394943,0.465897,0.628309,0.623024,-0.772875,0.631759,-0.058977,-0.431219,-0.454835,0.779126,-0.00375,0.022745,-0.017305,0.07104,-0.005412,0.044712,0.074923,0.027217,0.042785,-0.011235,-0.52974,-0.580877,0.618027,0.719356,-0.693736,-0.035441,0.449335,0.425807,0.785357,0.004569,0.012795,-0.008335,0.079456,-0.029152,0.09649,-0.075401,0.1047,0.079669,-0.096561,-0.57219,0.734461,-0.364916,-0.739492,-0.269656,0.616794,0.35461,0.622777,0.697423,-0.049018,-0.064828,0.016631,0.010014,-0.079018,0.186718,-0.872481
718,0.1134,0.093473,0.333011,-0.559315,0.710046,-0.42784,-0.778521,-0.272537,0.565332,0.285501,0.648398,0.705759,-0.098553,-0.122875,0.03751,0.294375,-1.584678,1.622828,-1.908287,-0.105116,-0.001342,0.394311,0.471123,0.624353,0.623071,-0.770832,0.634774,-0.053047,-0.429199,-0.456078,0.779515,-0.003649,0.022234,-0.01762,0.069596,9.9e-05,0.046988,0.075577,0.027145,0.043196,-0.011551,-0.534573,-0.576363,0.61809,0.716934,-0.696519,-0.029437,0.447478,0.427393,0.785555,-0.001848,0.011289,-0.008696,0.093133,-0.10732,0.245835,-0.075891,0.102749,0.077279,-0.095893,-0.590274,0.703321,-0.396123,-0.747119,-0.290244,0.597971,0.305593,0.648919,0.696789,-0.049245,-0.061398,0.018844,0.02632,0.498554,-0.231358,-0.867092
719,0.111466,0.091107,0.333691,-0.563639,0.699699,-0.439065,-0.780093,-0.275997,0.561473,0.272378,0.658109,0.701947,-0.100177,-0.125234,0.036177,-0.095415,-0.132514,0.059682,-1.908447,-0.105236,-0.000912,0.393969,0.474068,0.623218,0.621974,-0.769748,0.636282,-0.050668,-0.427901,-0.455528,0.78055,-0.003796,0.022983,-0.017127,0.072563,-0.016632,0.071086,0.07555,0.027084,0.043417,-0.011729,-0.537444,-0.575105,0.616772,0.715636,-0.697942,-0.027199,0.446114,0.426767,0.786671,-0.001879,0.011449,-0.008588,0.076925,-0.018194,0.067382,-0.075728,0.101821,0.076147,-0.095559,-0.594367,0.693244,-0.407602,-0.749341,-0.293438,0.593617,0.291915,0.65826,0.693886,-0.050006,-0.062469,0.018245,-0.117132,-0.146212,0.08526,-0.866276
720,0.107462,0.086377,0.33509,-0.568553,0.676342,-0.468352,-0.78654,-0.279967,0.550405,0.241842,0.680471,0.691736,-0.113442,-0.122397,0.038236,0.186286,-1.779299,1.607148,-1.907796,-0.105459,-3.5e-05,0.393285,0.480409,0.620726,0.619595,-0.767296,0.639613,-0.045666,-0.425228,-0.454258,0.782748,-0.00374,0.022712,-0.017284,0.07123,-0.005636,0.044481,0.074958,0.026973,0.043848,-0.012064,-0.543485,-0.572171,0.614201,0.712854,-0.70096,-0.022214,0.443241,0.425763,0.788836,-0.008371,0.010426,-0.008638,0.074156,0.000483,0.038857,-0.076708,0.099787,0.073738,-0.09485,-0.600594,0.670012,-0.436312,-0.755741,-0.297553,0.583367,0.261037,0.680106,0.685064,-0.05661,-0.060878,0.019394,-0.077259,-0.236976,0.216696,-0.862683
721,0.103182,0.081597,0.336627,-0.581836,0.638941,-0.503256,-0.790724,-0.299437,0.533915,0.191165,0.707793,0.680083,-0.103764,-0.122549,0.038204,2.558964,-3.121481,-3.535967,-1.90869,-0.105585,0.000674,0.392738,0.482563,0.619433,0.619215,-0.765132,0.64218,-0.045943,-0.42669,-0.452392,0.783032,-0.014816,0.00916,-0.008853,0.03358,0.01234,-0.007026,0.07461,0.026914,0.04421,-0.01234,-0.545519,-0.570701,0.613765,0.710461,-0.703374,-0.02256,0.444582,0.42375,0.789165,-0.001747,0.010781,-0.009003,0.071283,-0.005678,0.044338,-0.078341,0.097643,0.071347,-0.094082,-0.610249,0.635449,-0.473075,-0.763271,-0.311688,0.565922,0.212163,0.706438,0.675227,-0.05176,-0.060917,0.019406,-0.183735,-0.553976,0.501506,-0.859254
722,0.099384,0.076455,0.338108,-0.583032,0.621935,-0.522795,-0.794539,-0.301928,0.526801,0.170511,0.72175,0.670842,-0.096737,-0.140262,0.041489,0.598476,-1.072477,-0.708117,-1.908341,-0.105821,0.001191,0.392378,0.484981,0.618501,0.618257,-0.764202,0.643421,-0.044024,-0.425615,-0.451903,0.7839,-0.00232,0.013642,-0.007158,0.037049,-0.014284,0.048638,0.074178,0.026793,0.044462,-0.012523,-0.547812,-0.569599,0.612746,0.709415,-0.704487,-0.020643,0.443431,0.423384,0.790009,-0.007511,0.005166,-0.004045,0.036352,0.014039,-0.009202,-0.079157,0.095743,0.068788,-0.093339,-0.614917,0.616086,-0.492253,-0.765824,-0.317624,0.559131,0.188122,0.720799,0.667126,-0.047677,-0.064442,0.017078,2.632667,-3.006319,-3.464845,-0.856152
723,0.097392,0.073874,0.338877,-0.583133,0.613084,-0.533038,-0.797789,-0.308195,0.51819,0.154135,0.726664,0.6695,-0.107344,-0.12404,0.037355,0.21857,-0.325548,0.164424,-1.908339,-0.106021,0.001366,0.392292,0.486828,0.61797,0.617335,-0.764067,0.643738,-0.041674,-0.423744,-0.452177,0.784755,-0.015226,0.011343,-0.007445,0.033594,0.012274,-0.007057,0.074599,0.026698,0.044552,-0.012566,-0.549629,-0.568906,0.611762,0.709178,-0.704791,-0.018268,0.441558,0.423808,0.79083,-0.000453,0.002319,0.001496,0.00434,-0.009545,0.024162,-0.079157,0.094749,0.067486,-0.092956,-0.616361,0.606235,-0.50257,-0.768731,-0.324848,0.550932,0.170735,0.725914,0.666255,-0.048558,-0.069129,0.021492,0.885719,-0.874131,-0.578012,-0.850926
724,0.093206,0.068914,0.340516,-0.58865,0.583197,-0.559837,-0.80179,-0.332638,0.496443,0.104028,0.740378,0.664112,-0.108375,-0.120299,0.039843,-0.109793,-0.201439,0.467463,-1.908034,-0.106534,0.001674,0.392185,0.490421,0.614934,0.617523,-0.763553,0.64472,-0.035436,-0.420514,-0.454909,0.784913,-0.013764,0.002119,0.002548,-0.032635,0.117868,0.016755,0.07464,0.026441,0.04471,-0.012623,-0.552918,-0.565563,0.611898,0.708474,-0.705634,-0.012016,0.438572,0.42687,0.790844,-0.00774,0.006383,-0.00326,0.001164,0.12512,0.072867,-0.07883,0.092656,0.065002,-0.09214,-0.622569,0.576543,-0.529154,-0.773363,-0.349892,0.528662,0.119649,0.738358,0.663709,-0.048978,-0.067102,0.022902,-0.090941,-0.527896,0.715923,-0.848477
725,0.089559,0.063648,0.342387,-0.59492,0.554305,-0.582118,-0.801111,-0.349475,0.485861,0.066615,0.7547,0.652699,-0.087742,-0.143129,0.055125,-0.192953,-0.217956,0.678925,-1.90859,-0.107033,0.001955,0.392143,0.490775,0.614638,0.617537,-0.763084,0.645266,-0.035605,-0.420954,-0.454534,0.784895,-0.013621,0.00147,0.002124,-0.002051,0.015227,-0.029235,0.07595,0.026185,0.044854,-0.012641,-0.553264,-0.565248,0.611877,0.707922,-0.706183,-0.012259,0.439027,0.426379,0.790857,-0.006806,0.000711,0.001054,-0.001346,0.013371,-0.029993,-0.078667,0.09079,0.062319,-0.091192,-0.629525,0.547143,-0.551661,-0.772649,-0.365988,0.518714,0.08191,0.752786,0.653149,-0.043835,-0.071448,0.027711,-0.161965,-0.19663,0.6931,-0.852232
726,0.087857,0.061015,0.343481,-0.595325,0.541744,-0.59342,-0.802182,-0.358138,0.477717,0.04701,0.759754,0.64853,-0.086603,-0.137292,0.059318,3.319319,-2.655707,-2.760094,-1.908194,-0.107285,0.002031,0.392118,0.490517,0.614704,0.617675,-0.763121,0.645206,-0.035896,-0.421187,-0.454529,0.784772,-0.013306,-0.000126,0.001099,-0.002045,0.015206,-0.029245,0.076756,0.026059,0.044894,-0.012652,-0.553017,-0.565345,0.61201,0.707972,-0.706128,-0.012558,0.439257,0.426341,0.790749,-0.006633,-0.000165,0.000492,-0.002015,0.014952,-0.029422,-0.077851,0.08997,0.061049,-0.090671,-0.628031,0.537187,-0.563033,-0.775314,-0.369808,0.511985,0.066817,0.75807,0.64874,-0.04238,-0.062368,0.026326,0.099804,-0.005974,0.860872,-0.845538
727,0.084229,0.056057,0.346078,-0.590114,0.53128,-0.607908,-0.807264,-0.37729,0.453816,0.012474,0.757885,0.65229,-0.083649,-0.124072,0.06897,1.36219,-0.369653,-0.195149,-1.908488,-0.107879,0.002023,0.39194,0.488854,0.615357,0.618343,-0.763777,0.644354,-0.037224,-0.42193,-0.454856,0.784184,-0.012204,-0.005848,-0.002569,-0.003483,0.026645,-0.055655,0.078892,0.025776,0.044896,-0.012732,-0.551494,-0.566097,0.612689,0.708699,-0.705374,-0.01382,0.439999,0.42659,0.790202,-0.006112,-0.002868,-0.001239,-0.002114,0.015199,-0.029299,-0.075728,0.088189,0.058604,-0.089407,-0.623899,0.526241,-0.577771,-0.780839,-0.389251,0.488644,0.032246,0.756011,0.653763,-0.047714,-0.060208,0.035731,0.068505,0.147759,0.684845,-0.834761
728,0.080959,0.051648,0.348952,-0.58581,0.517641,-0.623634,-0.810146,-0.395956,0.432267,-0.022449,0.757817,0.652102,-0.080357,-0.111147,0.07859,-0.088249,-0.049001,0.671246,-1.908311,-0.108717,0.001845,0.391594,0.482737,0.613114,0.625338,-0.763857,0.643995,-0.041554,-0.428776,-0.458382,0.778395,-0.025952,-0.00199,-0.014833,-0.047214,0.516128,0.096355,0.062484,0.025342,0.044804,-0.012911,-0.545454,-0.565581,0.618544,0.709137,-0.70481,-0.019118,0.446769,0.428205,0.785517,-0.012935,-0.001204,-0.007542,-0.130125,0.730699,0.170659,-0.081117,0.086516,0.056347,-0.087949,-0.62175,0.511252,-0.593336,-0.78318,-0.413066,0.464764,-0.007476,0.753656,0.657226,-0.0401,-0.055282,0.039554,-0.037299,0.052656,0.515969,-0.844558
729,0.078096,0.0477,0.352354,-0.577777,0.506485,-0.640072,-0.814464,-0.409172,0.411338,-0.05285,0.758347,0.649726,-0.07497,-0.093492,0.091616,-0.010898,-0.068102,0.491644,-1.908268,-0.109939,0.001587,0.391066,0.477214,0.610547,0.632053,-0.759608,0.648212,-0.052453,-0.442306,-0.455851,0.772288,-0.025553,-0.004314,-0.016345,0.014964,0.092566,-0.038969,0.02293,0.024732,0.044674,-0.013177,-0.539594,-0.561947,0.626939,0.704583,-0.709023,-0.0291,0.460867,0.426029,0.778523,-0.012738,-0.002329,-0.008263,0.018231,0.056576,-0.043094,-0.123246,0.085081,0.054361,-0.086256,-0.614148,0.500399,-0.610264,-0.788284,-0.426,0.443993,-0.037799,0.753739,0.656084,-0.031339,-0.048061,0.045039,0.282253,-0.317051,0.414248,-0.854682
730,0.076741,0.045922,0.354155,-0.573665,0.503981,-0.645722,-0.816313,-0.416898,0.399751,-0.067025,0.755808,0.651375,-0.073863,-0.089476,0.094765,0.157872,0.210586,0.872029,-1.908159,-0.110556,0.001444,0.39071,0.475373,0.606806,0.637023,-0.75453,0.653531,-0.05929,-0.452866,-0.453233,0.767695,-0.024994,-0.007499,-0.018411,0.014891,0.116905,-0.064018,0.009931,0.024423,0.044605,-0.013354,-0.537535,-0.558291,0.631955,0.699225,-0.713993,-0.036012,0.471317,0.422521,0.774167,-0.012456,-0.003935,-0.009304,0.017331,0.076264,-0.068212,-0.140881,0.084377,0.053443,-0.085317,-0.610542,0.496946,-0.61667,-0.790299,-0.43303,0.433487,-0.051617,0.752016,0.657119,-0.036787,-0.044204,0.04781,0.280382,0.314575,0.92727,-0.853865
731,0.074239,0.042691,0.357801,-0.571698,0.491829,-0.656743,-0.813946,-0.440823,0.378335,-0.102726,0.750235,0.653163,-0.057791,-0.07376,0.090671,0.52721,0.134617,0.477392,-1.908362,-0.111536,0.001251,0.389876,0.477746,0.5989,0.642704,-0.742173,0.666569,-0.069275,-0.470472,-0.444659,0.762101,-0.012138,-0.005145,-0.018107,0.090957,-0.009836,0.11292,-0.003008,0.023948,0.044507,-0.01376,-0.539386,-0.55024,0.637414,0.686182,-0.725971,-0.046031,0.488072,0.412554,0.769144,-0.006694,0.001685,-0.014256,0.720261,0.355043,-0.360314,-0.171253,0.08315,0.051859,-0.083524,-0.609122,0.484584,-0.627812,-0.78832,-0.456512,0.412488,-0.086718,0.746173,0.660079,-0.029705,-0.042484,0.049419,0.846255,-0.804274,-0.415275,-0.848313
732,0.072136,0.039856,0.361476,-0.570093,0.478876,-0.667621,-0.810991,-0.458158,0.363809,-0.130954,0.748243,0.650393,-0.043696,-0.071293,0.093091,3.45784,-2.145237,-3.038248,-1.908256,-0.112,0.001125,0.389109,0.481155,0.591959,0.64658,-0.732259,0.676878,-0.074607,-0.482401,-0.438314,0.758309,-0.012368,-0.004008,-0.0174,0.606872,0.322857,-0.090479,0.005845,0.023707,0.044437,-0.014154,-0.542664,-0.542965,0.640862,0.675653,-0.735454,-0.050983,0.499007,0.405333,0.765961,0.00033,-0.001081,-0.008686,1.943143,1.282549,-1.298188,-0.172233,0.082095,0.050446,-0.081684,-0.604554,0.476681,-0.638191,-0.788772,-0.470019,0.39613,-0.111135,0.74287,0.660145,-0.027994,-0.03388,0.047705,-0.274117,-0.155597,0.510175,-0.846517
733,0.071218,0.038535,0.363294,-0.569553,0.472337,-0.67272,-0.809482,-0.464452,0.359157,-0.142101,0.748526,0.647722,-0.043173,-0.069612,0.094481,-0.190387,-0.249221,0.423402,-1.908421,-0.112146,0.001073,0.388802,0.483132,0.590387,0.646543,-0.729644,0.679631,-0.075194,-0.484387,-0.436164,0.758283,0.000252,3e-05,-0.015973,0.054527,-0.151049,0.359515,0.014662,0.023629,0.044407,-0.014309,-0.543978,-0.54149,0.640995,0.672786,-0.737974,-0.052458,0.501443,0.402717,0.765749,-0.006364,-0.000961,-0.008015,0.041611,-0.070931,0.147263,-0.16815,0.081636,0.049787,-0.080774,-0.606888,0.466719,-0.643319,-0.784636,-0.480777,0.391406,-0.126616,0.742311,0.657983,-0.021549,-0.034585,0.047429,0.008011,-0.410197,0.178201,-0.843905
734,0.06971,0.036378,0.366716,-0.577153,0.45041,-0.681227,-0.798005,-0.488298,0.353163,-0.172862,0.746891,0.642105,-0.038291,-0.04235,0.081681,0.897527,-0.740744,-0.664955,-1.90825,-0.112375,0.000993,0.388377,0.484468,0.582332,0.652818,-0.720585,0.688752,-0.079452,-0.496482,-0.432655,0.752449,-0.01191,-0.008137,-0.004121,0.557577,0.404005,-0.298862,0.043573,0.02352,0.044368,-0.014528,-0.545397,-0.532831,0.647018,0.663051,-0.746488,-0.055835,0.512742,0.398554,0.760427,-0.000309,0.002465,-0.00639,1.936234,1.266581,-1.285386,-0.141861,0.08088,0.048698,-0.079059,-0.613827,0.44533,-0.65184,-0.773811,-0.502896,0.385112,-0.156306,0.740794,0.653293,-0.013753,-0.028314,0.044026,3.487272,-1.989925,-3.337804,-0.849946
735,0.068716,0.034642,0.369891,-0.585701,0.426225,-0.689444,-0.784292,-0.512748,0.34921,-0.203946,0.744726,0.635465,-0.013063,-0.047448,0.078769,3.581978,-2.096043,-3.076201,-1.908282,-0.112475,0.00088,0.388265,0.481685,0.576492,0.660022,-0.713999,0.69484,-0.085652,-0.508568,-0.430726,0.745451,0.000464,-0.002615,-0.001711,0.534145,0.498333,-0.409968,0.072346,0.023466,0.04431,-0.014583,-0.542416,-0.527218,0.654084,0.656082,-0.752124,-0.06217,0.52473,0.395411,0.753862,0.000235,-0.001334,-0.000875,1.852519,1.434997,-1.495275,-0.10561,0.080385,0.047854,-0.077496,-0.620858,0.423341,-0.659784,-0.761857,-0.524124,0.380612,-0.18468,0.738968,0.647933,-0.011922,-0.016377,0.036347,-0.191854,-0.092838,0.266736,-0.853865
736,0.068366,0.03391,0.371355,-0.590274,0.413985,-0.692992,-0.776569,-0.525553,0.347428,-0.219646,0.742718,0.632576,-0.023346,-0.03171,0.073397,0.951277,-0.662022,-0.77443,-1.908461,-0.112467,0.000836,0.388237,0.483604,0.570259,0.66402,-0.70542,0.703026,-0.089829,-0.518633,-0.425693,0.741396,0.000385,-0.002172,-0.001422,0.575114,0.455275,-0.396689,0.074697,0.023469,0.04429,-0.014597,-0.543842,-0.520686,0.658119,0.646958,-0.759629,-0.06638,0.53449,0.389676,0.749981,0.000213,-0.001222,-0.000803,1.972044,1.341101,-1.394134,-0.091077,0.080209,0.047482,-0.076762,-0.625496,0.411039,-0.663175,-0.754036,-0.536839,0.378459,-0.200457,0.736783,0.64573,-0.005661,-0.017815,0.03548,-0.197412,-0.088441,0.278267,-0.853375
737,0.06795,0.032756,0.374019,-0.602882,0.385404,-0.6986,-0.755594,-0.556971,0.344721,-0.255499,0.735203,0.627872,0.002088,-0.036449,0.070583,-0.163575,-0.128423,0.306689,-1.908456,-0.112336,0.000776,0.388186,0.482056,0.557773,0.67565,-0.693583,0.714105,-0.094498,-0.535774,-0.423772,0.730223,0.000465,-0.002618,-0.001715,0.288409,0.166603,0.412322,0.076406,0.023534,0.044262,-0.01462,-0.540886,-0.508548,0.66994,0.634384,-0.769652,-0.072059,0.552267,0.386023,0.738908,0.000218,-0.001231,-0.000807,0.293312,0.137672,0.411614,-0.083076,0.079987,0.046891,-0.075399,-0.640028,0.378786,-0.668493,-0.729678,-0.572188,0.374391,-0.24069,0.727406,0.642609,-0.004486,-0.011257,0.031955,-0.062735,-0.074743,0.053194,-0.84962
738,0.067833,0.031738,0.376657,-0.621915,0.33481,-0.707933,-0.71872,-0.602996,0.346135,-0.310224,0.723654,0.616533,0.00494,-0.021995,0.064321,3.597417,-2.16583,-3.314941,-1.908298,-0.112021,0.000753,0.388155,0.478858,0.542005,0.690591,-0.682619,0.72451,-0.09513,-0.552478,-0.426543,0.716025,0.013232,0.000776,-0.000694,-0.106418,0.379246,-0.007965,0.07883,0.023687,0.044249,-0.014636,-0.53698,-0.492869,0.68464,0.622444,-0.77927,-0.072795,0.569398,0.387061,0.725236,0.006636,0.00027,-0.000428,-0.128983,0.440166,0.022439,-0.080463,0.079928,0.046365,-0.074055,-0.657819,0.329018,-0.67751,-0.693274,-0.616062,0.373947,-0.294353,0.71569,0.633358,0.002517,-0.01087,0.032266,3.582945,-2.16993,-3.322034,-0.850763
739,0.067946,0.030638,0.379466,-0.62783,0.293135,-0.721074,-0.69275,-0.632824,0.345837,-0.35416,0.716284,0.601277,0.004645,-0.029739,0.074953,0.158278,-0.382639,0.095187,-1.908554,-0.11159,0.000751,0.388138,0.476325,0.518338,0.710234,-0.663098,0.742203,-0.096795,-0.577883,-0.425505,0.696319,0.013352,0.000129,-0.001121,-0.156826,0.603398,-0.123512,0.088562,0.023902,0.044251,-0.014643,-0.533061,-0.469259,0.704018,0.601473,-0.795388,-0.074745,0.595042,0.383604,0.706237,0.006701,-8.7e-05,-0.000667,-0.187377,0.643616,0.086781,-0.070503,0.079983,0.045827,-0.072678,-0.66429,0.285756,-0.690696,-0.665729,-0.646354,0.372867,-0.339886,0.707508,0.619603,0.002854,-0.009861,0.03287,1.152589,-0.761878,-0.631201,-0.857295
740,0.068054,0.030088,0.380934,-0.63044,0.272736,-0.726777,-0.679372,-0.646798,0.346523,-0.374791,0.711873,0.593967,0.005871,-0.019505,0.065829,1.01975,-0.742847,-0.654555,-1.908551,-0.111365,0.000728,0.388139,0.473094,0.504317,0.722383,-0.65137,0.752301,-0.098458,-0.593672,-0.424597,0.683472,0.013277,0.000565,-0.000837,-0.187407,0.76546,-0.045427,0.092362,0.02401,0.044238,-0.014643,-0.529454,-0.456338,0.715145,0.589021,-0.804418,-0.077225,0.610517,0.380349,0.694695,0.00021,-0.001186,-0.000787,-0.094144,0.950194,0.05113,-0.064134,0.080036,0.045562,-0.071966,-0.665581,0.26872,-0.696269,-0.655424,-0.656668,0.373101,-0.356958,0.704681,0.613192,0.008451,-0.016507,0.036446,-0.153119,-0.135453,0.338992,-0.856315
741,0.068297,0.029018,0.383678,-0.636321,0.22442,-0.73809,-0.643541,-0.682032,0.347362,-0.42466,0.695743,0.579338,0.004307,-0.0306,0.074344,-0.070931,-0.633319,-0.128979,-1.908514,-0.110894,0.000605,0.388161,0.464616,0.478867,0.744855,-0.633529,0.767437,-0.098057,-0.619143,-0.426935,0.658978,0.015087,-0.010874,0.007684,-0.249879,0.918025,0.24569,0.092833,0.024249,0.044182,-0.014635,-0.519356,-0.431722,0.737485,0.570096,-0.817929,-0.077338,0.6366,0.380271,0.670919,0.006833,-0.000782,-0.001125,0.008454,0.430864,-0.12436,-0.058093,0.080161,0.045023,-0.070567,-0.672463,0.218394,-0.707175,-0.615735,-0.695254,0.370797,-0.410687,0.68478,0.602006,0.002218,-0.015056,0.037324,0.668225,-1.223355,-0.865224,-0.852559
742,0.068513,0.027737,0.386604,-0.633535,0.186943,-0.75082,-0.622959,-0.698768,0.351593,-0.458139,0.690241,0.560091,0.00347,-0.03282,0.07295,0.897181,-0.918044,-0.702706,-1.908902,-0.110143,0.000371,0.388218,0.457587,0.445901,0.769271,-0.602107,0.791989,-0.100768,-0.654734,-0.417639,0.629892,0.015414,-0.012515,0.006597,-0.244511,0.913167,0.001328,0.092269,0.024625,0.044066,-0.014605,-0.509981,-0.398412,0.762355,0.536614,-0.840023,-0.080032,0.672282,0.368276,0.642189,0.014287,-0.005641,0.003084,-0.307139,1.248818,-0.033501,-0.057929,0.080271,0.044387,-0.069102,-0.669221,0.18053,-0.720798,-0.595619,-0.71031,0.375096,-0.444275,0.680343,0.582882,0.001699,-0.016495,0.036465,3.799168,-2.281902,-2.878748,-0.855008
743,0.06846,0.026237,0.389488,-0.627472,0.130964,-0.767576,-0.586478,-0.727927,0.355161,-0.511451,0.672854,0.534521,-0.010646,-0.034315,0.07209,0.857897,-1.036422,-0.752627,-1.908776,-0.109325,-2.5e-05,0.388417,0.451867,0.406872,0.793891,-0.561332,0.821328,-0.10129,-0.693797,-0.400384,0.598499,0.015324,-0.011856,0.007025,1.110937,0.788169,0.812203,0.101345,0.02504,0.043861,-0.014505,-0.500748,-0.359444,0.787432,0.494093,-0.865633,-0.080935,0.71072,0.348537,0.611063,0.007658,-0.005941,0.003492,1.115968,0.792992,0.832104,-0.053194,0.08025,0.043659,-0.067687,-0.662726,0.12782,-0.737872,-0.561428,-0.736862,0.376605,-0.495573,0.663848,0.560099,4e-05,-0.024333,0.039368,-0.465527,-0.662154,-0.012768,-0.856151
744,0.068318,0.025338,0.390998,-0.619871,0.101839,-0.778096,-0.569061,-0.741084,0.35628,-0.539587,0.663502,0.518303,-0.012824,-0.04714,0.079796,0.784308,-1.170988,-0.763916,-1.908719,-0.108884,-0.000267,0.388594,0.445354,0.387943,0.806939,-0.546008,0.831933,-0.098472,-0.710053,-0.397234,0.581286,0.015278,-0.011527,0.00724,4.281989,0.333684,2.964036,0.108669,0.025249,0.043748,-0.014422,-0.491715,-0.343222,0.800259,0.482323,-0.872526,-0.077856,0.724968,0.347701,0.594578,0.014077,-0.004351,0.00393,0.122655,1.099171,0.206732,-0.045846,0.080181,0.043216,-0.066934,-0.655538,0.099254,-0.74861,-0.543733,-0.749968,0.376699,-0.524045,0.653985,0.545601,-0.006398,-0.023421,0.039984,-0.369885,-1.373779,0.558388,-0.857948
745,0.067783,0.023612,0.394055,-0.601358,0.067813,-0.796126,-0.555557,-0.751604,0.355556,-0.573518,0.656022,0.490652,-0.024697,-0.042597,0.082796,-0.266231,-0.441301,0.226025,-1.908984,-0.107955,-0.000679,0.388977,0.42344,0.349072,0.835966,-0.513516,0.852676,-0.095802,-0.746753,-0.38916,0.539238,0.027999,-0.007545,0.008637,1.12897,1.041283,0.835305,0.124849,0.025715,0.043535,-0.014229,-0.468779,-0.304414,0.829203,0.444654,-0.89245,-0.076254,0.763235,0.332962,0.55372,0.014108,-0.003987,0.004114,4.323402,0.957489,3.069789,-0.025108,0.079915,0.042326,-0.065382,-0.637225,0.060919,-0.768265,-0.526028,-0.762929,0.375809,-0.563239,0.643604,0.518202,-0.006162,-0.022782,0.04048,0.023764,-0.567769,0.080646,-0.867419
746,0.067066,0.02183,0.397156,-0.58545,0.032667,-0.810077,-0.532388,-0.769053,0.353684,-0.610717,0.638297,0.468646,-0.025653,-0.03805,0.070215,-0.073058,-0.800896,-0.045881,-1.909299,-0.106997,-0.000964,0.389403,0.392926,0.303584,0.868008,-0.465728,0.879594,-0.09668,-0.793309,-0.366656,0.48589,0.014418,-0.006765,0.010389,4.519881,1.023806,2.506935,0.130687,0.026199,0.04339,-0.014018,-0.434745,-0.263211,0.861229,0.398567,-0.913808,-0.078085,0.807552,0.309311,0.502181,0.013657,-0.001994,0.005482,-0.25292,1.689744,-0.11539,-0.010902,0.079565,0.04146,-0.063851,-0.622598,0.02916,-0.781998,-0.503296,-0.780124,0.371616,-0.59922,0.624944,0.500379,-0.007266,-0.025746,0.038825,4.244954,-2.160934,-2.236075,-0.867418
747,0.066728,0.020868,0.398649,-0.576704,0.013927,-0.816862,-0.518185,-0.779236,0.352488,-0.630908,0.626547,0.457627,-0.014535,-0.051654,0.077571,-0.458654,-0.631322,0.218775,-1.909065,-0.106533,-0.001056,0.389638,0.370911,0.282711,0.884585,-0.450544,0.887685,-0.094656,-0.812429,-0.363798,0.455493,0.015674,-0.015035,0.021024,-0.331366,1.733046,-0.105741,0.126973,0.026421,0.043348,-0.01391,-0.414585,-0.242331,0.877151,0.377138,-0.922972,-0.076737,0.828182,0.298993,0.474043,0.013604,-0.001718,0.005664,-0.178386,1.699509,0.009403,-0.009759,0.079391,0.040981,-0.063109,-0.613714,0.009423,-0.789471,-0.487784,-0.79079,0.369751,-0.620822,0.612013,0.489916,-0.013558,-0.024353,0.039704,-0.163873,-0.915793,-0.082449,-0.865296
748,0.066003,0.019201,0.40147,-0.559517,-0.017096,-0.82867,-0.49655,-0.793601,0.351579,-0.662954,0.608209,0.43658,-0.025068,-0.036407,0.071466,-0.264441,-0.305582,0.362547,-1.908671,-0.105733,-0.001072,0.390047,0.323139,0.248067,0.913255,-0.42977,0.898224,-0.091792,-0.843453,-0.363147,0.395696,0.025164,0.00902,0.003478,-0.08568,1.731639,-0.186794,0.130345,0.026827,0.043331,-0.013693,-0.363212,-0.21048,0.90762,0.355824,-0.931645,-0.073657,0.861083,0.2962,0.413279,0.013252,9.5e-05,0.006864,0.178954,1.833563,0.018798,-0.010085,0.079024,0.040115,-0.061672,-0.59533,-0.023355,-0.803141,-0.466431,-0.80386,0.369119,-0.654234,0.594358,0.467669,-0.006494,-0.020136,0.034549,-0.204612,-0.26799,0.372681,-0.871338
749,0.06521,0.017764,0.404075,-0.540815,-0.053757,-0.839449,-0.468072,-0.809949,0.35336,-0.69824,0.584088,0.41392,-0.025315,-0.02995,0.059927,-0.278316,-0.57322,-0.008325,-1.908939,-0.104724,-0.000844,0.39034,0.275682,0.208633,0.93833,-0.412063,0.907547,-0.080602,-0.868709,-0.364699,0.334967,0.026584,-0.000159,0.013503,-0.243492,1.974107,0.125479,0.131238,0.027331,0.043451,-0.013549,-0.314602,-0.176184,0.932729,0.337205,-0.939274,-0.063685,0.887309,0.294486,0.354908,0.012398,0.005322,0.002259,-0.22327,1.632636,0.235432,-0.008452,0.07863,0.0394,-0.060362,-0.577186,-0.057959,-0.814552,-0.437639,-0.820185,0.368468,-0.68944,0.569154,0.448034,-0.006464,-0.016551,0.028996,-0.104266,-0.909979,-0.203035,-0.872317
750,0.064816,0.017156,0.405218,-0.531877,-0.069308,-0.844008,-0.455098,-0.817106,0.35383,-0.713511,0.572383,0.404112,-0.025173,-0.029549,0.060218,4.36271,-2.309626,-2.077983,-1.908912,-0.104148,-0.000648,0.390448,0.25829,0.190156,0.947163,-0.404509,0.911613,-0.072589,-0.877541,-0.364632,0.311173,0.037897,0.012484,0.004503,-0.993349,0.313134,2.239364,0.138041,0.027629,0.043549,-0.013489,-0.292369,-0.157609,0.943228,0.329159,-0.942642,-0.055483,0.897871,0.294251,0.327478,0.01888,0.006345,0.002298,-0.989365,0.28728,2.21941,-0.003717,0.078431,0.039093,-0.059792,-0.568068,-0.071299,-0.819886,-0.429457,-0.82416,0.369224,-0.702043,0.56185,0.437559,-0.006193,-0.012302,0.023785,-0.279073,-0.410876,0.156123,-0.872317
751,0.063794,0.016348,0.40739,-0.502294,-0.09566,-0.859416,-0.441864,-0.82592,0.350122,-0.742682,0.555724,0.373659,-0.024003,-0.026477,0.062114,4.293821,-2.6421,-2.00451,-1.909396,-0.102878,-0.000177,0.39057,0.222827,0.149523,0.963318,-0.39626,0.916712,-0.05051,-0.890884,-0.370663,0.262291,0.037991,0.011808,0.004041,-0.118743,1.486023,0.431246,0.157709,0.028249,0.043782,-0.013429,-0.256889,-0.121135,0.958818,0.320197,-0.946746,-0.033822,0.911855,0.298323,0.281996,0.011815,0.009097,-0.00331,-0.112891,1.024729,0.381759,0.011796,0.077918,0.038683,-0.05871,-0.539618,-0.095937,-0.836425,-0.416179,-0.833216,0.364066,-0.731851,0.54456,0.409691,-0.017447,-0.006003,0.027635,-0.381166,-0.815415,0.230316,-0.862846
752,0.062677,0.015817,0.409449,-0.46923,-0.118673,-0.875092,-0.439232,-0.828307,0.347786,-0.765539,0.547704,0.337634,-0.021606,-0.006251,0.043044,-0.505176,-1.154707,0.086636,-1.90981,-0.101372,0.000215,0.390655,0.195843,0.110707,0.974362,-0.379062,0.924888,-0.028778,-0.904574,-0.363853,0.221857,0.038504,0.009223,0.002323,-0.054138,0.983557,0.535765,0.206005,0.029001,0.043981,-0.013384,-0.225856,-0.083912,0.970539,0.301918,-0.953256,-0.012157,0.926193,0.290278,0.240633,0.019227,0.004725,0.001215,-0.062873,1.100661,0.367161,0.062253,0.077359,0.038411,-0.057672,-0.507045,-0.120481,-0.853456,-0.408594,-0.838253,0.361084,-0.758917,0.531804,0.375804,-0.017649,-0.00655,0.027325,-0.24522,-0.636023,-0.003313,-0.864643
753,0.061915,0.015594,0.411094,-0.433219,-0.14285,-0.889921,-0.436344,-0.830703,0.3457,-0.788111,0.53825,0.298656,-0.020546,-0.003623,0.044564,-0.505289,-1.208275,0.070443,-1.909738,-0.100007,0.000494,0.390765,0.177302,0.080604,0.980846,-0.377973,0.925749,-0.007635,-0.908822,-0.369486,0.193355,0.025757,0.005703,0.001245,-0.03116,0.552027,0.312033,0.245771,0.029698,0.044124,-0.013328,-0.203986,-0.05433,0.977464,0.30025,-0.953811,0.009643,0.931793,0.295451,0.210877,0.012896,0.002779,0.00055,-0.026862,0.501476,0.284994,0.117935,0.076968,0.038293,-0.056836,-0.470644,-0.144473,-0.870414,-0.406116,-0.840319,0.35907,-0.783302,0.522484,0.336819,-0.010237,-0.001657,0.022389,-0.466482,-1.132288,0.098701,-0.864316
754,0.061532,0.015598,0.41189,-0.418181,-0.150653,-0.895809,-0.438588,-0.830109,0.344285,-0.794972,0.537048,0.28218,-0.020635,-0.003908,0.044377,-0.335558,-0.84497,0.18757,-1.90953,-0.09938,0.000639,0.390799,0.172769,0.068294,0.982587,-0.371977,0.928205,0.001008,-0.912157,-0.365766,0.184519,0.025614,0.006352,0.001668,-0.013053,0.264565,0.187344,0.275901,0.030002,0.044192,-0.013314,-0.19819,-0.042211,0.979253,0.293881,-0.955666,0.018283,0.935068,0.291408,0.201808,0.019252,0.004579,0.001106,-0.001082,0.196282,0.188224,0.148143,0.076785,0.0383,-0.056453,-0.455502,-0.152907,-0.877004,-0.408397,-0.839467,0.358477,-0.79103,0.521454,0.319932,-0.009521,0.003647,0.017728,-0.315714,-1.04815,-0.036624,-0.867419
755,0.060835,0.015655,0.413371,-0.389517,-0.164586,-0.906219,-0.446901,-0.826551,0.342148,-0.804871,0.538464,0.249533,-0.007475,0.001658,0.031984,-0.310977,-0.743026,0.112192,-1.909324,-0.098054,0.000932,0.390788,0.163114,0.053484,0.985152,-0.370887,0.928576,0.011113,-0.914365,-0.367266,0.170048,0.026238,0.003507,-0.000217,-0.010108,0.185385,0.152543,0.342653,0.030664,0.044344,-0.013315,-0.18791,-0.028746,0.981765,0.292586,-0.955828,0.028014,0.937594,0.292515,0.18802,0.018812,0.007736,-0.004861,0.026559,0.175593,0.176148,0.227013,0.076433,0.038329,-0.055706,-0.427109,-0.166149,-0.888803,-0.416889,-0.836074,0.356626,-0.802359,0.522851,0.287829,-0.009992,0.002383,0.016962,-0.398293,-1.005629,0.187124,-0.869868
756,0.060283,0.015665,0.414751,-0.358393,-0.182988,-0.915487,-0.44476,-0.828713,0.3397,-0.820397,0.529141,0.216762,-0.019445,0.012907,0.023107,-0.365269,-0.983885,-0.024985,-1.908955,-0.096771,0.001305,0.390664,0.159666,0.044708,0.986154,-0.369608,0.928981,0.017843,-0.915487,-0.367401,0.163597,0.02424,0.014837,-0.008833,0.03554,0.024784,0.106132,0.395898,0.031308,0.04452,-0.013378,-0.18381,-0.020337,0.982751,0.291181,-0.956038,0.034677,0.938843,0.292533,0.181652,0.019417,0.003828,0.000597,0.005752,-0.028379,0.095376,0.306862,0.076162,0.038333,-0.055011,-0.397005,-0.182789,-0.89943,-0.414626,-0.838553,0.353431,-0.818823,0.513241,0.25712,-0.003957,0.000296,0.015672,-0.172373,-0.555034,0.400573,-0.86105
