frame,MLTx,MLTy,MLTz,MLTR1,MLTR2,MLTR3,MLTR4,MLTR5,MLTR6,MLTR7,MLTR8,MLTR9,MLTTVx,MLTTVy,MLTTVz,MLTRVx,MLTRVy,MLTRVz,MLGA,MRTx,MRTy,MRTz,MRTR1,MRTR2,MRTR3,MRTR4,MRTR5,MRTR6,MRTR7,MRTR8,MRTR9,MRTTVx,MRTTVy,MRTTVz,MRTRVx,MRTRVy,MRTRVz,MRGA,SLTx,SLTy,SLTz,SLTR1,SLTR2,SLTR3,SLTR4,SLTR5,SLTR6,SLTR7,SLTR8,SLTR9,SLTTVx,SLTTVy,SLTTVz,SLTRVx,SLTRVy,SLTRVz,SLGA,SRTx,SRTy,SRTz,SRTR1,SRTR2,SRTR3,SRTR4,SRTR5,SRTR6,SRTR7,SRTR8,SRTR9,SRTTVx,SRTTVy,SRTTVz,SRTRVx,SRTRVy,SRTRVz,SRGA
542,0.154221,-0.048648,0.331494,-0.383554,-0.051776,-0.92209,0.114141,-0.993416,0.008245,-0.915972,-0.102029,0.388088,0.000371,0.013964,-0.005184,0.055278,0.148128,0.097286,-1.145051,-0.164085,-0.046392,0.317963,-0.185475,0.707176,0.68227,-0.675896,-0.595698,0.43387,0.713474,-0.381544,0.587574,0.0,-0.000439,-0.000512,0.012327,-0.092071,0.175845,-1.402136,0.046083,0.020332,-0.010905,0.173753,-0.710129,0.682294,0.680326,0.587483,0.438199,-0.712015,0.388044,0.585197,0.0,-0.000218,-0.000253,0.012345,-0.092086,0.175842,-0.956681,0.075348,0.018212,-0.052277,0.387143,0.061749,-0.919949,-0.12323,0.992268,0.014744,0.913746,0.107658,0.391759,0.000241,0.002167,0.002389,0.019934,0.159191,0.110941,-0.703311
543,0.154261,-0.048154,0.33156,-0.399387,-0.037936,-0.916022,0.095719,-0.995394,-0.000568,-0.911288,-0.087868,0.40232,0.000951,0.019106,0.000463,-0.386958,0.239025,0.374418,-1.883524,-0.164097,-0.046416,0.317937,-0.185504,0.707098,0.682343,-0.675872,-0.59577,0.433807,0.713488,-0.381576,0.587535,0.0,-0.000601,-0.000702,0.0,0.0,0.0,-1.401518,0.046077,0.020322,-0.010918,0.173784,-0.710051,0.682367,0.680304,0.587557,0.438136,-0.712029,0.388076,0.585159,1e-06,-0.000442,-0.000518,5e-06,-9e-06,3e-05,-0.956681,0.075366,0.018452,-0.052253,0.403212,0.04815,-0.913838,-0.10528,0.994424,0.005944,0.90903,0.093812,0.406033,0.000494,0.009797,0.000494,-1.465664,0.246723,0.885244,-0.976986
544,0.154307,-0.047518,0.331842,-0.417404,-0.011955,-0.908667,0.052885,-0.998524,-0.011215,-0.906676,-0.052728,0.418553,0.001388,0.012331,0.013506,-0.409911,0.304507,0.424907,-1.918727,-0.164108,-0.046475,0.317884,-0.185568,0.706933,0.682497,-0.675804,-0.595933,0.433689,0.713536,-0.381628,0.587443,1e-06,-0.001728,-0.002018,0.0,0.0,0.0,-1.355274,0.046072,0.020294,-0.010941,0.173848,-0.709887,0.682522,0.680239,0.58772,0.438018,-0.712075,0.388129,0.585067,1e-06,-0.001223,-0.001429,-0.001788,0.01335,-0.025467,-0.949659,0.07539,0.018773,-0.052116,0.421323,0.022252,-0.906636,-0.062343,0.998044,-0.004477,0.904764,0.058409,0.421886,0.000678,0.00608,0.006658,-1.475176,0.358274,0.917733,-0.970945
545,0.154403,-0.047245,0.332063,-0.422017,-0.00114,-0.906612,0.034359,-0.999286,-0.014795,-0.905426,-0.0374,0.422885,0.016649,0.011031,0.011981,-0.437168,0.065646,0.315173,-1.919473,-0.164131,-0.046511,0.317845,-0.185536,0.707017,0.682419,-0.675829,-0.595856,0.433757,0.713521,-0.381594,0.587484,0.0,-0.001386,-0.00162,0.0,0.0,0.0,-1.209682,0.04606,0.020274,-0.010964,0.173816,-0.70997,0.682443,0.680263,0.587642,0.438085,-0.71206,0.388095,0.585108,0.0,-0.000845,-0.000989,4e-06,2.6e-05,-1.2e-05,-0.913245,0.075432,0.018914,-0.052,0.426593,0.01115,-0.904374,-0.043661,0.999012,-0.008279,0.903388,0.043018,0.426659,0.000702,0.006316,0.006896,-1.520352,-0.025696,0.775132,-0.987927
546,0.154701,-0.046858,0.332515,-0.426119,0.012793,-0.904602,0.009541,-0.999766,-0.018692,-0.904103,-0.016619,0.427024,0.001103,0.009925,0.010795,-0.045214,0.077832,-0.131636,-1.919906,-0.164119,-0.046528,0.317824,-0.218709,0.699639,0.680194,-0.646893,-0.625738,0.435793,0.730786,-0.345564,0.588558,-0.0,0.000239,0.000279,-1.230073,-0.788095,-1.064357,-0.656633,0.046066,0.020263,-0.010977,0.205766,-0.703398,0.68036,0.652779,0.616616,0.440072,-0.729067,0.353573,0.586042,8e-05,0.000319,0.000123,-4.108837,-2.62213,-3.546256,-0.729543,0.075588,0.019113,-0.051769,0.430109,-0.00288,-0.902771,-0.018252,0.999762,-0.011885,0.902591,0.021589,0.429954,0.008235,-0.000519,0.009616,-0.171681,-0.054243,0.11478,-1.031362
547,0.155102,-0.046496,0.332767,-0.42532,0.023653,-0.904759,-0.014231,-0.999694,-0.019504,-0.904418,0.004543,0.426654,0.015996,0.016421,-0.002676,-4.962657,-0.147316,2.432114,-1.920254,-0.164187,-0.046541,0.317847,-0.301452,0.681691,0.666645,-0.568833,-0.689604,0.448117,0.765566,-0.244967,0.59478,-0.0,7e-06,9e-06,-4.037945,-2.614041,-3.767331,-0.221151,0.046032,0.020258,-0.010964,0.28581,-0.688022,0.667036,0.57847,0.678814,0.452308,-0.763992,0.256587,0.592012,-0.007721,-0.000398,0.000365,-1.144574,-0.744807,-1.068254,-0.593359,0.075777,0.019292,-0.051637,0.429385,-0.010916,-0.903054,-0.000458,0.999924,-0.012305,0.90312,0.005697,0.429348,0.000306,0.008155,-0.001351,0.03288,0.063439,-0.134905,-1.015523
548,0.155296,-0.046316,0.332778,-0.42501,0.02647,-0.904827,-0.019983,-0.999588,-0.019914,-0.904456,0.009577,0.426491,0.015863,0.00453,0.004814,-0.010307,-0.027798,0.061079,-1.920217,-0.164338,-0.046572,0.317827,-0.339089,0.67265,0.657687,-0.531498,-0.713727,0.456111,0.776626,-0.19573,0.598669,-0.015435,-0.002531,-0.001364,-1.184404,-0.908048,-0.892656,-0.073894,0.045963,0.020247,-0.01097,0.326834,-0.677909,0.658496,0.538155,0.706263,0.45998,-0.776896,0.204036,0.595651,-0.007623,-0.000706,-0.000238,-3.969687,-3.051444,-2.938212,-0.540126,0.07588,0.019388,-0.051632,0.428958,-0.016306,-0.903176,0.011193,0.999856,-0.012735,0.903254,-0.004646,0.429078,0.000221,0.007386,-0.002193,-0.002146,-0.025177,0.062611,-1.015523
549,0.155698,-0.045818,0.332549,-0.428148,0.027085,-0.903328,-0.03667,-0.999233,-0.012639,-0.902449,0.027673,0.429938,0.000294,0.013553,-0.005704,0.030606,0.063836,-0.1333,-1.920089,-0.164941,-0.046681,0.317747,-0.437684,0.635567,0.635987,-0.427318,-0.769295,0.474889,0.791622,-0.064706,0.607463,-0.015444,-0.00334,-0.002323,-3.903001,-3.012438,-3.51405,0.118633,0.045662,0.020192,-0.011012,0.423129,-0.644076,0.637281,0.438008,0.761105,0.4784,-0.793164,0.076709,0.604156,-0.007737,-0.001944,-0.001442,-1.311787,-1.357683,-0.444954,-0.454072,0.076086,0.019637,-0.051746,0.4321,-0.016904,-0.901666,0.02785,0.999597,-0.005393,0.901394,-0.022781,0.432397,0.000138,0.006631,-0.003009,0.034802,0.061544,-0.129783,-1.01438
550,0.156082,-0.045177,0.332094,-0.433854,0.020883,-0.900766,-0.045972,-0.998928,-0.001075,-0.899287,0.04091,0.435472,0.000102,0.022703,-0.016171,0.068725,-0.02103,0.032267,-1.920022,-0.165926,-0.04691,0.317565,-0.531639,0.597281,0.600505,-0.329562,-0.798914,0.503048,0.780868,0.068792,0.620786,-0.030933,-0.008348,-0.006646,-1.127579,-1.210519,-0.671786,0.205899,0.045175,0.020084,-0.011096,0.520699,-0.604864,0.602504,0.336854,0.794024,0.506016,-0.784474,-0.060526,0.617199,-0.015345,-0.00432,-0.003575,-3.835561,-3.641526,-2.986233,-0.201135,0.076278,0.019948,-0.051968,0.43778,-0.010594,-0.899018,0.037107,0.999291,0.006294,0.898315,-0.036116,0.437863,0.007723,0.005844,-0.003913,0.028093,0.055373,-0.115064,-1.022708
551,0.156462,-0.044512,0.331574,-0.437696,0.018312,-0.898962,-0.054594,-0.998475,0.006183,-0.896937,0.051754,0.439149,-8e-06,0.021757,-0.01719,0.061845,0.065373,-0.138139,-1.919953,-0.167137,-0.047264,0.317193,-0.606553,0.559676,0.564664,-0.255685,-0.809721,0.528119,0.753545,0.175256,0.633496,-0.031023,-0.011744,-0.01071,-0.897537,-2.373862,2.30758,0.271004,0.044569,0.019908,-0.01128,0.596162,-0.565761,0.569652,0.260922,0.80754,0.528959,-0.759282,-0.166711,0.629044,-0.015527,-0.006311,-0.00582,-1.000925,-1.167804,-0.749083,0.080541,0.076468,0.020281,-0.052228,0.441487,-0.00819,-0.897229,0.045735,0.998863,0.013386,0.8961,-0.046944,0.44136,0.007661,0.005347,-0.004456,0.020837,0.062222,-0.12221,-1.025157
552,0.156671,-0.044163,0.331323,-0.440754,0.01765,-0.897479,-0.064888,-0.997804,0.012185,-0.894749,0.063577,0.44205,0.000131,0.012195,-0.007173,-2.526405,1.253307,-1.467641,-1.920218,-0.167781,-0.047498,0.316901,-0.641384,0.531513,0.553274,-0.215532,-0.816824,0.535049,0.737106,0.223258,0.637726,-0.031095,-0.014168,-0.013621,-0.899384,-1.236442,-0.467387,0.288627,0.044247,0.019792,-0.011424,0.631533,-0.540193,0.556199,0.222572,0.813466,0.537339,-0.742716,-0.215552,0.633963,-0.015472,-0.007904,-0.007714,-3.11803,-3.245231,-3.197534,0.146837,0.076566,0.020449,-0.052353,0.443317,-0.007168,-0.896335,0.050129,0.9986,0.016807,0.894961,-0.052383,0.443056,0.007734,0.006077,-0.003672,0.039841,-0.040658,0.075526,-1.025484
553,0.15705,-0.043412,0.330941,-0.447093,0.016575,-0.894359,-0.085477,-0.996032,0.024212,-0.889857,0.087244,0.44785,0.000525,0.016044,-0.003026,-0.06954,0.177686,-0.330399,-1.91939,-0.169191,-0.048162,0.316096,-0.688101,0.489856,0.535304,-0.161426,-0.822474,0.545356,0.708271,0.288233,0.644312,-0.031329,-0.020972,-0.021858,-0.2376,-0.491278,0.096702,0.316033,0.043542,0.019466,-0.011819,0.679491,-0.498343,0.538465,0.167522,0.819915,0.547425,-0.714302,-0.281766,0.640609,-0.015672,-0.011241,-0.011793,-0.86793,-1.116522,-0.687263,0.214766,0.076761,0.020827,-0.052558,0.45078,-0.006535,-0.89261,0.076576,0.996569,0.031376,0.889343,-0.082496,0.449734,0.007855,0.012818,-0.006563,-0.29614,0.450976,-0.80839,-1.025484
554,0.157482,-0.042543,0.330608,-0.455551,0.007768,-0.890201,-0.093759,-0.994807,0.03924,-0.884711,0.101324,0.455023,0.01575,0.026705,-0.011999,-0.254466,0.416475,-0.747711,-1.918335,-0.170658,-0.049018,0.315024,-0.725694,0.444509,0.525139,-0.110591,-0.828592,0.548761,0.679955,0.339598,0.649768,-0.047151,-0.025907,-0.026548,-0.583935,-1.292174,-1.059662,0.317621,0.042814,0.019037,-0.012356,0.716117,-0.455593,0.528782,0.117675,0.825551,0.551921,-0.687988,-0.333016,0.644803,-0.016211,-0.007841,-0.018465,-2.359901,-3.515544,-3.812456,0.23681,0.076972,0.02126,-0.052718,0.458837,0.001834,-0.888518,0.084813,0.995341,0.045852,0.884463,-0.096396,0.456543,0.007946,0.007995,-0.001621,-1.034488,1.30881,-2.310058,-1.025484
555,0.157722,-0.04212,0.330468,-0.458101,0.008779,-0.888883,-0.103568,-0.993657,0.043502,-0.882296,0.11197,0.457212,0.000571,0.016685,-0.002356,-1.449652,0.241115,0.422848,-1.918564,-0.171339,-0.049445,0.31443,-0.75356,0.404575,0.518129,-0.070351,-0.833165,0.548472,0.654519,0.376346,0.655615,-0.032561,-0.014599,-0.036217,-0.648001,-1.28062,-1.280049,0.317521,0.042456,0.01881,-0.012668,0.745726,-0.414586,0.521546,0.07698,0.831179,0.550649,-0.661789,-0.370485,0.651747,-0.01628,-0.007451,-0.018255,-0.583514,-1.330503,-1.31824,0.23877,0.077098,0.021483,-0.052791,0.461829,0.001786,-0.886966,0.093997,0.994267,0.050945,0.881973,-0.1069,0.459014,0.000295,0.008438,-0.001087,-1.462215,0.237316,0.43437,-1.017646
556,0.158217,-0.041234,0.330258,-0.470892,0.00946,-0.882166,-0.1233,-0.990822,0.05513,-0.872967,0.134713,0.468837,0.015916,0.017894,-0.001229,-0.405531,0.09123,0.136297,-1.91836,-0.172517,-0.050158,0.313124,-0.812984,0.312413,0.491371,0.014021,-0.832993,0.553046,0.583098,0.456112,0.672177,-0.032725,-0.014369,-0.036282,-2.789284,-3.881122,-3.260698,0.324843,0.041879,0.018455,-0.013311,0.804829,-0.326514,0.495619,-0.003007,0.832816,0.553542,-0.593498,-0.446997,0.669293,-0.01635,-0.007372,-0.018387,-0.730417,-2.277962,1.582227,0.246444,0.077339,0.021918,-0.052896,0.474837,0.000925,-0.880072,0.113797,0.991539,0.06244,0.872685,-0.129799,0.470715,0.000346,0.014583,-0.004637,-1.415228,0.122043,0.670494,-1.025321
557,0.158583,-0.040397,0.330057,-0.491743,0.022604,-0.870473,-0.144189,-0.987965,0.055739,-0.85813,0.152887,0.49017,0.000585,0.017094,-0.001957,0.106863,0.575494,0.128357,-1.918051,-0.173452,-0.050584,0.311588,-0.86523,0.210064,0.455238,0.087375,-0.830765,0.549664,0.494739,0.515094,0.69984,-0.018035,-0.002457,-0.045326,-0.349271,-1.758972,-1.080205,0.338842,0.041398,0.018235,-0.014094,0.860365,-0.220924,0.459306,-0.080534,0.830924,0.550525,-0.503274,-0.510642,0.697107,-0.009001,-0.001196,-0.022619,-0.346026,-1.780044,-1.093178,0.260324,0.077529,0.022347,-0.052994,0.495505,-0.012045,-0.86852,0.134933,0.988832,0.063267,0.858059,-0.148541,0.491597,0.000294,0.008484,-0.001047,0.119706,0.614957,0.149146,-1.020585
558,0.158818,-0.039661,0.32984,-0.523329,0.057265,-0.850231,-0.178293,-0.983002,0.043472,-0.832643,0.174263,0.525704,0.000393,0.015221,-0.003966,0.219511,1.408175,0.302813,-1.916994,-0.173906,-0.050744,0.310029,-0.904318,0.1129,0.411647,0.140728,-0.831422,0.537464,0.404062,0.543823,0.735428,-0.00231,0.001517,-0.042146,-1.240808,-4.206715,-3.944164,0.371291,0.041172,0.018151,-0.014862,0.899331,-0.130661,0.41729,-0.129606,0.831777,0.539767,-0.417619,-0.539513,0.731108,-0.000686,-0.004232,-0.016295,0.703683,-0.972036,0.263993,0.290206,0.077646,0.022711,-0.053099,0.525523,-0.045284,-0.849572,0.168856,0.984268,0.051986,0.833854,-0.170775,0.524902,0.000239,0.007944,-0.001627,0.153111,1.023326,0.140691,-1.020422
559,0.158893,-0.039333,0.329719,-0.54348,0.076554,-0.835951,-0.19476,-0.980146,0.036798,-0.815865,0.182707,0.548642,0.000243,0.024926,-0.013808,0.256907,1.542325,0.419366,-1.917076,-0.173968,-0.050748,0.309281,-0.919606,0.05874,0.388413,0.170904,-0.830247,0.530486,0.35479,0.554143,0.752936,-0.001448,-0.008022,-0.032083,-1.593913,-4.161834,-4.279178,0.395394,0.041139,0.01815,-0.015251,0.916777,-0.071198,0.393001,-0.162888,0.83178,0.530668,-0.364673,-0.550519,0.750959,-0.000886,-0.003902,-0.015734,-1.608642,-4.171321,-4.281102,0.318782,0.077684,0.02288,-0.053161,0.546867,-0.065044,-0.834688,0.185337,0.981647,0.044932,0.816447,-0.179271,0.548886,0.000129,0.012399,-0.006973,0.234051,1.480382,0.394083,-1.023851
560,0.158933,-0.038745,0.329392,-0.591409,0.126604,-0.796399,-0.241317,-0.970111,0.024918,-0.768711,0.206758,0.605279,-6.6e-05,0.021772,-0.01716,0.254787,1.977338,0.262611,-1.9167,-0.173988,-0.050721,0.3078,-0.939895,-0.057639,0.33655,0.232142,-0.830403,0.506434,0.25146,0.554192,0.793412,-0.002217,0.00476,-0.038378,0.814785,-1.44977,0.003402,0.433485,0.041131,0.01816,-0.015962,0.938177,0.044503,0.343281,-0.225126,0.831762,0.507434,-0.262947,-0.553345,0.790359,-0.000848,-0.003205,-0.01505,-1.226477,-3.882119,-4.031333,0.371525,0.077704,0.023165,-0.053312,0.59322,-0.114069,-0.796917,0.231909,0.972161,0.033478,0.770913,-0.204673,0.603159,5e-06,0.00555,-0.004173,-1.066764,1.924814,0.898761,-1.025484
561,0.158909,-0.038066,0.328859,-0.633346,0.165729,-0.755944,-0.26854,-0.963155,0.013761,-0.725028,0.211505,0.655459,3.7e-05,0.011601,-0.007818,0.321516,1.821984,-0.103296,-1.916636,-0.173883,-0.050689,0.306656,-0.946532,-0.15895,0.28072,0.280792,-0.833958,0.474977,0.159799,0.528604,0.83361,-0.001262,-0.002183,-0.025034,1.123478,-1.363577,0.187939,0.472396,0.041182,0.018179,-0.016556,0.946527,0.147514,0.286923,-0.274394,0.835846,0.475466,-0.169685,-0.528772,0.831629,0.0073,-0.000474,-0.012504,1.143614,-1.744994,0.008264,0.425411,0.077692,0.023511,-0.053594,0.637611,-0.154642,-0.754677,0.259759,0.96543,0.021638,0.725242,-0.209831,0.655738,2.8e-05,0.005791,-0.003918,0.270582,1.700294,-0.161272,-1.02924
562,0.158923,-0.037596,0.328557,-0.645849,0.189943,-0.739491,-0.288925,-0.957315,0.006375,-0.705916,0.217532,0.674084,0.000249,0.024988,-0.013737,0.07668,1.274307,0.180902,-1.916333,-0.173848,-0.050697,0.306173,-0.947746,-0.196776,0.251094,0.29457,-0.841475,0.452861,0.123368,0.50341,0.855116,-0.001205,-0.00047,-0.022904,1.461643,-1.579972,0.386798,0.485974,0.0412,0.018175,-0.016798,0.948312,0.184856,0.257938,-0.287882,0.843127,0.454159,-0.133521,-0.50494,0.852764,-0.000551,-0.00043,-0.011708,1.173658,-1.372921,0.467479,0.449741,0.077698,0.023731,-0.053745,0.650223,-0.179269,-0.738289,0.280364,0.959793,0.013867,0.706119,-0.216006,0.67434,0.000125,0.012249,-0.007126,-0.434779,0.964183,1.389567,-1.025484
563,0.159195,-0.036621,0.328019,-0.666746,0.232848,-0.708009,-0.327332,-0.944891,-0.002573,-0.668766,0.229743,0.707105,0.015285,0.024109,-0.014836,-0.852742,1.22246,1.033747,-1.917011,-0.173857,-0.050718,0.305305,-0.947499,-0.251837,0.197016,0.313124,-0.854731,0.413909,0.06535,0.454189,0.888428,-0.001188,0.000145,-0.022192,1.137901,-1.262958,0.587333,0.493906,0.041196,0.018167,-0.01723,0.948868,0.241488,0.203301,-0.306783,0.857195,0.413643,-0.074379,-0.454862,0.88745,-0.000554,-0.000147,-0.011377,1.408539,-1.416824,0.475687,0.475378,0.077834,0.024233,-0.054014,0.67147,-0.221648,-0.707106,0.31866,0.947852,0.005488,0.669016,-0.229012,0.707085,0.007651,0.012011,-0.007463,-0.927329,1.067987,0.975187,-1.025321
564,0.159557,-0.03585,0.32743,-0.68314,0.262008,-0.681701,-0.360093,-0.932898,0.002221,-0.634531,0.246661,0.732499,-8.4e-05,0.021747,-0.017167,-3.536044,0.810073,3.842034,-1.916808,-0.173812,-0.05076,0.304555,-0.940839,-0.307344,0.142662,0.338598,-0.864489,0.371408,0.010365,0.398132,0.917195,-0.000311,-0.009265,-0.011877,1.053729,-1.907917,-1.019771,0.497347,0.041219,0.01815,-0.0176,0.944773,0.291165,0.150418,-0.32698,0.868377,0.372832,-0.022064,-0.401425,0.915625,0.00736,0.001435,-0.010135,1.13703,-1.123652,0.47946,0.483379,0.078016,0.024614,-0.054299,0.689191,-0.247482,-0.681004,0.34683,0.937872,0.010172,0.636178,-0.243203,0.732208,-7e-06,0.005494,-0.004237,0.270671,1.09137,-0.311146,-1.02924
565,0.159746,-0.035241,0.326911,-0.699383,0.286295,-0.654938,-0.387997,-0.921575,0.011395,-0.599447,0.261722,0.756434,-6.2e-05,0.010683,-0.008782,0.222806,0.764651,-0.0135,-1.915705,-0.173667,-0.050775,0.303895,-0.941117,-0.320999,0.106059,0.337667,-0.880048,0.333814,-0.012631,0.350382,0.936449,-0.00026,-0.007808,-0.010048,1.0814,-0.06294,0.103296,0.497145,0.041291,0.018142,-0.017939,0.943753,0.311337,0.111349,-0.330603,0.8828,0.333713,0.005598,-0.351755,0.936074,-0.000519,0.001459,-0.009364,1.992763,1.416453,-0.419112,0.485502,0.07811,0.024921,-0.054563,0.704069,-0.275542,-0.654494,0.380141,0.924719,0.019629,0.599815,-0.26262,0.755811,-5.6e-05,0.010642,-0.00883,0.336586,1.069505,-0.039238,-1.02581
566,0.159791,-0.035022,0.32675,-0.707169,0.311145,-0.634938,-0.416122,-0.909117,0.017872,-0.570798,0.276457,0.773167,2.2e-05,0.011575,-0.007836,0.239278,1.037018,0.235328,-1.915097,-0.173689,-0.05088,0.303641,-0.94023,-0.325798,0.099065,0.339933,-0.882953,0.323688,-0.016802,0.338434,0.940767,-0.000284,-0.008494,-0.010952,1.200174,1.948876,-0.3294,0.497515,0.041281,0.018088,-0.018066,0.942798,0.316871,0.103558,-0.3332,0.885985,0.322501,0.01044,-0.338559,0.940886,-0.000123,-0.004256,-0.005485,1.058561,2.000203,-0.311101,0.485992,0.078132,0.025027,-0.054646,0.711826,-0.299723,-0.635192,0.408024,0.912582,0.026638,0.571681,-0.278135,0.771894,3.9e-05,0.005915,-0.00379,0.051311,1.244578,0.409651,-1.024504
567,0.159647,-0.034724,0.326586,-0.723136,0.368576,-0.584184,-0.470708,-0.881885,0.026175,-0.504641,0.293444,0.811946,6.5e-05,0.012004,-0.007381,0.131204,1.292066,0.461584,-1.913207,-0.173854,-0.051171,0.303247,-0.934596,-0.34048,0.102935,0.354933,-0.875517,0.327759,-0.020296,0.343293,0.938936,-0.000246,-0.007206,-0.009325,-0.559595,-0.506888,-1.088543,0.499251,0.041198,0.017941,-0.018265,0.93727,0.331202,0.108759,-0.348364,0.87834,0.327354,0.012893,-0.344707,0.938621,-0.000109,-0.003552,-0.004589,-0.614486,-0.498598,-1.079219,0.487951,0.07806,0.025176,-0.054729,0.728524,-0.357706,-0.584207,0.46253,0.885938,0.034334,0.50529,-0.295226,0.810877,-0.007493,0.000322,0.000422,-0.446539,1.785564,1.331692,-1.035281
568,0.159287,-0.034571,0.326526,-0.728684,0.439535,-0.525238,-0.521951,-0.852897,0.010292,-0.442549,0.281096,0.851565,-0.014955,0.001415,0.001669,-2.432481,1.758923,4.78909,-1.913019,-0.173886,-0.051406,0.302929,-0.939555,-0.321665,0.117303,0.342102,-0.871603,0.35101,-0.009482,0.370334,0.928777,-0.000201,-0.00583,-0.007567,-0.834417,0.432907,0.262645,0.500069,0.041182,0.017828,-0.018419,0.941667,0.313474,0.122453,-0.336535,0.874676,0.348832,0.002243,-0.369694,0.92915,-8e-05,-0.002549,-0.003309,-0.540409,0.199608,0.360444,0.489421,0.077887,0.025257,-0.054762,0.736178,-0.424241,-0.527314,0.509259,0.860408,0.018746,0.445753,-0.28234,0.849462,-0.007443,0.000922,0.001057,-0.349706,1.688269,1.358403,-1.04165
569,0.159108,-0.034554,0.326562,-0.72998,0.475018,-0.49146,-0.546424,-0.837489,0.002041,-0.40972,0.269439,0.871527,-0.014916,0.001814,0.002087,0.019351,2.520353,-0.286413,-1.912592,-0.173805,-0.051478,0.302826,-0.937203,-0.326701,0.122095,0.348449,-0.865436,0.359913,-0.010738,0.380273,0.924738,-0.00012,-0.00349,-0.004534,-0.552749,0.258115,0.147148,0.500825,0.041222,0.017785,-0.01848,0.939772,0.316932,0.127988,-0.341786,0.868058,0.360078,0.003019,-0.382136,0.9241,-4.6e-05,-0.001642,-0.002132,-0.554053,0.261674,0.1614,0.4904,0.077792,0.025266,-0.054744,0.735951,-0.46485,-0.492228,0.538822,0.842359,0.010109,0.409934,-0.272663,0.870407,-0.007466,0.000943,0.001086,-0.086536,2.495834,-0.346593,-1.043936
570,0.158914,-0.034711,0.326639,-0.718658,0.560589,-0.411481,-0.611338,-0.791283,-0.010436,-0.330559,0.243352,0.911887,-0.00022,-0.002252,-0.002386,0.572723,2.293114,0.034272,-1.911446,-0.173609,-0.05153,0.302671,-0.937615,-0.324627,0.124444,0.347274,-0.860717,0.372157,-0.01252,0.39257,0.919562,0.014925,0.009882,-0.011324,-0.058673,0.023298,0.081148,0.503834,0.041315,0.017756,-0.018552,0.940457,0.313876,0.130465,-0.339883,0.86345,0.372736,0.004343,-0.394885,0.918719,-1.9e-05,-0.000726,-0.000947,-0.033904,0.030761,0.04211,0.493666,0.077695,0.025194,-0.054699,0.724663,-0.550875,-0.414003,0.604433,0.796653,-0.002044,0.330943,-0.248756,0.910272,-6.2e-05,-0.006063,0.003637,-0.253068,2.499358,-0.140371,-1.045569
571,0.158898,-0.034954,0.326532,-0.680973,0.661934,-0.313312,-0.69295,-0.720769,-0.016832,-0.236126,0.204819,0.949906,-0.000612,-0.006262,-0.006645,-0.951084,2.263795,5.357941,-1.910498,-0.173397,-0.051541,0.302619,-0.937832,-0.324285,0.123701,0.346617,-0.859553,0.375445,-0.014242,0.395395,0.918326,-7e-06,-0.000221,-0.000288,-0.000665,-0.000283,0.000406,0.507037,0.041421,0.017755,-0.01858,0.940812,0.313293,0.129305,-0.338874,0.862701,0.375379,0.006051,-0.396979,0.917807,0.0,-7.4e-05,-0.000102,0.012263,-0.003604,0.000533,0.497749,0.077683,0.02508,-0.054745,0.691732,-0.648241,-0.318259,0.681859,0.731441,-0.00781,0.237851,-0.211606,0.947971,-0.000207,0.002531,-0.007505,-0.929532,2.321139,4.825924,-1.047855
572,0.158973,-0.035092,0.326127,-0.639948,0.736979,-0.217652,-0.751878,-0.658953,-0.020789,-0.157953,0.149423,0.976089,-0.000736,-0.007547,-0.008032,0.442316,2.166146,0.880897,-1.909589,-0.173266,-0.05155,0.302611,-0.936701,-0.326423,0.126613,0.349728,-0.858368,0.37527,-0.012635,0.396212,0.917997,-1.6e-05,-0.000476,-0.000619,-0.012339,0.094849,-0.174361,0.508363,0.041492,0.017754,-0.018581,0.939737,0.315339,0.132111,-0.341866,0.861656,0.375067,0.004439,-0.397629,0.917534,-1e-05,-0.000343,-0.00045,0.000248,0.000161,0.000235,0.499871,0.077725,0.025005,-0.054953,0.647431,-0.729337,-0.221133,0.745822,0.666017,-0.013033,0.156784,-0.156488,0.975156,0.007168,0.000663,-0.009649,-0.344859,2.215719,5.277377,-1.050304
573,0.159112,-0.035217,0.325842,-0.607985,0.776285,-0.166674,-0.784616,-0.619509,-0.023599,-0.120825,0.115457,0.98595,0.014017,-0.011368,-0.012288,0.89114,2.305685,-0.31824,-1.908968,-0.173219,-0.051548,0.302609,-0.935778,-0.328798,0.127292,0.35221,-0.858459,0.372732,-0.012099,0.394047,0.918936,-0.0,-8e-06,-1.1e-05,0.039515,0.068565,-0.192395,0.508819,0.041516,0.017754,-0.018583,0.938814,0.317782,0.132818,-0.3444,0.861866,0.372256,0.003825,-0.395222,0.918577,1e-06,1.9e-05,2.3e-05,0.036609,-0.022641,-0.02164,0.500851,0.07779,0.024952,-0.055086,0.615068,-0.769225,-0.173154,0.779334,0.626437,-0.014601,0.119701,-0.125964,0.984785,0.007101,-0.005437,-0.006077,-0.333902,2.191673,5.071891,-1.05259
574,0.159611,-0.035679,0.325098,-0.534524,0.841978,-0.073502,-0.843401,-0.536951,-0.018165,-0.054102,0.05123,0.997234,0.013417,-0.018021,-0.019505,0.144594,1.895993,6.339735,-1.908266,-0.173148,-0.051557,0.302591,-0.934348,-0.3321,0.129208,0.356028,-0.858022,0.370102,-0.01087,0.392229,0.919729,-1e-06,-1.6e-05,-2.1e-05,-0.008487,0.092879,-0.17571,0.509174,0.041552,0.01775,-0.018592,0.937377,0.321191,0.134754,-0.348303,0.861412,0.369665,0.002654,-0.393452,0.919341,0.007906,0.000291,-0.000397,-0.015502,-0.009431,0.028397,0.501831,0.078039,0.024723,-0.055456,0.547279,-0.833243,-0.078682,0.835347,0.549627,-0.010237,0.051777,-0.060125,0.996846,0.00668,-0.004032,-0.0147,-0.501346,2.126245,4.435462,-1.061898
575,0.160277,-0.036078,0.323959,-0.470792,0.882233,0.008095,-0.882262,-0.470696,-0.005548,-0.000505,-0.010855,0.999955,0.02852,-0.007905,-0.029234,-0.22461,1.693053,0.54072,-1.90799,-0.173113,-0.051561,0.302582,-0.933208,-0.334847,0.130353,0.359032,-0.857878,0.367524,-0.010062,0.390204,0.920599,-1.8e-05,-0.00056,-0.000728,0.000546,-0.000281,-0.000192,0.50864,0.041569,0.017754,-0.018597,0.936217,0.324022,0.136036,-0.351416,0.861227,0.367142,0.001804,-0.39153,0.920163,-1.5e-05,-0.000438,-0.000574,-0.021903,0.098482,-0.1738,0.502484,0.07836,0.024513,-0.056021,0.480616,-0.87693,0.001287,0.87693,0.480615,-0.00101,0.000267,0.001614,0.999998,0.006652,-0.004155,-0.014698,0.554679,1.324704,-0.593829,-1.070552
576,0.160596,-0.036138,0.323356,-0.437914,0.898229,0.038217,-0.898899,-0.43812,-0.001429,0.015999,-0.0361,0.999234,0.013381,0.00369,-0.036917,0.412821,0.835334,4.558372,-1.907831,-0.173089,-0.051565,0.302574,-0.933231,-0.335516,0.128452,0.358895,-0.857537,0.368452,-0.012293,0.39038,0.920497,-1.8e-05,-0.000569,-0.000741,8e-06,-9e-06,-1e-06,0.508438,0.041581,0.017747,-0.018598,0.936265,0.324678,0.13413,-0.351269,0.86084,0.368188,0.004078,-0.391837,0.920024,-1.2e-05,-0.000373,-0.000486,0.0003,0.005345,-0.001429,0.502647,0.078535,0.024477,-0.056346,0.445332,-0.894676,0.0351,0.895154,0.445736,0.004241,-0.019439,0.029531,0.999374,0.006691,0.001949,-0.018526,0.354487,0.752602,4.532065,-1.075777
577,0.161491,-0.036055,0.322071,-0.376084,0.922291,0.089366,-0.92562,-0.378298,0.009434,0.042969,-0.080322,0.995856,0.028838,0.00625,-0.034448,-0.355894,1.169284,0.77532,-1.90675,-0.17303,-0.051568,0.302564,-0.932293,-0.337228,0.130763,0.36137,-0.856571,0.368281,-0.011012,0.39103,0.920238,-1.3e-05,-0.000404,-0.000526,0.0,-0.0,-0.0,0.508492,0.041611,0.017745,-0.018604,0.935335,0.326371,0.136488,-0.353751,0.859905,0.367998,0.002737,-0.392485,0.919754,-7e-06,-0.000262,-0.000341,-0.012329,0.095104,-0.173972,0.502647,0.078971,0.024511,-0.05698,0.383054,-0.919868,0.08433,0.922581,0.385525,0.014624,-0.045963,0.072199,0.99633,0.014385,0.002808,-0.017848,-1.352685,2.593767,4.79662,-1.084269
578,0.162689,-0.035941,0.320856,-0.293538,0.94686,0.131671,-0.95363,-0.299567,0.028668,0.066947,-0.118332,0.990729,0.044193,-0.004315,-0.025891,-0.294317,1.034076,1.206113,-1.893003,-0.1729,-0.051566,0.302537,-0.931734,-0.338947,0.130295,0.362756,-0.855638,0.369087,-0.012442,0.391589,0.919982,-1.3e-05,-0.000411,-0.000535,0.0,-0.0,-0.0,0.508455,0.041675,0.017746,-0.018618,0.934804,0.328082,0.136019,-0.355137,0.858991,0.368796,0.004156,-0.393058,0.919503,-6e-06,-0.000219,-0.000287,7.9e-05,0.00039,0.000153,0.502647,0.079564,0.024574,-0.057588,0.301308,-0.945169,0.125968,0.950899,0.307645,0.033845,-0.070742,0.109586,0.991456,0.014447,0.004018,-0.016723,-0.972493,2.517356,5.651445,-1.088187
579,0.163325,-0.035857,0.320276,-0.255986,0.955218,0.148575,-0.963559,-0.264413,0.040159,0.077958,-0.134072,0.987914,0.029169,-0.002543,-0.023788,0.56051,0.577191,5.070726,-1.871356,-0.172829,-0.051569,0.302526,-0.931309,-0.339714,0.131338,0.363868,-0.855199,0.369009,-0.011864,0.391884,0.919864,-8e-06,-0.000254,-0.000331,0.0,-0.0,-0.0,0.508728,0.041711,0.017744,-0.018624,0.934383,0.328847,0.137063,-0.356249,0.858567,0.368711,0.003572,-0.393346,0.919382,-4e-06,-0.000126,-0.000169,-2e-06,0.000128,0.000206,0.502647,0.079888,0.024615,-0.05788,0.267594,-0.952796,0.143427,0.95996,0.276436,0.045371,-0.082878,0.125543,0.988619,0.014595,0.004448,-0.015822,-0.652736,0.778934,0.024029,-1.082636
580,0.164871,-0.035374,0.319133,-0.208149,0.961104,0.181656,-0.973134,-0.222115,0.0604,0.098651,-0.165401,0.981294,0.04476,0.014137,-0.026281,-0.466892,0.77784,-0.146478,-1.837797,-0.1727,-0.051607,0.302463,-0.928271,-0.347003,0.133767,0.371512,-0.851988,0.368821,-0.012845,0.392504,0.919586,-5.7e-05,-0.001842,-0.0024,-0.014132,0.108598,-0.199623,0.508913,0.041776,0.017728,-0.018651,0.931468,0.336074,0.139358,-0.363793,0.855493,0.368491,0.00462,-0.393935,0.919126,-1.4e-05,-0.000474,-0.000619,-5e-05,0.000181,0.000256,0.502974,0.080654,0.024843,-0.058457,0.214941,-0.960735,0.175464,0.971185,0.229204,0.065293,-0.102946,0.156374,0.982318,0.022376,0.012794,-0.017087,-1.621016,2.349664,-0.048496,-1.061734
581,0.166759,-0.034471,0.318027,-0.192097,0.959876,0.204406,-0.97397,-0.211944,0.080215,0.120551,-0.184873,0.975354,0.045065,0.018939,-0.021068,0.00197,-0.033691,0.377787,-1.782242,-0.172584,-0.051654,0.302374,-0.927372,-0.348571,0.135909,0.373793,-0.851074,0.368626,-0.011655,0.393099,0.919348,0.015777,-0.000747,-0.002538,0.002045,-0.015205,0.029245,0.508723,0.041828,0.017702,-0.018699,0.930516,0.337748,0.141649,-0.366234,0.854546,0.36827,0.003337,-0.394558,0.918864,-2.4e-05,-0.000816,-0.001067,-0.012341,0.094932,-0.174178,0.502974,0.081598,0.025293,-0.059012,0.199249,-0.959525,0.199025,0.971857,0.219531,0.085437,-0.125671,0.176401,0.976262,0.030061,0.014783,-0.015118,0.218145,0.129431,1.381838,-1.031852
582,0.168623,-0.033428,0.31715,-0.181512,0.959528,0.215416,-0.972899,-0.207062,0.102787,0.143451,-0.192117,0.970845,0.045102,0.034193,-0.024855,-0.431165,-0.394839,-0.200584,-1.733046,-0.172467,-0.051679,0.302312,-0.92659,-0.34992,0.137758,0.375759,-0.850285,0.36845,-0.010627,0.393612,0.919141,-1e-05,-0.000317,-0.000414,0.0,-0.0,-0.0,0.508465,0.041892,0.017684,-0.018729,0.929745,0.339093,0.14349,-0.368196,0.853773,0.368108,0.002315,-0.395079,0.918643,-5e-06,-0.00018,-0.000237,-1.7e-05,5.4e-05,0.000131,0.502974,0.08253,0.025809,-0.059448,0.187542,-0.959338,0.210943,0.971148,0.213301,0.106647,-0.147305,0.184856,0.971662,0.022689,0.012101,-0.007682,-0.495928,-0.443448,-0.149931,-1.01438
583,0.16954,-0.032841,0.316791,-0.184665,0.958792,0.216014,-0.970387,-0.212637,0.114488,0.155926,-0.189671,0.969401,0.060508,0.025864,-0.013876,-0.439464,-0.396621,-0.001957,-1.707769,-0.172384,-0.051676,0.302308,-0.92626,-0.350487,0.138537,0.376585,-0.849947,0.368385,-0.010198,0.393838,0.919049,-0.0,-5e-06,-7e-06,0.0,-0.0,-0.0,0.508446,0.041934,0.01769,-0.018734,0.929423,0.33965,0.144256,-0.36901,0.853461,0.368015,0.00188,-0.395274,0.918561,2e-06,4e-05,5e-05,-0.0,4e-05,0.000109,0.502811,0.082983,0.026104,-0.059633,0.191135,-0.95865,0.210846,0.968344,0.219294,0.11924,-0.160547,0.18138,0.970219,0.022623,0.018481,-0.010936,-0.678098,-0.267364,-0.207785,-1.012257
584,0.171276,-0.031649,0.316261,-0.193335,0.959218,0.206318,-0.964924,-0.223893,0.136985,0.177826,-0.173794,0.968608,0.045387,0.028943,-0.010241,-0.524655,-0.410149,-0.253578,-1.670172,-0.172122,-0.051644,0.302322,-0.925593,-0.351624,0.140107,0.378247,-0.849266,0.368252,-0.009332,0.394295,0.918862,0.015825,0.000839,-0.000481,-0.010304,0.079657,-0.145108,0.508217,0.042059,0.017706,-0.018725,0.928801,0.340718,0.14573,-0.370574,0.85284,0.367881,0.00106,-0.395693,0.918381,5e-06,0.000153,0.000194,-1.2e-05,2.5e-05,7.5e-05,0.50281,0.083857,0.026702,-0.059895,0.199819,-0.958956,0.201183,0.962738,0.230336,0.141704,-0.182227,0.165371,0.969249,0.01517,0.014763,-0.004644,-0.744764,-0.604133,-0.139698,-1.005889
585,0.17275,-0.030446,0.315871,-0.193446,0.96232,0.191218,-0.95755,-0.227575,0.176858,0.213945,-0.150088,0.965261,0.030409,0.019088,-0.00029,-0.820297,0.602504,4.67275,-1.674214,-0.171767,-0.051612,0.302312,-0.924881,-0.352826,0.141777,0.380009,-0.848553,0.368084,-0.0084,0.39476,0.918672,0.0,5e-06,7e-06,0.0,-0.0,-0.0,0.507408,0.042242,0.017723,-0.01873,0.928056,0.341992,0.147492,-0.372441,0.852108,0.367695,6.9e-05,-0.396173,0.918175,0.007909,0.000294,-0.000413,0.001967,-0.015174,0.029281,0.502157,0.0846,0.027311,-0.06009,0.203854,-0.960965,0.187051,0.95481,0.237365,0.178869,-0.216286,0.142136,0.965928,0.015008,0.020599,-0.008494,-2.620284,1.39571,-0.586297,-1.035934
586,0.173914,-0.029241,0.315503,-0.189949,0.966001,0.175518,-0.946398,-0.227661,0.229072,0.261472,-0.123802,0.957252,0.030057,0.029756,-0.009112,-1.222789,-0.67961,0.732704,-1.680975,-0.171281,-0.051577,0.302274,-0.924098,-0.354135,0.143603,0.381931,-0.84778,0.367875,-0.00737,0.39525,0.918469,0.015817,0.000623,-0.000782,0.002045,-0.015205,0.029245,0.506994,0.042485,0.01774,-0.018749,0.927279,0.343303,0.149317,-0.374368,0.851358,0.367475,-0.000967,-0.396651,0.917968,0.00791,0.000307,-0.000404,0.001974,-0.015187,0.029253,0.501504,0.085194,0.027923,-0.060272,0.195852,-0.965685,0.170565,0.944114,0.232709,0.233439,-0.265121,0.115314,0.957294,0.015037,0.014858,-0.00458,-1.183655,-0.674983,0.723126,-1.062387
587,0.174465,-0.028705,0.315308,-0.189287,0.967032,0.170483,-0.940902,-0.228222,0.250178,0.281068,-0.114258,0.952876,0.029885,0.02748,-0.011626,-1.135821,-0.701507,-0.257556,-1.683132,-0.170987,-0.051541,0.302239,-0.924087,-0.353443,0.14537,0.381975,-0.846779,0.370128,-0.006559,0.398008,0.917284,0.015817,0.000631,-0.000777,-0.196798,0.181544,-0.076198,0.507113,0.042626,0.017758,-0.018766,0.927174,0.342927,0.150825,-0.374626,0.850451,0.369305,-0.001625,-0.398914,0.916986,0.007909,0.000313,-0.0004,-0.28614,0.132547,0.114808,0.500851,0.085458,0.028185,-0.060361,0.195573,-0.966608,0.165585,0.938561,0.233441,0.254181,-0.284348,0.105701,0.952876,0.015054,0.007974,-0.001914,-0.62783,-0.147841,0.922878,-1.071695
588,0.175554,-0.028003,0.314709,-0.197287,0.966874,0.162106,-0.930365,-0.236715,0.279926,0.309266,-0.096797,0.946051,0.014385,0.019014,-0.020475,-0.80848,-0.363363,-0.781397,-1.6809,-0.17033,-0.051417,0.302128,-0.923886,-0.353049,0.147591,0.382484,-0.845676,0.372118,-0.005398,0.400695,0.916121,0.015815,0.000651,-0.000767,-0.041525,0.096847,-0.133491,0.506866,0.042949,0.017816,-0.018818,0.92706,0.342115,0.153348,-0.3749,0.849137,0.372043,-0.002932,-0.402396,0.91546,0.007909,0.000325,-0.000396,-0.021785,0.09141,-0.129278,0.500688,0.086009,0.028547,-0.060648,0.204501,-0.966275,0.156494,0.927472,0.242394,0.284677,-0.313009,0.086927,0.945763,0.014808,0.003381,-0.00697,-0.87746,-0.495011,-0.716395,-1.078553
589,0.176338,-0.027311,0.313849,-0.21318,0.965287,0.151064,-0.918213,-0.25071,0.306596,0.334086,-0.074553,0.939604,0.014252,0.016589,-0.023143,-0.975549,-0.657324,-0.519006,-1.691246,-0.169462,-0.051063,0.301919,-0.923253,-0.353188,0.151171,0.383993,-0.841078,0.380883,-0.006214,0.410149,0.911923,0.03078,0.014503,-0.007032,-1.010065,-2.039946,-4.856767,0.504704,0.043383,0.017988,-0.018929,0.928286,0.337107,0.156981,-0.371837,0.84668,0.380617,-0.004605,-0.411693,0.91131,0.015389,0.006915,-0.00397,-0.222974,0.104439,0.175071,0.499708,0.086401,0.028889,-0.061082,0.22013,-0.96442,0.146411,0.915532,0.256065,0.310212,-0.336665,0.065757,0.939325,0.007018,0.013854,-0.0157,-0.570639,-0.305071,-0.530645,-1.073654
590,0.176737,-0.026884,0.313277,-0.216984,0.96533,0.145263,-0.914031,-0.253094,0.316959,0.343,-0.065203,0.937084,0.029157,0.014538,-0.025865,-0.675754,-0.458923,-0.379502,-1.697409,-0.168922,-0.05076,0.30178,-0.919947,-0.358154,0.159422,0.391871,-0.834261,0.387788,-0.00473,0.419672,0.907588,0.03077,0.015247,-0.006087,-1.222509,-1.631643,-5.051214,0.501736,0.043664,0.018145,-0.019001,0.923533,0.346138,0.165146,-0.383491,0.838399,0.387324,-0.004391,-0.421039,0.907031,0.015227,0.00786,-0.002816,-1.257589,-1.611465,-5.047011,0.496932,0.086594,0.029104,-0.061366,0.224812,-0.964303,0.139917,0.910715,0.259002,0.321737,-0.346491,0.055094,0.936433,0.006957,0.012621,-0.01706,-0.864882,-0.701967,-0.242308,-1.080676
591,0.177534,-0.026061,0.311822,-0.231911,0.963809,0.131663,-0.904369,-0.263414,0.335711,0.358526,-0.042418,0.93257,0.01366,0.020507,-0.039354,-0.381426,-0.377941,-0.124421,-1.693911,-0.167735,-0.049874,0.301562,-0.913628,-0.361518,0.185956,0.40638,-0.819119,0.404764,0.00714,0.445831,0.895013,0.030779,0.02073,0.000979,-0.623028,0.224362,0.54353,0.499799,0.044246,0.018575,-0.019117,0.916232,0.351684,0.191927,-0.400333,0.822594,0.403821,-0.015862,-0.446829,0.894478,0.014944,0.015427,-0.004265,-0.813816,0.461299,0.406344,0.492033,0.086994,0.029507,-0.062073,0.240276,-0.962438,0.126408,0.900658,0.26961,0.340769,-0.36205,0.031972,0.931609,0.006832,0.009766,-0.020223,-0.636557,-0.527999,-0.200217,-1.069736
592,0.178277,-0.025177,0.310125,-0.244566,0.962439,0.118082,-0.895918,-0.270805,0.352089,0.37114,-0.020883,0.928357,0.013585,0.018775,-0.041346,-0.596627,-0.514023,-0.233975,-1.694216,-0.166423,-0.04856,0.30149,-0.90492,-0.360733,0.225796,0.424618,-0.798835,0.426024,0.02783,0.48185,0.875733,0.029795,0.037947,0.000575,-0.874336,1.144171,0.348303,0.493758,0.044902,0.019223,-0.019155,0.90724,0.351859,0.230456,-0.419067,0.803071,0.423626,-0.036016,-0.480907,0.876031,0.014913,0.019366,0.000773,0.007253,2.565908,-0.692263,0.487135,0.087359,0.029946,-0.062924,0.252281,-0.960971,0.113528,0.89265,0.276408,0.356052,-0.373536,0.011515,0.927543,0.006688,0.015051,-0.024674,-0.127316,-0.232882,-0.083333,-1.06402
593,0.179051,-0.024262,0.308349,-0.251326,0.961794,0.108783,-0.891814,-0.273721,0.360163,0.376486,-0.007695,0.926405,0.028544,0.01777,-0.043062,-0.206978,-0.256837,-0.056679,-1.686145,-0.164857,-0.047029,0.301681,-0.888926,-0.378536,0.2579,0.457036,-0.768303,0.448064,0.029653,0.516642,0.855608,0.029598,0.041794,0.005305,-0.865557,0.30765,0.362779,0.479863,0.045685,0.019991,-0.019057,0.891408,0.368688,0.263551,-0.451515,0.772571,0.446392,-0.039033,-0.516915,0.855145,0.023134,0.015862,0.006535,-1.053907,0.291556,-0.078287,0.474888,0.087751,0.030409,-0.063829,0.260119,-0.960015,0.103479,0.887778,0.279928,0.365361,-0.379718,-0.003171,0.925095,0.006654,0.014337,-0.025511,-0.251113,-0.302532,-0.077152,-1.059122
594,0.179435,-0.023757,0.307366,-0.253269,0.961677,0.105246,-0.890953,-0.274197,0.361927,0.377225,-0.003303,0.926131,0.028538,0.017624,-0.043288,-0.039831,-0.139397,0.008117,-1.682462,-0.163989,-0.046303,0.301889,-0.883142,-0.386525,0.265801,0.468442,-0.754064,0.460307,0.02362,0.531515,0.846639,0.046093,0.0328,0.014333,-0.610811,0.416355,0.059182,0.470839,0.046096,0.020347,-0.01896,0.8859,0.376355,0.271176,-0.462711,0.758339,0.459151,-0.032841,-0.532238,0.845957,0.022585,0.021551,0.002534,-0.924807,0.575651,0.149656,0.4646,0.087938,0.03065,-0.064302,0.26239,-0.959786,0.099808,0.886663,0.280619,0.367534,-0.380762,-0.007941,0.924638,0.006649,0.014243,-0.025642,-0.036609,-0.161663,-0.023324,-1.056672
595,0.180193,-0.022749,0.305457,-0.262219,0.96012,0.097242,-0.887816,-0.279445,0.365603,0.378518,0.008338,0.925571,0.013215,0.028171,-0.051724,-0.221138,-0.398461,0.07679,-1.678697,-0.162369,-0.04499,0.302602,-0.872007,-0.400954,0.280768,0.489268,-0.725848,0.48342,0.011061,0.559419,0.828728,0.046767,0.026963,0.028867,-0.97124,0.275541,-0.273455,0.451099,0.046906,0.021001,-0.018614,0.875491,0.389806,0.285597,-0.482751,0.731931,0.480862,-0.021595,-0.558863,0.828978,0.014939,0.01855,0.010492,-1.907879,-2.350778,-4.625024,0.440923,0.088328,0.03116,-0.065273,0.270512,-0.958249,0.092631,0.884155,0.285355,0.369922,-0.38091,-0.018168,0.924433,0.014132,0.013917,-0.026323,-0.425167,-0.419218,-0.052326,-1.0521
596,0.181083,-0.021779,0.303433,-0.281604,0.95552,0.0879,-0.881676,-0.293752,0.369228,0.378971,0.025286,0.925078,0.028452,0.014839,-0.046716,-0.044505,-0.266827,0.130631,-1.664756,-0.160757,-0.043662,0.303703,-0.855816,-0.42363,0.29683,0.517138,-0.695724,0.498468,-0.003579,0.58063,0.814076,0.045435,0.04178,0.02486,-0.382295,0.29736,0.006359,0.439953,0.047713,0.021663,-0.018065,0.85904,0.41328,0.302071,-0.511868,0.700635,0.497092,-0.006204,-0.581643,0.813419,0.015435,0.015041,0.017032,-0.660265,0.530878,-0.213699,0.420186,0.088778,0.031658,-0.066303,0.290365,-0.953356,0.082461,0.877307,0.29963,0.374905,-0.382125,-0.036515,0.923388,0.014255,0.007253,-0.02355,-0.001244,-0.245091,0.124844,-1.048181
