frame,MLTx,MLTy,MLTz,MLTR1,MLTR2,MLTR3,MLTR4,MLTR5,MLTR6,MLTR7,MLTR8,MLTR9,MLTTVx,MLTTVy,MLTTVz,MLTRVx,MLTRVy,MLTRVz,MLGA,MRTx,MRTy,MRTz,MRTR1,MRTR2,MRTR3,MRTR4,MRTR5,MRTR6,MRTR7,MRTR8,MRTR9,MRTTVx,MRTTVy,MRTTVz,MRTRVx,MRTRVy,MRTRVz,MRGA,SLTx,SLTy,SLTz,SLTR1,SLTR2,SLTR3,SLTR4,SLTR5,SLTR6,SLTR7,SLTR8,SLTR9,SLTTVx,SLTTVy,SLTTVz,SLTRVx,SLTRVy,SLTRVz,SLGA,SRTx,SRTy,SRTz,SRTR1,SRTR2,SRTR3,SRTR4,SRTR5,SRTR6,SRTR7,SRTR8,SRTR9,SRTTVx,SRTTVy,SRTTVz,SRTRVx,SRTRVy,SRTRVz,SRGA
4975,0.127525,0.072399,0.400869,0.360958,0.926159,0.109474,-0.921982,0.336811,0.190998,0.139567,-0.171026,0.975345,-0.022718,-0.010301,0.010117,-0.037776,0.058959,-0.101408,-0.667462,-0.105745,0.065769,0.411645,0.304995,0.114531,0.945437,-0.763431,0.6228,0.170955,-0.569593,-0.774049,0.276178,0.0,-0.0,-0.0,0.0,-0.0,-0.0,0.51451,0.036878,0.050892,0.021008,-0.140646,-0.248377,0.958398,0.81753,-0.57515,-0.029081,0.558445,0.77943,0.283948,-1e-06,6e-06,5e-06,-8e-06,-1e-06,2e-06,0.511465,0.101306,0.058531,-0.042708,0.299862,0.943385,0.141797,-0.939038,0.26568,0.218221,0.168194,-0.198589,0.965542,-0.005537,1.9e-05,0.000301,-0.001013,0.014658,-0.029797,-0.711149
4976,0.127246,0.07235,0.400914,0.360634,0.926253,0.109748,-0.922099,0.336432,0.191097,0.139626,-0.171265,0.975295,-0.011318,-0.001229,0.000116,-0.000984,0.014715,-0.029553,-0.662613,-0.105774,0.065746,0.411648,0.304868,0.114565,0.945474,-0.763489,0.62276,0.170847,-0.569584,-0.774077,0.276119,9e-06,-3.8e-05,-1.4e-05,0.0,-0.0,-0.0,0.514721,0.036864,0.05088,0.021009,-0.140513,-0.248404,0.95841,0.817567,-0.575092,-0.029191,0.558426,0.779463,0.283895,-0.005357,-0.001169,-0.000229,-0.002052,0.015198,-0.029246,0.511792,0.101163,0.058502,-0.042683,0.299488,0.943455,0.142123,-0.939141,0.26523,0.218325,0.168284,-0.198859,0.965471,-0.005709,-0.000874,-2.7e-05,0.003245,-0.064928,0.120488,-0.70821
4977,0.126834,0.072166,0.400991,0.36057,0.926266,0.109841,-0.92208,0.336298,0.191424,0.139915,-0.171455,0.97522,-0.011563,-0.002459,-0.000337,-0.000984,0.014715,-0.029553,-0.649656,-0.105839,0.065699,0.411643,0.304863,0.114562,0.945476,-0.763506,0.622738,0.170853,-0.569565,-0.774095,0.276109,3.5e-05,-0.00015,-5.5e-05,0.0,0.0,0.0,0.514995,0.036831,0.050856,0.021007,-0.140507,-0.248401,0.958412,0.817583,-0.575069,-0.029185,0.558403,0.779481,0.28389,1.3e-05,-5.6e-05,-1.9e-05,-1e-06,2e-06,-8e-06,0.511955,0.100957,0.058411,-0.042644,0.29942,0.943462,0.142217,-0.939109,0.26508,0.218646,0.168586,-0.199024,0.965384,-0.000469,-0.002444,-0.000896,0.004268,-0.079588,0.150123,-0.700046
4978,0.126727,0.071859,0.400967,0.361204,0.926077,0.10936,-0.921783,0.336947,0.191713,0.140236,-0.171204,0.975218,-0.001442,-0.007549,-0.00279,-0.000728,0.013475,-0.025465,-0.61874,-0.105907,0.06566,0.411641,0.305411,0.112783,0.945514,-0.759861,0.627207,0.17075,-0.57413,-0.770737,0.276046,3e-06,-1.5e-05,-6e-06,0.0,0.0,0.0,0.514797,0.036798,0.050836,0.021006,-0.141143,-0.246678,0.958763,0.814239,-0.579787,-0.029306,0.563108,0.776527,0.282688,-4e-06,1.7e-05,6e-06,-0.000226,-0.001419,5.9e-05,0.511955,0.1009,0.058262,-0.042653,0.300049,0.943337,0.141721,-0.938853,0.265729,0.218957,0.168891,-0.198753,0.965387,-0.000679,-0.003567,-0.001315,-0.00071,0.013462,-0.025565,-0.683227
4979,0.126766,0.07156,0.400822,0.361403,0.926019,0.109184,-0.92171,0.337181,0.191655,0.140205,-0.171052,0.975249,-0.001502,-0.007875,-0.002921,0.0,0.0,0.0,-0.599361,-0.105915,0.065652,0.411667,0.305525,0.112768,0.945478,-0.759871,0.627164,0.170866,-0.574057,-0.770775,0.276095,-6.4e-05,0.000278,0.000102,0.0,0.0,0.0,0.514685,0.036794,0.050833,0.021019,-0.141268,-0.246679,0.958744,0.814268,-0.579753,-0.029187,0.563035,0.776553,0.282764,-4.1e-05,0.000177,6.5e-05,-0.000108,-3.3e-05,-6e-06,0.511955,0.100919,0.058109,-0.042722,0.300236,0.943302,0.141555,-0.938796,0.265949,0.21893,0.168871,-0.198622,0.965417,-0.000876,-0.0046,-0.001705,-0.000735,0.013446,-0.025524,-0.665918
4980,0.126757,0.071378,0.400753,0.361551,0.925976,0.109064,-0.921648,0.337343,0.191668,0.140232,-0.170967,0.97526,-0.00186,-0.009749,-0.003624,-0.000728,0.013477,-0.025464,-0.591949,-0.105903,0.065631,0.411699,0.305513,0.112795,0.945479,-0.759939,0.627081,0.17087,-0.573974,-0.770838,0.276089,0.001743,-0.009869,0.009406,-0.035477,0.002431,-0.022504,0.514636,0.036799,0.050823,0.021035,-0.141254,-0.246705,0.95874,0.814332,-0.579664,-0.029183,0.562947,0.776611,0.28278,0.000874,-0.004942,0.004702,-0.035559,0.002446,-0.022527,0.511628,0.100915,0.058021,-0.04276,0.300393,0.943273,0.141416,-0.938746,0.26613,0.218926,0.168873,-0.198517,0.965438,-0.000927,-0.004872,-0.001811,0.004308,-0.079554,0.150213,-0.65906
4981,0.126594,0.070928,0.400648,0.361482,0.925993,0.109149,-0.921656,0.337237,0.191814,0.140354,-0.171086,0.975222,-0.002069,-0.010817,-0.004041,-0.000729,0.013473,-0.025466,-0.589246,-0.105804,0.065578,0.411822,0.30566,0.112852,0.945425,-0.760128,0.6268,0.171055,-0.573644,-0.771058,0.276161,-0.000139,0.000601,0.00022,0.0,0.0,0.0,0.514179,0.036849,0.050796,0.021097,-0.141404,-0.246767,0.958702,0.814533,-0.579391,-0.028994,0.562618,0.776795,0.282928,-8.4e-05,0.000354,0.000127,-5e-05,1e-05,-3.7e-05,0.511302,0.100833,0.057795,-0.042813,0.300323,0.943282,0.141502,-0.938745,0.266016,0.219068,0.169001,-0.198626,0.965394,-0.006459,-0.004663,-0.001458,-0.00172,0.028166,-0.055049,-0.650732
4982,0.126351,0.070429,0.400653,0.361064,0.926103,0.109594,-0.921768,0.33668,0.192256,0.140695,-0.171588,0.975084,-0.001243,-0.006472,-0.002428,0.0,0.0,0.0,-0.602307,-0.105748,0.065478,0.411999,0.305611,0.112993,0.945423,-0.760493,0.626347,0.171095,-0.573186,-0.771406,0.27614,-0.000472,0.002042,0.000748,0.001509,-0.012109,0.026106,0.514131,0.036877,0.050747,0.02118,-0.14134,-0.246899,0.958677,0.814858,-0.578934,-0.028963,0.562163,0.777093,0.283015,-6.5e-05,0.000268,9.8e-05,-3.5e-05,-4e-06,-1.1e-05,0.511138,0.10071,0.057541,-0.042817,0.299916,0.943346,0.141944,-0.938813,0.265452,0.219464,0.169352,-0.199079,0.965239,-0.00608,-0.002616,-0.000696,-0.000997,0.014717,-0.029575,-0.653181
4983,0.126307,0.070288,0.400679,0.36099,0.92612,0.109702,-0.921772,0.336556,0.192451,0.140856,-0.171743,0.975034,-0.000527,-0.002743,-0.00103,0.0,0.0,0.0,-0.609199,-0.105745,0.065409,0.412082,0.306278,0.111241,0.945415,-0.756946,0.630617,0.171141,-0.577513,-0.768173,0.276138,-0.000275,0.001193,0.000437,0.0,0.0,0.0,0.514122,0.036879,0.050712,0.021226,-0.142103,-0.24521,0.958998,0.811636,-0.583446,-0.028916,0.566614,0.774249,0.281931,-0.000145,0.000619,0.000224,-0.000259,-0.001547,5e-05,0.511138,0.100687,0.057459,-0.042804,0.299816,0.943357,0.142081,-0.93881,0.265285,0.219676,0.169541,-0.199249,0.96517,-0.000262,-0.001355,-0.000505,0.005074,-0.092859,0.175789,-0.656774
4984,0.12642,0.070169,0.400801,0.361156,0.926058,0.109679,-0.921643,0.336642,0.192919,0.141276,-0.171909,0.974944,0.011324,0.000856,-0.00024,0.000984,-0.014715,0.029553,-0.614838,-0.105776,0.065289,0.412235,0.3061,0.111393,0.945455,-0.757322,0.630185,0.171064,-0.577112,-0.768505,0.276051,-0.010908,-0.001529,-0.000166,-0.002045,0.015205,-0.029245,0.513767,0.036867,0.050653,0.021303,-0.141945,-0.245358,0.958984,0.811969,-0.58298,-0.028973,0.566178,0.774553,0.281975,-0.000109,0.000462,0.000171,-0.000124,-2.3e-05,-5e-05,0.510812,0.100739,0.0574,-0.042742,0.299966,0.943311,0.142069,-0.938685,0.26534,0.220143,0.169967,-0.199393,0.965066,3.7e-05,-0.003478,0.005125,-0.035067,0.016057,-0.016849,-0.662815
4985,0.126753,0.070254,0.400875,0.362038,0.925793,0.109004,-0.921252,0.337578,0.193151,0.141564,-0.171498,0.974974,0.011932,0.004089,0.000971,-0.00336,0.064597,-0.120832,-0.617464,-0.105809,0.065189,0.412327,0.306078,0.111465,0.945454,-0.757536,0.629918,0.171099,-0.576843,-0.768713,0.276034,0.00016,-0.000696,-0.000255,0.0,0.0,0.0,0.514121,0.036846,0.050605,0.02135,-0.141894,-0.245432,0.958972,0.812175,-0.582693,-0.028957,0.565894,0.774745,0.282014,0.000135,-0.000591,-0.000215,-8.2e-05,9e-06,-3.3e-05,0.510648,0.100901,0.057442,-0.042705,0.300929,0.943119,0.141303,-0.938328,0.266376,0.220417,0.17024,-0.198919,0.965116,0.00599,0.002174,0.00053,0.001758,-0.02817,0.055019,-0.665592
4986,0.126986,0.070368,0.400858,0.362901,0.925374,0.109683,-0.9206,0.33789,0.195697,0.143575,-0.173143,0.974389,0.011904,0.003985,0.00093,-0.228923,0.184288,-0.142054,-0.616962,-0.10581,0.065149,0.412352,0.306118,0.111475,0.94544,-0.757587,0.629843,0.171152,-0.576756,-0.768773,0.276049,0.000143,-0.000621,-0.000227,0.0,0.0,0.0,0.514255,0.036846,0.050583,0.021362,-0.141934,-0.245444,0.958963,0.81223,-0.58262,-0.028904,0.565805,0.774797,0.282051,9.8e-05,-0.000427,-0.000155,-6.5e-05,2e-06,-4.1e-05,0.510812,0.101018,0.057501,-0.042713,0.301754,0.942813,0.141588,-0.937795,0.26678,0.222188,0.171708,-0.199827,0.964668,0.005983,0.002194,0.000511,-2.496831,1.152045,0.10416,-0.666571
4987,0.127518,0.07062,0.40084,0.364266,0.924974,0.108525,-0.920053,0.339437,0.195595,0.143623,-0.172247,0.974541,0.012267,0.006022,0.001687,0.00172,-0.028164,0.055032,-0.616664,-0.105785,0.065107,0.412385,0.306213,0.11148,0.945408,-0.757635,0.629757,0.171257,-0.576642,-0.768843,0.276092,1e-06,-3e-06,-1e-06,0.0,0.0,0.0,0.514126,0.036858,0.05056,0.021378,-0.142033,-0.245453,0.958946,0.81229,-0.582541,-0.028797,0.565694,0.774853,0.282119,-2e-06,7e-06,2e-06,-4.2e-05,2e-06,-4.1e-05,0.510648,0.101288,0.057628,-0.042722,0.303108,0.942491,0.14084,-0.937245,0.268111,0.222905,0.172325,-0.199566,0.964612,0.006093,0.00278,0.000749,0.001941,-0.02826,0.055005,-0.667551
4988,0.127927,0.070827,0.400928,0.36585,0.924335,0.108644,-0.919057,0.340497,0.198412,0.145944,-0.173588,0.973958,0.012139,0.00544,0.001463,0.001672,-0.028139,0.055033,-0.612965,-0.10578,0.065117,0.412398,0.306262,0.111473,0.945393,-0.757635,0.629744,0.171305,-0.576616,-0.768855,0.276114,-2.4e-05,0.000104,3.8e-05,0.0,0.0,0.0,0.514437,0.036861,0.050566,0.021384,-0.142084,-0.245449,0.95894,0.812297,-0.582533,-0.028748,0.56567,0.774861,0.282146,-1e-05,4.4e-05,1.6e-05,-3.5e-05,-6e-06,-1.5e-05,0.510975,0.101494,0.057736,-0.042676,0.304741,0.94195,0.140931,-0.936264,0.269119,0.225795,0.174761,-0.200758,0.963926,0.000306,-0.002063,0.00564,-0.029648,0.01342,-0.017133,-0.666571
4989,0.128134,0.070882,0.400986,0.366473,0.924145,0.108162,-0.918773,0.341156,0.198595,0.146168,-0.173304,0.973975,8.1e-05,0.000436,0.000162,-0.0,0.0,0.0,-0.60465,-0.105782,0.065091,0.412389,0.306318,0.111457,0.945377,-0.757616,0.629753,0.171355,-0.576611,-0.76885,0.276137,0.000402,-0.001741,-0.000637,-0.001501,0.012073,-0.026123,0.514851,0.036859,0.050556,0.021381,-0.142142,-0.245436,0.958934,0.812289,-0.582548,-0.028696,0.565669,0.774853,0.282169,0.0002,-0.000866,-0.000317,-0.001527,0.012063,-0.026124,0.511302,0.101604,0.057774,-0.042643,0.305395,0.941821,0.14038,-0.936019,0.269835,0.225956,0.17493,-0.200405,0.963969,-1e-06,2e-06,-1e-06,0.000112,-4.6e-05,-2.6e-05,-0.661672
4990,0.128087,0.07084,0.401002,0.366301,0.924194,0.108321,-0.918836,0.340951,0.198655,0.146201,-0.173445,0.973945,-0.000407,-0.002185,-0.000812,0.0,0.0,0.0,-0.601594,-0.10578,0.065083,0.412386,0.306298,0.111463,0.945383,-0.757623,0.62975,0.171337,-0.576613,-0.768852,0.276129,9.2e-05,-0.000399,-0.000146,0.0,0.0,0.0,0.514781,0.036861,0.050549,0.021378,-0.14212,-0.24544,0.958937,0.812292,-0.582542,-0.028715,0.565669,0.774857,0.28216,4.6e-05,-0.000201,-7.3e-05,-2.3e-05,1e-06,5e-06,0.511465,0.101585,0.057759,-0.042638,0.305267,0.941844,0.1405,-0.936056,0.269679,0.225988,0.174956,-0.200502,0.963943,-0.000148,-0.000789,-0.000295,-9e-06,-1.1e-05,-1.1e-05,-0.659386
4991,0.127827,0.070655,0.401012,0.365718,0.924365,0.108835,-0.919061,0.340273,0.198778,0.146249,-0.173872,0.973862,-0.001002,-0.005355,-0.001993,0.0,0.0,0.0,-0.594419,-0.105778,0.065075,0.412383,0.306278,0.111468,0.945389,-0.75763,0.629747,0.171319,-0.576615,-0.768854,0.27612,2e-06,-7e-06,-2e-06,0.0,0.0,0.0,0.514763,0.036862,0.050544,0.021377,-0.142099,-0.245445,0.958938,0.812296,-0.582535,-0.028734,0.565669,0.77486,0.282152,-3e-06,1.4e-05,5e-06,-1.3e-05,-2e-06,-7e-06,0.511302,0.10145,0.057659,-0.042631,0.304637,0.941962,0.141073,-0.936245,0.268925,0.226106,0.175046,-0.200959,0.963832,-0.00055,-0.002942,-0.001093,-2.8e-05,1.8e-05,-3e-06,-0.655467
4992,0.127501,0.070332,0.401002,0.364434,0.924906,0.108547,-0.919885,0.339473,0.196317,0.144266,-0.172545,0.974393,-0.012162,-0.005429,-0.001467,-0.000984,0.014715,-0.029553,-0.587222,-0.105778,0.065075,0.412383,0.306416,0.111431,0.945349,-0.757584,0.629768,0.171445,-0.576602,-0.768842,0.27618,0.0,-0.0,-0.0,0.0,0.0,0.0,0.514441,0.036862,0.050544,0.021377,-0.142244,-0.245415,0.958925,0.812273,-0.582574,-0.028606,0.565665,0.774841,0.282212,2e-06,8e-06,6e-06,-8e-06,1.8e-05,1.5e-05,0.511302,0.10129,0.057495,-0.042637,0.303329,0.942425,0.140802,-0.937054,0.268192,0.22361,0.172974,-0.199766,0.964454,-0.000806,-0.004283,-0.001597,-0.002954,0.014453,-0.025396,-0.650242
4993,0.127377,0.0702,0.400968,0.363925,0.925056,0.108973,-0.920099,0.338907,0.196295,0.144193,-0.172852,0.97435,-0.001319,-0.006995,-0.002617,-0.000739,0.01343,-0.025488,-0.587577,-0.105794,0.065071,0.412382,0.30637,0.111441,0.945363,-0.757599,0.62976,0.171404,-0.576606,-0.768846,0.276158,-0.010731,-0.002313,-0.000452,-0.002045,0.015205,-0.029245,0.514959,0.036858,0.050544,0.021377,-0.14222,-0.245419,0.958927,0.812277,-0.582567,-0.028627,0.565665,0.774844,0.282201,3e-06,5e-06,5e-06,-0.0,2.2e-05,-4e-06,0.511302,0.101225,0.057431,-0.042653,0.302818,0.942522,0.14125,-0.937226,0.267609,0.223585,0.172934,-0.200089,0.964394,-0.006129,-0.002954,-0.000821,-0.002041,0.028298,-0.055025,-0.648772
4994,0.12732,0.069983,0.400897,0.363913,0.924723,0.111812,-0.919476,0.337541,0.2015,0.148131,-0.177286,0.972962,-0.000995,-0.005271,-0.001977,-0.750396,0.367053,-0.011652,-0.589256,-0.105801,0.065028,0.412367,0.306362,0.111441,0.945365,-0.757602,0.629759,0.171398,-0.576607,-0.768848,0.276153,0.000518,-0.002247,-0.000823,-0.001501,0.012073,-0.026123,0.516184,0.036849,0.050525,0.02137,-0.142208,-0.245418,0.958929,0.812279,-0.582564,-0.028635,0.565665,0.774847,0.282193,9.2e-05,-0.000391,-0.000141,-0.0,-1e-05,-1e-06,0.512608,0.101195,0.057317,-0.042691,0.302809,0.94215,0.143727,-0.936559,0.266233,0.227983,0.17653,-0.203644,0.962998,0.005021,-0.002908,-0.001391,-2.494511,1.162327,0.077587,-0.649589
4995,0.127427,0.069801,0.400812,0.365478,0.923136,0.119547,-0.917891,0.336157,0.21082,0.153968,-0.187929,0.970053,0.010183,-0.005183,-0.002505,0.055063,0.097431,0.087007,-0.566755,-0.105802,0.064959,0.412342,0.306155,0.111494,0.945426,-0.75767,0.629728,0.171212,-0.576627,-0.768866,0.276061,0.000367,-0.001592,-0.000584,0.0,0.0,0.0,0.516622,0.036849,0.050489,0.021357,-0.14197,-0.245465,0.958952,0.812318,-0.582499,-0.028842,0.565669,0.774881,0.282093,0.000273,-0.001182,-0.000435,-6e-06,8e-06,2.7e-05,0.513425,0.101244,0.057222,-0.04273,0.304356,0.940422,0.151567,-0.934639,0.264109,0.238107,0.183891,-0.21413,0.959339,0.005159,-0.002242,-0.00112,0.093433,0.159743,0.107372,-0.639955
4996,0.127697,0.069675,0.400672,0.354873,0.927306,0.119223,-0.921693,0.325698,0.210654,0.156062,-0.185795,0.97013,-0.000894,-0.004772,-0.001797,1e-05,2.1e-05,-1.7e-05,-0.534219,-0.105779,0.064897,0.412319,0.306156,0.111495,0.945425,-0.75767,0.629728,0.171212,-0.576627,-0.768865,0.276062,0.000209,-0.000906,-0.000332,0.0,0.0,0.0,0.516494,0.036861,0.050454,0.021345,-0.141971,-0.245466,0.958952,0.812318,-0.582499,-0.028842,0.565669,0.77488,0.282095,0.000116,-0.000507,-0.000187,4e-06,-5e-06,-5e-06,0.513588,0.101384,0.057165,-0.042803,0.293839,0.943731,0.151754,-0.937674,0.253777,0.23741,0.185539,-0.212056,0.959482,0.0052,0.001644,-0.006102,0.033861,-0.019879,0.021424,-0.625422
4997,0.127828,0.069554,0.40057,0.344443,0.931296,0.118713,-0.925272,0.315428,0.210589,0.15824,-0.183535,0.970207,-0.001327,-0.007096,-0.002676,0.003505,-0.095572,0.162843,-0.488453,-0.105768,0.064882,0.412313,0.306139,0.111501,0.94543,-0.757675,0.629725,0.171196,-0.576628,-0.768867,0.276056,8.5e-05,-0.000369,-0.000136,0.0,0.0,0.0,0.516283,0.036868,0.050446,0.021341,-0.141954,-0.245471,0.958953,0.812321,-0.582495,-0.028858,0.565669,0.774882,0.282088,3.8e-05,-0.000163,-6.1e-05,4e-06,-8e-06,-5e-06,0.513425,0.10145,0.057108,-0.042852,0.283027,0.947046,0.15165,-0.940596,0.243154,0.236969,0.187546,-0.20971,0.959608,0.004625,-0.005142,-0.002221,-0.006422,-0.012262,-0.039237,-0.606154
4998,0.127966,0.069301,0.400232,0.302969,0.947364,0.103718,-0.942639,0.281959,0.178612,0.139583,-0.15306,0.978323,-0.002248,-0.012051,-0.004568,2.522591,-1.284686,-0.567825,-0.402382,-0.105755,0.064902,0.41232,0.306225,0.11148,0.945405,-0.757647,0.629739,0.171273,-0.57662,-0.768859,0.276095,-0.000243,0.001054,0.000387,0.0,0.0,0.0,0.515274,0.036874,0.050455,0.021344,-0.142044,-0.245454,0.958944,0.812306,-0.582519,-0.02878,0.565668,0.774869,0.282127,-0.000199,0.000856,0.000313,-2e-06,-9e-06,3e-06,0.513261,0.10152,0.056986,-0.04302,0.241046,0.960522,0.138898,-0.955697,0.21001,0.206249,0.168937,-0.18246,0.96859,0.004547,-0.001896,-0.00744,0.090666,-0.334658,-1.798728,-0.537245
4999,0.12797,0.068881,0.399737,0.210791,0.975585,0.062015,-0.973606,0.203908,0.102397,0.086982,-0.083175,0.992745,-0.003866,-0.020735,-0.007923,2.942587,-2.133886,-1.307219,-0.405946,-0.105724,0.064909,0.412331,0.306324,0.111463,0.945374,-0.75763,0.629734,0.171364,-0.576589,-0.768865,0.276142,-1e-06,5e-06,2e-06,-0.010357,0.083315,-0.180284,0.51443,0.036889,0.050462,0.021351,-0.142148,-0.245442,0.958932,0.812304,-0.582527,-0.028688,0.565645,0.774867,0.282179,1e-06,-6e-06,-3e-06,-0.010351,0.083306,-0.180278,0.512281,0.101522,0.056778,-0.043267,0.147435,0.98401,0.099923,-0.982988,0.134591,0.124975,0.109528,-0.116648,0.987114,-0.00201,-0.010724,-0.004158,2.880755,-2.311276,-1.302386,-0.513894
5000,0.127804,0.06855,0.39942,0.150048,0.988428,0.023245,-0.986577,0.148213,0.068327,0.063898,-0.034414,0.997376,-0.015856,-0.024837,-0.009002,2.053597,-2.460378,-1.455281,-0.411886,-0.10569,0.064909,0.41234,0.306403,0.111453,0.94535,-0.75762,0.629726,0.171437,-0.57656,-0.768873,0.27618,-0.0,0.0,0.0,0.0,0.0,0.0,0.513769,0.036906,0.050462,0.021355,-0.14223,-0.245435,0.958922,0.812306,-0.582528,-0.028614,0.565623,0.774868,0.282221,1e-06,-5e-06,-2e-06,7e-06,4e-06,-3.2e-05,0.511628,0.101446,0.056632,-0.043413,0.08916,0.993861,0.065492,-0.992426,0.083068,0.09049,0.084494,-0.073064,0.993741,-0.00771,-0.007299,-0.009097,2.730347,-2.993702,-2.912006,-0.514058
5001,0.127186,0.0677,0.398762,0.026166,0.997132,-0.071327,-0.999582,0.026932,0.009074,0.010929,0.069819,0.997514,-0.017403,-0.032554,-0.012148,-0.101392,-2.014892,-3.99138,-0.416827,-0.105606,0.064945,0.412369,0.306711,0.111394,0.945257,-0.757551,0.629733,0.171715,-0.576488,-0.768875,0.276324,0.010397,0.003783,0.000992,0.002045,-0.015205,0.029245,0.513782,0.036944,0.050476,0.021369,-0.142527,-0.245395,0.958888,0.812287,-0.582567,-0.028352,0.565575,0.774852,0.282363,0.000667,-0.004047,0.005035,-0.035468,0.002351,-0.02251,0.510812,0.101136,0.056203,-0.04375,-0.03518,0.998987,-0.028022,-0.999128,-0.034527,0.023462,0.022471,0.028823,0.999331,-0.009006,-0.016788,-0.006413,2.649361,-3.37514,-7.472378,-0.514874
5002,0.126095,0.066257,0.398353,-0.112926,0.974073,-0.196149,-0.990848,-0.125015,-0.050644,-0.07372,0.187422,0.979523,-0.029339,-0.034898,-0.012764,1.92927,-3.055217,-2.30212,-0.429051,-0.105547,0.064977,0.412408,0.306955,0.111355,0.945183,-0.757518,0.629711,0.171943,-0.576402,-0.7689,0.276437,-0.000352,0.001522,0.000558,0.0,0.0,0.0,0.51397,0.036978,0.050494,0.021389,-0.142807,-0.245363,0.958854,0.812286,-0.582581,-0.0281,0.565505,0.774852,0.282501,0.005168,0.002016,0.000541,0.003545,-0.027278,0.055374,0.510648,0.100594,0.055476,-0.043957,-0.178606,0.972048,-0.152381,-0.98166,-0.186535,-0.039319,-0.066644,0.142564,0.987538,-0.015105,-0.023549,-0.002273,2.098756,-2.760615,-2.354163,-0.517814
5003,0.124738,0.064347,0.398121,-0.23295,0.914772,-0.330108,-0.952232,-0.283418,-0.113578,-0.197175,0.286742,0.937512,-0.042892,-0.051796,-0.00618,2.494468,-3.546736,-1.357424,-0.448296,-0.105525,0.064943,0.412444,0.306932,0.111391,0.945186,-0.757606,0.629606,0.171941,-0.576299,-0.76898,0.276428,-0.0,0.0,0.0,0.0,0.0,0.0,0.513729,0.036988,0.050479,0.021408,-0.142781,-0.245397,0.958849,0.812365,-0.58247,-0.028103,0.565398,0.774924,0.282518,4e-06,-2.2e-05,-9e-06,3e-06,-1e-05,-2.4e-05,0.510485,0.099934,0.054557,-0.044074,-0.298724,0.911051,-0.284161,-0.934787,-0.339294,-0.10512,-0.192184,0.234228,0.952995,-0.021396,-0.025811,-0.003067,2.11728,-3.174037,-3.119751,-0.53055
5004,0.123979,0.063159,0.398031,-0.274746,0.875199,-0.398228,-0.924522,-0.354178,-0.140675,-0.263827,0.32843,0.906949,-0.044769,-0.060038,-0.009735,2.421196,-3.395674,-1.740868,-0.46653,-0.10552,0.06492,0.412455,0.304141,0.111975,0.946018,-0.758148,0.629659,0.169334,-0.577061,-0.768852,0.27519,2.8e-05,-0.00012,-4.4e-05,-0.010234,0.083537,-0.180838,0.513861,0.036991,0.050467,0.021413,-0.139945,-0.245827,0.959158,0.812456,-0.582214,-0.030678,0.565976,0.774981,0.281202,1.8e-05,-8.2e-05,-3.3e-05,-0.001512,-0.002284,0.004158,0.510322,0.099528,0.053928,-0.044117,-0.339356,0.869503,-0.358887,-0.901406,-0.409659,-0.140161,-0.268892,0.275938,0.922796,-0.022477,-0.030681,-0.005126,2.422999,-3.374698,-1.76093,-0.539041
5005,0.122207,0.059618,0.397875,-0.330328,0.78712,-0.520932,-0.844967,-0.492494,-0.208451,-0.420229,0.370331,0.828426,-0.051267,-0.103415,-0.001896,3.001025,-1.599339,-3.093538,-0.49737,-0.105516,0.064897,0.412476,0.3041,0.112003,0.946028,-0.75821,0.629592,0.169308,-0.577002,-0.768903,0.275171,0.0,-0.0,-0.0,0.0,0.0,-0.0,0.513625,0.036993,0.050456,0.021423,-0.139817,-0.245874,0.959164,0.812534,-0.582099,-0.030774,0.565896,0.775052,0.281169,-2e-06,0.0,-1e-06,-4.8e-05,-6.5e-05,0.000129,0.510649,0.098664,0.052208,-0.044189,-0.38882,0.785265,-0.481847,-0.816264,-0.536145,-0.215082,-0.427236,0.309686,0.849448,-0.025834,-0.052969,-0.001439,2.270668,-3.899746,0.468947,-0.563535
5006,0.120168,0.055475,0.397829,-0.371337,0.717116,-0.58983,-0.762386,-0.598024,-0.247197,-0.529547,0.356989,0.769523,-0.051111,-0.09826,-0.000647,3.923942,-0.905929,-3.125662,-0.486231,-0.105511,0.064867,0.412504,0.304183,0.112003,0.946002,-0.758246,0.629524,0.169399,-0.576911,-0.768959,0.275207,0.0,-0.0,-0.0,0.0,0.0,0.0,0.513844,0.036996,0.050441,0.021437,-0.139904,-0.245878,0.95915,0.812581,-0.582039,-0.030681,0.565807,0.775095,0.281225,-2e-06,-0.0,-1e-06,-8e-06,-6e-06,4e-06,0.510322,0.097657,0.050137,-0.044227,-0.425494,0.71669,-0.552547,-0.730806,-0.632237,-0.257289,-0.533738,0.29433,0.792775,-0.025354,-0.044595,-0.00507,2.604081,-1.575418,-2.222187,-0.569903
5007,0.119189,0.053728,0.397837,-0.380528,0.681733,-0.624888,-0.7257,-0.63891,-0.255198,-0.572758,0.355519,0.738635,-0.049751,-0.089943,0.002633,2.92064,-1.950167,-2.499871,-0.4717,-0.105502,0.064862,0.412521,0.304198,0.112011,0.945996,-0.758273,0.629486,0.16942,-0.576868,-0.768989,0.275214,-0.000102,0.00044,0.000161,0.0,0.0,0.0,0.5136,0.037,0.050438,0.021446,-0.13992,-0.245886,0.959146,0.812608,-0.582002,-0.030659,0.565764,0.775121,0.281243,-5.8e-05,0.000243,8.8e-05,-8e-06,-1.6e-05,7e-06,0.509995,0.097145,0.04921,-0.04423,-0.436399,0.681662,-0.587275,-0.687999,-0.673442,-0.270431,-0.579838,0.286029,0.762872,-0.024785,-0.044709,0.001469,0.541429,-2.711497,0.546951,-0.565658
5008,0.117062,0.051012,0.397948,-0.38842,0.607563,-0.692852,-0.651871,-0.712543,-0.259461,-0.650849,0.35011,0.673681,-0.057603,-0.060778,0.00197,0.496802,-2.825659,-0.347946,-0.415237,-0.105442,0.064852,0.412555,0.304983,0.110204,0.945955,-0.754555,0.633904,0.169546,-0.581315,-0.765611,0.275276,-1e-06,4e-06,1e-06,0.0,0.0,0.0,0.513625,0.03703,0.050434,0.021463,-0.140807,-0.244152,0.959459,0.809227,-0.5867,-0.030538,0.570371,0.772121,0.280186,1e-06,-9e-06,-4e-06,-0.000169,-0.000513,1.7e-05,0.509995,0.096061,0.047808,-0.044178,-0.44201,0.606902,-0.660527,-0.60616,-0.744883,-0.278781,-0.661208,0.277161,0.697126,-0.028606,-0.029621,0.001355,0.492087,-2.853562,-0.36606,-0.530224
5009,0.114589,0.048673,0.398158,-0.379732,0.535321,-0.754507,-0.577284,-0.774377,-0.258951,-0.72243,0.336562,0.604028,-0.068833,-0.054198,0.005109,0.969447,-1.99312,-0.250876,-0.410169,-0.105365,0.064844,0.412559,0.305138,0.110178,0.945908,-0.754521,0.633908,0.169684,-0.581278,-0.765611,0.275352,0.010912,0.001564,0.000179,0.002045,-0.015205,0.029245,0.513635,0.037064,0.05043,0.021465,-0.140946,-0.244141,0.959441,0.809223,-0.586713,-0.030418,0.570343,0.772115,0.28026,0.000137,-0.000595,-0.00022,-9.5e-05,-1.5e-05,-1.5e-05,0.509995,0.094878,0.046689,-0.044072,-0.428816,0.538865,-0.725079,-0.531435,-0.799521,-0.279896,-0.730543,0.265308,0.62922,-0.028616,-0.028062,0.001924,0.811225,-2.674185,-0.54574,-0.512915
5010,0.111879,0.046723,0.398339,-0.360402,0.485125,-0.796749,-0.521578,-0.812896,-0.259092,-0.772924,0.321581,0.546992,-0.0807,-0.049959,0.007257,4.165793,-0.307382,-2.394022,-0.410136,-0.105352,0.064788,0.412548,0.305142,0.110182,0.945907,-0.754535,0.633889,0.169691,-0.581257,-0.765626,0.275353,0.00065,-0.002805,-0.001029,-0.001495,0.012054,-0.026132,0.51347,0.037074,0.050406,0.021461,-0.140974,-0.244142,0.959437,0.809235,-0.586698,-0.03039,0.570319,0.772126,0.280277,0.000333,-0.001436,-0.000527,-0.00156,0.012058,-0.026147,0.509995,0.093473,0.04568,-0.043975,-0.405636,0.489638,-0.771824,-0.470659,-0.835752,-0.282836,-0.783542,0.248538,0.569464,-0.040401,-0.024863,0.003665,4.160445,-0.231156,-2.346028,-0.509649
5011,0.110351,0.045822,0.398419,-0.349424,0.461768,-0.815302,-0.499134,-0.828089,-0.255155,-0.792538,0.317209,0.520854,-0.068943,-0.04952,0.006888,-0.205324,-1.758855,0.434457,-0.407573,-0.105371,0.064725,0.412526,0.304909,0.110241,0.945975,-0.754612,0.633853,0.169482,-0.581279,-0.765647,0.275248,0.000663,-0.002859,-0.00105,0.0,0.0,0.0,0.513595,0.037064,0.050374,0.02145,-0.14073,-0.24419,0.95946,0.809275,-0.586631,-0.030602,0.570322,0.772162,0.280173,0.000475,-0.002047,-0.000751,-0.001543,0.012065,-0.026163,0.510159,0.092765,0.045261,-0.043937,-0.396779,0.46829,-0.789474,-0.445456,-0.850242,-0.280456,-0.802579,0.240397,0.545961,-0.034289,-0.024178,0.003769,-0.39054,-0.139544,-1.984036,-0.508669
5012,0.107496,0.0443,0.398626,-0.332342,0.414773,-0.847088,-0.451636,-0.858405,-0.243185,-0.827603,0.301233,0.473665,-0.078897,-0.03033,0.002183,0.287301,-1.907981,0.112086,-0.40627,-0.105422,0.064544,0.412453,0.304662,0.110291,0.946048,-0.754677,0.633835,0.169262,-0.581325,-0.765656,0.27513,0.000992,-0.004285,-0.001576,0.0,0.0,0.0,0.513406,0.037039,0.050283,0.021413,-0.140471,-0.244228,0.959489,0.809303,-0.58658,-0.030825,0.570346,0.772188,0.280052,0.000592,-0.002558,-0.000941,-0.001534,0.012039,-0.026132,0.510159,0.091336,0.044493,-0.043838,-0.377753,0.425217,-0.822491,-0.397566,-0.876742,-0.270671,-0.836208,0.224748,0.500244,-0.039564,-0.015318,0.000994,4.123954,-0.016583,-2.785414,-0.506057
5013,0.1046,0.043075,0.398993,-0.31925,0.380911,-0.867774,-0.415283,-0.879268,-0.233237,-0.851458,0.285431,0.439972,-0.078404,-0.033077,0.014866,-0.072452,-1.098288,0.099301,-0.404397,-0.105402,0.064387,0.412396,0.30465,0.110291,0.946052,-0.754681,0.633833,0.169253,-0.581326,-0.765657,0.275122,0.000928,-0.004008,-0.001477,-0.001496,0.012054,-0.026132,0.513215,0.037049,0.050203,0.021384,-0.140479,-0.244224,0.959489,0.809303,-0.586582,-0.030816,0.570345,0.772189,0.280054,0.000319,-0.001376,-0.000506,-1.8e-05,1.4e-05,-3.5e-05,0.509669,0.089861,0.043863,-0.043656,-0.360753,0.391607,-0.846463,-0.358403,-0.896099,-0.261824,-0.861048,0.208921,0.463623,-0.033155,-0.016914,0.007096,-0.088354,-1.184331,-0.335152,-0.504914
5014,0.103131,0.04254,0.399251,-0.309114,0.366388,-0.877641,-0.400917,-0.88698,-0.22914,-0.862025,0.280569,0.422161,-0.077565,-0.028746,0.016931,-0.080603,-1.191361,-0.26068,-0.405146,-0.105383,0.06434,0.412378,0.304553,0.110319,0.94608,-0.754712,0.633819,0.169164,-0.581335,-0.765665,0.275081,0.000417,-0.001801,-0.000664,0.0,0.0,0.0,0.513077,0.03706,0.050175,0.021373,-0.140356,-0.244252,0.9595,0.809323,-0.586548,-0.030925,0.570347,0.772205,0.280004,0.000231,-0.000995,-0.000369,-2.1e-05,-8e-06,-8e-06,0.509669,0.089126,0.043592,-0.043529,-0.350611,0.379361,-0.856245,-0.343809,-0.902583,-0.25911,-0.871129,0.203538,0.446883,-0.038722,-0.014156,0.008623,-0.071161,-0.782073,0.173614,-0.504587
5015,0.100437,0.041635,0.399989,-0.301536,0.342797,-0.889726,-0.376574,-0.900061,-0.219215,-0.875584,0.268514,0.401597,-0.06324,-0.019708,0.02091,-0.065705,-0.400414,-0.020567,-0.410032,-0.105356,0.064296,0.412361,0.304617,0.110304,0.946061,-0.754691,0.633828,0.16922,-0.581329,-0.765659,0.275111,3.7e-05,-0.000158,-5.8e-05,0.0,0.0,0.0,0.513211,0.037074,0.050151,0.021364,-0.140423,-0.244239,0.959493,0.809312,-0.586566,-0.030867,0.570345,0.772196,0.280033,-7e-06,3.4e-05,1.3e-05,-1.3e-05,-0.0,-1.5e-05,0.509669,0.087796,0.043139,-0.043172,-0.340097,0.355501,-0.870604,-0.318231,-0.914678,-0.249183,-0.884908,0.192307,0.424211,-0.031953,-0.014658,0.015276,-0.095185,-0.492331,-0.092352,-0.506546
5016,0.098136,0.041017,0.400941,-0.298477,0.335951,-0.893361,-0.368001,-0.90411,-0.217101,-0.880266,0.263535,0.394598,-0.061684,-0.020332,0.034896,-0.103191,-0.002514,-0.037814,-0.406762,-0.105364,0.064294,0.412361,0.301852,0.110886,0.946879,-0.755186,0.633927,0.166627,-0.582126,-0.765494,0.273881,-2e-05,8.6e-05,3.2e-05,0.0,0.0,-0.0,0.513064,0.037069,0.050153,0.021365,-0.137504,-0.244693,0.9598,0.809385,-0.586319,-0.033522,0.570952,0.772239,0.278672,-2.1e-05,9.3e-05,3.5e-05,-0.000821,-0.001403,0.002582,0.509505,0.086598,0.042815,-0.042679,-0.336442,0.349311,-0.874521,-0.309706,-0.918042,-0.247546,-0.889319,0.18756,0.417051,-0.030711,-0.009645,0.017746,-0.107585,0.051599,-0.008465,-0.5072
5017,0.09617,0.040645,0.402103,-0.303654,0.332056,-0.893073,-0.3645,-0.906463,-0.21316,-0.879947,0.260379,0.397397,-0.034964,-0.006148,0.026784,-0.071437,0.066595,-0.095007,-0.39763,-0.105364,0.064294,0.412361,0.301852,0.110886,0.946879,-0.755186,0.633927,0.166627,-0.582126,-0.765494,0.273881,-0.0,0.0,0.0,0.0,0.0,-0.0,0.512988,0.037069,0.050154,0.021366,-0.13753,-0.24469,0.959797,0.809387,-0.586319,-0.033498,0.570944,0.772241,0.278685,1e-06,1.1e-05,6e-06,-3.6e-05,-1.1e-05,8.7e-05,0.509342,0.085629,0.042633,-0.042107,-0.341624,0.345488,-0.874031,-0.306138,-0.920168,-0.244068,-0.888578,0.184195,0.420119,-0.023763,-0.006809,0.018949,-0.10888,0.100199,-0.139068,-0.503771
5018,0.095365,0.040532,0.402742,-0.306781,0.329513,-0.892946,-0.364955,-0.907149,-0.20943,-0.878669,0.26122,0.399665,-0.03486,-0.012858,0.037798,-0.106099,0.084287,-0.11105,-0.39425,-0.105366,0.064302,0.412364,0.301872,0.11088,0.946873,-0.755179,0.63393,0.166645,-0.582124,-0.765492,0.27389,-0.000102,0.00044,0.000162,0.0,0.0,0.0,0.513239,0.037068,0.050157,0.021367,-0.137552,-0.244685,0.959795,0.809384,-0.586324,-0.033479,0.570943,0.772238,0.278694,-6.4e-05,0.000296,0.000113,-1.7e-05,7e-06,4.3e-05,0.509505,0.085227,0.042581,-0.041791,-0.344553,0.342765,-0.873953,-0.306494,-0.921018,-0.24039,-0.887324,0.185034,0.422395,-0.02273,0.00037,0.015316,-0.080237,0.168075,-0.302683,-0.500668
5019,0.093987,0.040516,0.404136,-0.313223,0.320564,-0.893966,-0.36009,-0.911081,-0.200594,-0.878396,0.258673,0.401916,-0.031293,0.006377,0.032875,-0.071552,0.007819,-0.091254,-0.387164,-0.105366,0.064302,0.412364,0.302011,0.110842,0.946834,-0.755134,0.633951,0.166771,-0.582111,-0.76548,0.27395,-0.0,0.0,0.0,0.0,0.0,0.0,0.513134,0.037068,0.050158,0.021367,-0.137697,-0.244654,0.959782,0.809361,-0.586363,-0.033351,0.570941,0.772219,0.278754,2e-06,-2e-06,1e-06,-4e-06,1e-06,1e-06,0.509669,0.084548,0.042566,-0.041108,-0.350052,0.333412,-0.875385,-0.301195,-0.924947,-0.231847,-0.886986,0.182503,0.424202,-0.015634,0.003316,0.016528,-0.07374,0.013871,-0.08711,-0.494626
5020,0.093041,0.040642,0.405628,-0.311271,0.304857,-0.900121,-0.349452,-0.917482,-0.189952,-0.883372,0.255038,0.393239,-0.017544,0.010584,0.034406,-0.08505,-0.536202,-0.281446,-0.388166,-0.105366,0.064302,0.412364,0.302149,0.110804,0.946794,-0.755088,0.633972,0.166897,-0.582099,-0.765469,0.27401,-0.0,0.0,0.0,0.0,0.0,0.0,0.513078,0.037068,0.050158,0.021367,-0.137842,-0.244622,0.95977,0.809337,-0.586402,-0.033223,0.570939,0.772199,0.278813,1e-06,-1e-06,1e-06,-0.0,9e-06,-2.2e-05,0.509505,0.084059,0.042627,-0.040346,-0.348755,0.319092,-0.88122,-0.290202,-0.930811,-0.222198,-0.891151,0.178239,0.417226,-0.009254,0.0002,0.021901,-0.125608,-0.542985,-0.340008,-0.493157
5021,0.092709,0.040786,0.406408,-0.308148,0.297174,-0.903758,-0.344363,-0.920358,-0.185276,-0.886463,0.253753,0.387067,-0.016711,0.013247,0.035621,-0.087171,-0.579911,-0.30081,-0.38866,-0.105374,0.0643,0.412363,0.302125,0.11081,0.946801,-0.755096,0.633968,0.166876,-0.582101,-0.765471,0.273999,-0.0,0.0,0.0,0.0,0.0,0.0,0.513101,0.037064,0.050157,0.021367,-0.137818,-0.244626,0.959772,0.809341,-0.586396,-0.033244,0.570939,0.772202,0.278802,1e-06,-1e-06,1e-06,-6e-06,-3e-06,-3e-06,0.509505,0.083893,0.042701,-0.039956,-0.345153,0.311744,-0.885259,-0.284833,-0.933531,-0.21769,-0.894281,0.177015,0.411006,-0.008803,0.001653,0.022569,-0.127679,-0.604356,-0.335094,-0.49332
5022,0.092188,0.041156,0.408019,-0.30605,0.273262,-0.911979,-0.329815,-0.929009,-0.167741,-0.892699,0.249102,0.375585,-0.003896,0.014368,0.03555,-0.042721,-0.468762,-0.232028,-0.388187,-0.105364,0.064294,0.412361,0.302918,0.10898,0.94676,-0.751282,0.63845,0.167005,-0.58661,-0.761998,0.274062,2e-06,-9e-06,-3e-06,0.0,0.0,0.0,0.513033,0.037069,0.050154,0.021366,-0.138715,-0.242872,0.960088,0.80587,-0.591164,-0.033113,0.575613,0.769114,0.277727,-1e-06,4e-06,1e-06,-0.000152,-0.000315,-2.4e-05,0.509669,0.083628,0.042895,-0.039135,-0.340387,0.287253,-0.895332,-0.269232,-0.9421,-0.199902,-0.900916,0.173007,0.398017,-0.001892,0.007446,0.017915,-0.040428,-0.494931,-0.235629,-0.493646
5023,0.092025,0.041281,0.409696,-0.30614,0.237915,-0.921803,-0.311173,-0.940067,-0.139343,-0.899333,0.24388,0.362972,-0.006153,-0.000347,0.042702,-0.142464,-0.297009,-0.259717,-0.387827,-0.105394,0.064279,0.412356,0.303445,0.107212,0.946793,-0.747525,0.64287,0.166905,-0.591123,-0.758522,0.274009,0.000317,-0.001371,-0.000506,0.003814,0.000672,0.001104,0.513283,0.037057,0.050151,0.021365,-0.139359,-0.241139,0.960432,0.802415,-0.595842,-0.03317,0.580264,0.766044,0.27653,0.0,6e-06,3e-06,0.042415,0.004585,0.012549,0.509669,0.08355,0.042971,-0.038322,-0.33777,0.252169,-0.906819,-0.249117,-0.953035,-0.172231,-0.907662,0.16773,0.384726,-0.003027,4.6e-05,0.021465,-0.46267,-0.176658,-0.795696,-0.493646
5024,0.092013,0.041219,0.410466,-0.308163,0.219315,-0.925733,-0.301637,-0.945361,-0.123611,-0.901884,0.240864,0.358631,-0.006697,-0.002196,0.041815,-0.110581,-0.268841,-0.138784,-0.386707,-0.105426,0.064272,0.412355,0.303353,0.107234,0.94682,-0.747556,0.642856,0.166824,-0.591132,-0.758531,0.273965,-0.01075,-0.002347,-0.000465,-0.002045,0.015205,-0.029245,0.513677,0.037042,0.050144,0.021363,-0.139261,-0.241181,0.960436,0.80243,-0.595817,-0.033268,0.580268,0.76605,0.276505,2e-06,-2e-06,2e-06,-0.00024,-0.000518,-2.9e-05,0.509995,0.083547,0.042941,-0.03792,-0.338449,0.233221,-0.911624,-0.238993,-0.958335,-0.156442,-0.910128,0.164924,0.380086,0.002199,-0.003125,0.019741,-0.104649,-0.248634,-0.104728,-0.493483
5025,0.091865,0.040958,0.412009,-0.305087,0.201872,-0.930707,-0.280763,-0.952883,-0.114705,-0.909637,0.226056,0.348549,0.003215,-0.010387,0.037538,-0.112723,-0.317061,-0.154076,-0.360636,-0.105519,0.064235,0.412345,0.303803,0.105474,0.946874,-0.743795,0.647244,0.166669,-0.595631,-0.755035,0.273875,0.000168,-0.000726,-0.000268,0.042387,0.007461,0.01226,0.513842,0.036991,0.050126,0.021358,-0.139752,-0.239475,0.960791,0.798992,-0.600409,-0.033434,0.584875,0.762993,0.275247,0.000109,-0.00047,-0.000172,0.142389,0.024127,0.041502,0.510322,0.08347,0.042817,-0.037145,-0.335579,0.217408,-0.91658,-0.217726,-0.964557,-0.149074,-0.916505,0.149537,0.37102,-0.004303,-0.004258,0.019451,-0.120527,-0.470731,-0.260091,-0.485808
5026,0.091781,0.040463,0.413535,-0.30755,0.194672,-0.93143,-0.261268,-0.958482,-0.114114,-0.914597,0.208008,0.346803,0.002442,-0.012984,0.036365,-0.101706,0.027425,0.004107,-0.332303,-0.105616,0.064214,0.412341,0.303664,0.105501,0.946916,-0.74384,0.647222,0.166551,-0.595646,-0.75505,0.273803,0.0,-0.0,-0.0,0.0,0.0,0.0,0.513673,0.036943,0.050114,0.021356,-0.139633,-0.23951,0.9608,0.798995,-0.600399,-0.033551,0.5849,0.76299,0.275203,-0.0,1e-05,6e-06,-0.000217,-7.3e-05,-6e-05,0.510812,0.083427,0.042567,-0.036383,-0.336836,0.209642,-0.917927,-0.197791,-0.968899,-0.148703,-0.920554,0.131469,0.367825,0.000621,-0.011964,0.02275,-0.141625,0.075234,-0.034973,-0.466214
5027,0.091678,0.039718,0.415128,-0.307261,0.195599,-0.931331,-0.241679,-0.96258,-0.122484,-0.920062,0.187199,0.344195,0.000918,-0.025153,0.044994,-0.135951,0.045108,-0.010477,-0.304285,-0.105719,0.064217,0.412346,0.304066,0.103752,0.94698,-0.740066,0.651583,0.166361,-0.600128,-0.751531,0.273696,-0.000123,0.000535,0.000197,0.0,0.0,0.0,0.513274,0.036892,0.050115,0.021358,-0.140119,-0.237813,0.96115,0.795507,-0.605004,-0.033723,0.58952,0.759878,0.273955,-7.9e-05,0.000342,0.000127,-0.000334,-0.000958,-5.3e-05,0.510648,0.083375,0.042197,-0.035591,-0.336697,0.210698,-0.917736,-0.17812,-0.971298,-0.157647,-0.924612,0.110388,0.364562,0.000226,-0.01329,0.022182,-0.142074,0.060192,-0.041412,-0.446129
5028,0.091601,0.039306,0.41594,-0.307957,0.190192,-0.93222,-0.226065,-0.96636,-0.122534,-0.923788,0.172764,0.341754,0.000738,-0.02577,0.044753,-0.134682,0.042906,-0.046597,-0.286731,-0.105777,0.064213,0.412347,0.303924,0.103786,0.947021,-0.740112,0.651561,0.166237,-0.600142,-0.751545,0.273628,-0.010878,-0.001788,-0.000257,-0.002045,0.015205,-0.029245,0.512965,0.036867,0.050114,0.021359,-0.139999,-0.237842,0.961161,0.795531,-0.604967,-0.033828,0.589517,0.759898,0.273905,-7.7e-05,0.000332,0.000125,-0.000245,-0.000122,-7.8e-05,0.510322,0.083337,0.04199,-0.035186,-0.336813,0.205095,-0.918962,-0.162247,-0.974031,-0.157919,-0.927487,0.09591,0.361343,0.000822,-0.007776,0.017638,-0.093927,0.045707,0.002191,-0.434045
5029,0.091465,0.038507,0.41765,-0.30604,0.173639,-0.936074,-0.183027,-0.975595,-0.121188,-0.933897,0.134016,0.331517,0.001389,-0.023628,0.045782,0.315821,-0.213954,-0.34872,-0.240818,-0.105857,0.06423,0.412356,0.303796,0.103813,0.947059,-0.740154,0.651542,0.166127,-0.600155,-0.751558,0.273563,-0.000178,0.000776,0.000286,0.0,0.0,0.0,0.512791,0.036823,0.050121,0.021363,-0.139839,-0.23787,0.961177,0.795562,-0.604919,-0.03396,0.589512,0.759928,0.273832,-0.000131,0.000572,0.000213,-0.000169,0.0,-3.4e-05,0.509832,0.083268,0.041577,-0.034316,-0.334219,0.189039,-0.923342,-0.118863,-0.98031,-0.157678,-0.93497,0.057053,0.350107,0.000705,-0.011727,0.022945,0.31628,-0.24752,-0.368086,-0.40155
5030,0.091447,0.037698,0.41948,-0.294292,0.145328,-0.944625,-0.133586,-0.984903,-0.109963,-0.945984,0.09364,0.310439,0.002323,-0.020544,0.047214,0.307695,-0.630108,-0.48217,-0.221626,-0.105945,0.064245,0.412364,0.303782,0.103805,0.947065,-0.740157,0.651539,0.166122,-0.600158,-0.751562,0.273548,-0.000171,0.000744,0.000274,0.0,0.0,0.0,0.513027,0.036778,0.050129,0.021367,-0.139824,-0.237863,0.961181,0.795568,-0.604911,-0.033965,0.589508,0.759936,0.273817,-0.005482,-0.0007,-5.4e-05,-0.002154,0.015213,-0.029292,0.509832,0.083257,0.041177,-0.033419,-0.321431,0.16237,-0.932907,-0.068987,-0.986586,-0.147943,-0.944416,0.016805,0.328321,0.001099,-0.010399,0.023558,1.41476,-0.798845,-0.977026,-0.377383
5031,0.091454,0.037233,0.420437,-0.288432,0.126906,-0.949077,-0.100382,-0.989704,-0.101887,-0.951881,0.065718,0.299384,0.001958,-0.021778,0.046702,1.351409,-0.33827,-0.787262,-0.206845,-0.105984,0.064228,0.41236,0.303785,0.103799,0.947065,-0.740156,0.651539,0.166128,-0.600158,-0.751562,0.273544,-0.010619,-0.002907,-0.000669,-0.002045,0.015205,-0.029245,0.512733,0.036762,0.050125,0.021366,-0.13985,-0.237852,0.96118,0.795565,-0.604916,-0.033938,0.589506,0.759935,0.273825,0.000116,-0.000504,-0.000184,-9.7e-05,4e-06,-1.1e-05,0.509832,0.083262,0.040949,-0.032939,-0.313083,0.14437,-0.938688,-0.036416,-0.989476,-0.140036,-0.949027,-0.009659,0.315045,0.000756,-0.011138,0.023104,4.810257,0.205709,-2.598713,-0.367913
