frame,MLTx,MLTy,MLTz,MLTR1,MLTR2,MLTR3,MLTR4,MLTR5,MLTR6,MLTR7,MLTR8,MLTR9,MLTTVx,MLTTVy,MLTTVz,MLTRVx,MLTRVy,MLTRVz,MLGA,MRTx,MRTy,MRTz,MRTR1,MRTR2,MRTR3,MRTR4,MRTR5,MRTR6,MRTR7,MRTR8,MRTR9,MRTTVx,MRTTVy,MRTTVz,MRTRVx,MRTRVy,MRTRVz,MRGA,SLTx,SLTy,SLTz,SLTR1,SLTR2,SLTR3,SLTR4,SLTR5,SLTR6,SLTR7,SLTR8,SLTR9,SLTTVx,SLTTVy,SLTTVz,SLTRVx,SLTRVy,SLTRVz,SLGA,SRTx,SRTy,SRTz,SRTR1,SRTR2,SRTR3,SRTR4,SRTR5,SRTR6,SRTR7,SRTR8,SRTR9,SRTTVx,SRTTVy,SRTTVz,SRTRVx,SRTRVy,SRTRVz,SRGA
1230,0.133506,0.01092,0.280695,-0.512364,-0.327847,-0.793754,-0.258073,-0.822784,0.506356,-0.818463,0.464688,0.337949,0.035353,-0.036757,-0.062971,0.458012,-0.007038,1.242707,-1.600206,-0.210052,0.021739,0.293204,-0.733617,0.167597,0.658567,-0.418828,-0.874692,-0.243786,0.536104,-0.454853,0.71103,0.000718,0.005628,0.005774,1.621421,1.67568,-0.640515,0.483981,0.021072,0.06455,-0.011468,0.73957,-0.150322,0.656078,0.398458,0.883366,-0.246767,-0.542463,0.443922,0.713208,0.000424,0.003282,0.003363,-1.01091,0.725604,-0.120909,0.466397,0.069361,0.056176,-0.066258,0.496832,0.358584,-0.7903,0.211476,0.83317,0.510983,0.841685,-0.421003,0.338114,0.01783,-0.017877,-0.0309,0.466997,-0.229314,1.664158,-0.987437
1231,0.134768,0.009318,0.278758,-0.489766,-0.306836,-0.816104,-0.249872,-0.847382,0.468486,-0.834697,0.433748,0.33937,0.022046,-0.049409,-0.037053,0.462679,0.014975,0.980912,-1.640221,-0.209773,0.021955,0.293326,-0.705444,0.143289,0.694125,-0.432231,-0.863149,-0.260932,0.562627,-0.484245,0.669941,0.000466,0.003682,0.003771,1.831638,1.711506,-0.475104,0.483769,0.021212,0.064661,-0.011404,0.710496,-0.125382,0.69244,0.412191,0.871675,-0.265103,-0.570344,0.473773,0.671003,0.000208,0.00171,0.001703,1.819845,1.639091,-0.48841,0.468683,0.069997,0.055379,-0.067238,0.475317,0.336215,-0.813039,0.202402,0.857531,0.472941,0.856216,-0.389358,0.339548,0.018654,-0.018691,-0.021766,0.798309,-0.148118,0.949577,-0.996745
1232,0.135955,0.007874,0.277344,-0.465269,-0.282349,-0.838957,-0.242042,-0.871079,0.427328,-0.850879,0.402232,0.337995,0.023857,-0.04067,-0.027076,0.354624,0.147452,1.058311,-1.672003,-0.209587,0.022021,0.293268,-0.677868,0.132259,0.723183,-0.446023,-0.855968,-0.261373,0.585301,-0.499869,0.638292,-0.000253,-0.002011,-0.002059,-0.150886,0.720265,0.310228,0.483241,0.021301,0.0647,-0.011426,0.68427,-0.114246,0.720222,0.425631,0.864532,-0.267246,-0.592124,0.489418,0.640201,-0.000206,0.005101,-0.004351,-0.101284,0.748119,0.570413,0.469009,0.070576,0.054664,-0.067936,0.452137,0.311561,-0.835763,0.193233,0.880541,0.43279,0.870765,-0.357177,0.337922,0.012012,-0.020008,-0.01316,0.169078,-0.130873,0.83806,-0.995275
1233,0.136494,0.007284,0.27682,-0.457559,-0.272083,-0.846556,-0.235557,-0.880945,0.410391,-0.856865,0.387524,0.340051,0.024605,-0.036981,-0.022768,0.278908,0.047493,0.981023,-1.678661,-0.209533,0.02205,0.293166,-0.666748,0.126982,0.73438,-0.44778,-0.855959,-0.258381,0.596623,-0.501245,0.626624,0.013446,-0.003311,-0.004117,-0.168276,0.875296,0.190546,0.483208,0.021333,0.064711,-0.011481,0.672445,-0.109308,0.73203,0.427626,0.864634,-0.26371,-0.604113,0.490366,0.628162,0.006712,-0.001776,-0.002179,-0.188884,0.93839,0.244007,0.468846,0.070869,0.054344,-0.06822,0.44549,0.29874,-0.843973,0.186318,0.891109,0.413773,0.875684,-0.341579,0.34132,0.012409,-0.018044,-0.010862,0.310607,0.093048,1.013862,-0.992009
1234,0.13755,0.006254,0.275963,-0.441708,-0.242836,-0.863696,-0.229146,-0.900218,0.370232,-0.866875,0.361743,0.343068,0.025816,-0.030951,-0.01564,0.358792,0.211281,1.141858,-1.6898,-0.209322,0.022243,0.292992,-0.644352,0.112933,0.756339,-0.44685,-0.85823,-0.252389,0.621414,-0.500709,0.602494,-2e-06,-1.3e-05,-1.3e-05,-0.124204,0.812209,-0.117439,0.483899,0.021437,0.0648,-0.011575,0.649036,-0.095904,0.754687,0.427032,0.86692,-0.257084,-0.629599,0.489132,0.603617,6e-06,2.7e-05,2.8e-05,-0.113449,0.772774,-0.145986,0.469173,0.071398,0.053833,-0.068645,0.430644,0.269654,-0.861296,0.179234,0.909762,0.374443,0.884545,-0.315626,0.343452,0.012989,-0.015147,-0.007433,0.308384,0.144359,1.091426,-0.98711
1235,0.138477,0.005372,0.275372,-0.423628,-0.220057,-0.878727,-0.222691,-0.914983,0.336433,-0.877532,0.338475,0.339705,0.026656,-0.026754,-0.010622,0.131214,-0.271333,0.806116,-1.69612,-0.208993,0.022608,0.292788,-0.623431,0.101073,0.775312,-0.446841,-0.85978,-0.247073,0.642403,-0.500571,0.580181,0.013661,0.012163,-0.007426,-0.032561,0.407365,0.137806,0.48574,0.021596,0.064979,-0.011674,0.627961,-0.08457,0.773636,0.427079,0.868469,-0.251723,-0.650591,0.488476,0.581482,0.006847,0.006174,-0.003623,-0.04309,0.543938,-0.00536,0.470969,0.071862,0.053394,-0.068937,0.415059,0.244365,-0.876362,0.171921,0.924832,0.339305,0.893402,-0.291496,0.341849,0.013377,-0.013175,-0.005079,0.101046,-0.313701,0.770836,-0.991519
1236,0.13951,0.004568,0.274876,-0.409201,-0.195025,-0.891384,-0.220419,-0.926837,0.303908,-0.884933,0.321075,0.337389,0.026978,-0.025494,-0.009183,0.205233,0.137867,0.834888,-1.688797,-0.208451,0.023059,0.292501,-0.6044,0.094491,0.791053,-0.449274,-0.86042,-0.240343,0.65868,-0.50075,0.561475,0.01358,0.011675,-0.007927,-0.042908,0.487624,0.201839,0.485078,0.021868,0.065206,-0.011815,0.609607,-0.078214,0.788834,0.429269,0.869153,-0.24556,-0.666412,0.488318,0.563417,0.006794,0.005828,-0.003982,-0.066526,0.607816,0.2951,0.471622,0.07237,0.053007,-0.069176,0.400957,0.220696,-0.889114,0.169252,0.935992,0.308659,0.900325,-0.274243,0.33794,0.01378,-0.006357,-0.007561,0.248105,0.010685,1.052012,-0.98907
1237,0.140031,0.004195,0.274637,-0.39996,-0.184063,-0.897885,-0.219523,-0.93188,0.288758,-0.889378,0.312822,0.33343,0.027607,-0.012483,-0.014869,0.123533,-0.127737,0.697708,-1.684844,-0.208093,0.023249,0.292346,-0.592358,0.092193,0.800378,-0.451575,-0.860712,-0.234923,0.667973,-0.500675,0.550454,0.013433,0.01055,-0.009081,-0.114946,0.980611,0.339608,0.485387,0.022047,0.065303,-0.011891,0.599306,-0.075944,0.796908,0.43105,0.869462,-0.241308,-0.674557,0.488125,0.55381,0.0136,0.00495,-0.005256,-0.028956,0.432344,0.163739,0.471295,0.07262,0.05282,-0.069287,0.393444,0.208579,-0.895374,0.167873,0.941249,0.293032,0.903891,-0.265601,0.335314,0.013642,-0.012044,-0.003758,0.161889,0.035135,0.789427,-0.984008
1238,0.141054,0.003484,0.274133,-0.382741,-0.168874,-0.908315,-0.210638,-0.941309,0.263707,-0.899067,0.292462,0.32584,0.042178,-0.014727,-0.017468,0.033965,-0.314191,0.56041,-1.677334,-0.207454,0.023541,0.292034,-0.572611,0.086389,0.815258,-0.454203,-0.861295,-0.227609,0.683226,-0.500702,0.531379,0.027106,0.0094,-0.011019,-0.036505,0.488885,0.24481,0.48501,0.022361,0.065449,-0.012046,0.577362,-0.070761,0.813415,0.43434,0.870199,-0.232594,-0.691375,0.48759,0.533155,0.00665,0.004729,-0.005114,-0.063311,0.727828,0.102525,0.471295,0.073137,0.052465,-0.069539,0.37737,0.19159,-0.906026,0.158664,0.950521,0.267084,0.912368,-0.244544,0.3283,0.013607,-0.012535,-0.004429,-0.022602,-0.335341,0.511451,-0.982375
1239,0.142251,0.002942,0.273494,-0.370501,-0.15353,-0.91608,-0.205265,-0.948328,0.241894,-0.905427,0.277846,0.320985,0.027548,-0.013844,-0.016819,0.090377,-0.15327,0.641996,-1.663862,-0.206722,0.02381,0.291737,-0.549968,0.081081,0.831236,-0.457566,-0.861866,-0.218531,0.699377,-0.500601,0.510034,0.027123,0.009724,-0.010704,-0.033956,0.571059,0.019959,0.486728,0.022738,0.065586,-0.0122,0.554068,-0.065926,0.829856,0.437901,0.870878,-0.223188,-0.707991,0.487056,0.511395,0.013573,0.004903,-0.005324,-0.022031,0.510249,-0.026095,0.471785,0.073751,0.052189,-0.069864,0.365165,0.17598,-0.914157,0.1532,0.957222,0.245467,0.91825,-0.229685,0.322584,0.013786,-0.00692,-0.008423,0.107849,-0.118803,0.667706,-0.978783
1240,0.142801,0.002678,0.273172,-0.364882,-0.147866,-0.919262,-0.202083,-0.951195,0.233157,-0.908424,0.27102,0.31834,0.02756,-0.014027,-0.017115,0.098863,0.001606,0.509927,-1.649872,-0.206323,0.023922,0.291613,-0.537232,0.078923,0.839729,-0.459664,-0.862155,-0.212912,0.707839,-0.500445,0.49838,0.027467,-0.001417,-0.002995,-0.093574,0.698979,0.384908,0.488493,0.022937,0.06564,-0.012264,0.54257,-0.063776,0.837585,0.439634,0.871206,-0.21845,-0.715778,0.486755,0.500729,0.013741,-0.0007,-0.001501,-0.110134,0.788019,0.452511,0.473582,0.074016,0.052063,-0.070018,0.359691,0.170679,-0.917327,0.14986,0.959796,0.237342,0.920958,-0.22284,0.319653,0.013832,-0.006771,-0.008266,0.160456,0.133701,0.608862,-0.974211
1241,0.143858,0.002237,0.272585,-0.355607,-0.137833,-0.924441,-0.194817,-0.95641,0.217483,-0.913683,0.2576,0.314407,0.013884,0.003224,-0.017741,0.089059,-0.118836,0.186044,-1.604478,-0.205615,0.024096,0.291434,-0.516331,0.073045,0.853263,-0.461826,-0.862806,-0.205466,0.721832,-0.500209,0.478135,0.013506,0.011685,-0.007938,-0.027805,0.515282,0.225048,0.491778,0.023275,0.065723,-0.01235,0.521823,-0.058631,0.851036,0.441917,0.871911,-0.210898,-0.729663,0.486139,0.480893,0.006892,-0.000154,-0.00056,-0.104173,0.797652,0.418516,0.47799,0.074537,0.051832,-0.070316,0.351894,0.159163,-0.922408,0.142446,0.964853,0.220829,0.925137,-0.209102,0.316854,0.014166,-0.004798,-0.005823,0.464018,-0.36851,0.190389,-0.955759
1242,0.144526,0.002078,0.272395,-0.354361,-0.128997,-0.926193,-0.196429,-0.958071,0.208534,-0.913823,0.255982,0.31532,0.000104,0.00069,0.000875,0.008243,-0.123434,0.192189,-1.584231,-0.204853,0.024109,0.291332,-0.502461,0.065554,0.862106,-0.462563,-0.862793,-0.203856,0.731077,-0.50126,0.46274,0.02743,-0.001666,-0.003295,-0.012691,0.148393,-0.053086,0.493517,0.023662,0.065737,-0.012401,0.506268,-0.051454,0.860838,0.44304,0.871933,-0.208439,-0.739869,0.486913,0.464229,0.006816,-0.000823,-0.001254,-0.00201,0.081447,-0.143554,0.481746,0.074887,0.051742,-0.070433,0.35092,0.150299,-0.924264,0.143915,0.966651,0.211832,0.92528,-0.207351,0.317587,0.007394,-0.000383,-0.000369,-0.007681,-0.028466,0.019706,-0.955106
1243,0.144653,0.002041,0.272483,-0.355804,-0.130012,-0.925498,-0.19643,-0.95775,0.210003,-0.913261,0.256671,0.316388,0.000448,0.00297,0.003768,7.8e-05,0.000224,0.000164,-1.573137,-0.204382,0.024055,0.291248,-0.496622,0.061469,0.865783,-0.46309,-0.862413,-0.204271,0.734719,-0.502427,0.455651,0.027264,-0.003232,-0.004919,-0.019729,0.208113,-0.005597,0.49341,0.023908,0.065711,-0.012442,0.500813,-0.047274,0.864263,0.443401,0.871552,-0.209264,-0.743357,0.488018,0.457446,0.013621,-0.001748,-0.002609,-0.016094,0.166659,-0.032897,0.482399,0.07495,0.051725,-0.070387,0.35202,0.151534,-0.923643,0.144015,0.966287,0.213417,0.924846,-0.208146,0.318329,0.000316,0.002089,0.002641,-0.001727,-0.026825,0.022465,-0.954616
1244,0.144448,0.002071,0.273064,-0.360195,-0.133536,-0.923295,-0.196192,-0.956723,0.214852,-0.911585,0.258692,0.31956,-0.013322,0.000496,0.022432,-0.036275,0.000381,-0.005097,-1.568572,-0.203309,0.02375,0.290955,-0.483625,0.046006,0.87406,-0.465656,-0.859085,-0.212302,0.741722,-0.509713,0.435781,0.026761,-0.00827,-0.010147,0.37057,0.670664,-0.353733,0.492169,0.024444,0.065562,-0.012584,0.48779,-0.032137,0.872368,0.445918,0.868282,-0.217352,-0.750477,0.495028,0.43787,0.013359,-0.004357,-0.005322,0.40891,0.709832,-0.411125,0.481093,0.074852,0.051738,-0.070108,0.356186,0.155356,-0.921409,0.143785,0.965224,0.218326,0.923285,-0.21025,0.321461,-0.006653,0.000361,0.011361,-0.037273,0.005456,-0.011746,-0.953473
1245,0.14349,0.002121,0.274199,-0.361145,-0.134698,-0.922755,-0.197312,-0.95607,0.216727,-0.910966,0.260502,0.319854,-0.027607,-0.005616,0.036335,-0.071651,0.027514,-0.045557,-1.567517,-0.20195,0.023212,0.290487,-0.467518,0.028977,0.883503,-0.469205,-0.85518,-0.220108,0.749753,-0.517453,0.41228,0.040172,-0.013139,-0.016101,0.085031,0.448524,-0.128961,0.491524,0.025109,0.065299,-0.012811,0.471151,-0.015529,0.881915,0.449603,0.864432,-0.224973,-0.758862,0.502509,0.41426,0.020264,-0.012515,-0.004598,0.360283,0.713112,-0.397968,0.480276,0.07438,0.05177,-0.06954,0.356985,0.156489,-0.920908,0.144931,0.964649,0.220103,0.922797,-0.212042,0.321686,-0.021104,-0.00181,0.019307,-0.072567,0.042087,-0.075074,-0.959351
1246,0.141811,0.002026,0.275969,-0.363671,-0.134592,-0.921777,-0.204941,-0.953702,0.220052,-0.908271,0.269098,0.3204,-0.056258,-0.008799,0.053355,-0.108438,0.056404,-0.09767,-1.566848,-0.200293,0.022418,0.289817,-0.448148,0.015152,0.893826,-0.482381,-0.845893,-0.227389,0.753189,-0.533056,0.385254,0.039901,-0.017488,-0.020799,0.333283,0.834545,-0.489428,0.491282,0.025937,0.064904,-0.013145,0.45165,-0.002697,0.89219,0.462935,0.855555,-0.231764,-0.762694,0.517703,0.38766,0.02698,-0.015184,-0.007912,1.14881,1.9836,-1.759559,0.479787,0.073551,0.051723,-0.068662,0.359481,0.156469,-0.91994,0.152671,0.962695,0.2234,0.920578,-0.220757,0.322183,-0.020743,-0.00454,0.026691,-0.107259,0.041909,-0.068423,-0.968659
1247,0.140859,0.001873,0.277019,-0.363409,-0.131956,-0.922262,-0.212436,-0.952102,0.219876,-0.906654,0.275985,0.319121,-0.041089,-0.007148,0.055489,-0.107095,0.024578,-0.044983,-1.562966,-0.199399,0.021924,0.28943,-0.43892,0.011026,0.898454,-0.48833,-0.842282,-0.228098,0.754777,-0.53884,0.373933,0.040224,-0.031178,-0.015849,-0.067322,0.349277,0.045941,0.491247,0.026384,0.064661,-0.013341,0.442199,0.002014,0.896914,0.469023,0.851854,-0.233152,-0.764511,0.523773,0.375744,0.026819,-0.010151,-0.012386,-0.037315,0.328214,0.110937,0.479787,0.07307,0.051646,-0.068137,0.359377,0.153835,-0.920424,0.160246,0.961495,0.223267,0.91933,-0.227731,0.320887,-0.027933,-0.003115,0.028201,-0.108313,0.058288,-0.099678,-0.968495
1248,0.138624,0.001304,0.279521,-0.363448,-0.120946,-0.923755,-0.234328,-0.94779,0.216231,-0.901231,0.295195,0.317284,-0.0557,-0.015557,0.06599,-0.028811,-0.416579,0.582538,-1.551948,-0.197507,0.020885,0.288545,-0.425441,-0.001756,0.904979,-0.498688,-0.834015,-0.235931,0.755704,-0.551642,0.352795,0.040196,-0.034438,-0.01956,-0.05366,0.228485,-0.085981,0.491756,0.02733,0.064142,-0.013782,0.428364,0.014506,0.903489,0.479544,0.8438,-0.24091,-0.765859,0.536461,0.354497,0.026859,-0.011233,-0.013686,-0.019979,0.159686,-0.058731,0.47995,0.071959,0.05137,-0.066885,0.360793,0.143086,-0.921603,0.182171,0.958315,0.220102,0.914681,-0.247301,0.319687,-0.035207,-0.007228,0.033545,0.196257,-1.594959,2.015226,-0.972414
1249,0.136116,0.000487,0.282323,-0.361292,-0.113735,-0.925515,-0.246081,-0.945715,0.212222,-0.898967,0.304561,0.314846,-0.055789,-0.025611,0.074738,-0.158586,0.003461,0.088653,-1.551517,-0.195716,0.019755,0.28756,-0.4153,-0.011218,0.909611,-0.508725,-0.826081,-0.24233,0.754641,-0.563335,0.336206,0.040327,-0.036253,-0.021823,-0.049599,0.187445,-0.118424,0.492082,0.028225,0.063576,-0.014276,0.418099,0.02374,0.90809,0.4897,0.836076,-0.247323,-0.765105,0.548098,0.337937,0.019941,-0.012254,-0.014485,-0.004901,0.009099,0.027513,0.480603,0.070705,0.050967,-0.065485,0.358465,0.135318,-0.923683,0.194119,0.957006,0.215534,0.913137,-0.256566,0.316786,-0.035272,-0.012259,0.037898,-0.16941,0.126994,-0.116533,-0.975517
1250,0.134741,-4.2e-05,0.283865,-0.361673,-0.108094,-0.926041,-0.255141,-0.943861,0.209764,-0.896284,0.312266,0.314946,-0.07052,-0.024817,0.074999,-0.088232,0.229433,0.176238,-1.552472,-0.194872,0.019145,0.287024,-0.411826,-0.012607,0.911171,-0.518655,-0.818902,-0.245623,0.749762,-0.573688,0.329547,0.040369,-0.037557,-0.023407,-0.040911,0.087964,0.019386,0.492177,0.028632,0.063281,-0.014532,0.414771,0.025085,0.909579,0.499748,0.82908,-0.250752,-0.760405,0.558565,0.331343,0.020233,-0.018334,-0.011235,-0.044493,0.054584,0.038887,0.480276,0.07005,0.050714,-0.064738,0.358164,0.130946,-0.92443,0.203279,0.955426,0.214096,0.91126,-0.264599,0.315581,-0.035238,-0.012044,0.038002,0.008549,0.563336,0.201165,-0.982049
1251,0.132151,-0.001156,0.286788,-0.359271,-0.099508,-0.927937,-0.262657,-0.943322,0.202794,-0.895082,0.316706,0.313929,-0.071131,-0.037018,0.081202,-0.190676,0.049155,0.052018,-1.552821,-0.193651,0.018022,0.285946,-0.405394,-0.016184,0.913994,-0.529285,-0.811044,-0.248995,0.745818,-0.584651,0.319063,0.026054,-0.026147,-0.030267,-0.019856,0.22885,0.15317,0.49405,0.029263,0.062704,-0.015082,0.409243,0.028746,0.911972,0.51025,0.821394,-0.254863,-0.756415,0.569635,0.321482,0.013267,-0.019354,-0.012028,-0.066503,0.369025,0.211325,0.482073,0.06873,0.050154,-0.063248,0.357298,0.12087,-0.926135,0.210788,0.955572,0.206032,0.909893,-0.268834,0.315946,-0.035437,-0.013028,0.036549,-0.168591,0.027215,0.023311,-0.98711
1252,0.12957,-0.002337,0.289615,-0.359141,-0.088885,-0.929066,-0.270129,-0.942943,0.194577,-0.89291,0.320953,0.315798,-0.071287,-0.02835,0.069806,-0.163505,-0.089882,0.189296,-1.553149,-0.192851,0.017057,0.284789,-0.405064,-0.013378,0.914186,-0.539313,-0.803912,-0.250601,0.738777,-0.594491,0.317258,0.025776,-0.013001,-0.03619,0.035574,0.008575,0.006433,0.493103,0.029663,0.062213,-0.015662,0.408331,0.025872,0.912466,0.520517,0.814561,-0.256029,-0.749884,0.5795,0.319143,0.006109,-0.012686,-0.014381,-0.00368,0.034654,-0.040142,0.482889,0.067413,0.049554,-0.0618,0.357828,0.110189,-0.927263,0.218442,0.955582,0.19785,0.907877,-0.273349,0.317864,-0.035721,-0.01435,0.034749,-0.184324,-0.137049,0.155813,-0.993806
1253,0.127421,-0.003518,0.292031,-0.355417,-0.0788,-0.931405,-0.277927,-0.94246,0.185734,-0.892011,0.324968,0.314227,-0.042829,-0.025919,0.052312,-0.137402,-0.146684,0.221762,-1.549256,-0.192496,0.016229,0.283742,-0.402261,-0.011434,0.915449,-0.540736,-0.80391,-0.247522,0.739265,-0.594536,0.316034,0.01258,-0.020706,-0.023886,-0.001186,0.02059,-0.015812,0.487662,0.029845,0.061796,-0.016196,0.405534,0.023848,0.913768,0.521974,0.814602,-0.252914,-0.750389,0.579529,0.317901,-0.000773,-0.010683,-0.011805,0.006111,-0.075235,0.083241,0.47848,0.066356,0.048979,-0.060605,0.354591,0.100299,-0.929625,0.226175,0.955503,0.189362,0.907253,-0.277404,0.316128,-0.021502,-0.013204,0.025909,-0.145847,-0.166753,0.206869,-0.995602
1254,0.126501,-0.00406,0.293038,-0.354435,-0.074355,-0.932145,-0.281303,-0.942176,0.18206,-0.891345,0.32683,0.314186,-0.043447,-0.028767,0.048926,-0.136398,-0.023301,0.065202,-1.54477,-0.192548,0.015903,0.283277,-0.402302,-0.010561,0.915442,-0.54118,-0.803779,-0.246975,0.738917,-0.59473,0.316482,-0.001915,-0.006857,-0.027753,0.044121,-0.101234,0.126885,0.483052,0.029824,0.061627,-0.016428,0.405642,0.023124,0.913738,0.522334,0.814501,-0.252496,-0.75008,0.5797,0.318318,-0.007765,-0.009624,-0.010174,-0.005384,0.049869,-0.075346,0.474725,0.065912,0.048716,-0.060115,0.353847,0.095673,-0.930396,0.229511,0.955457,0.185537,0.906706,-0.279188,0.316128,-0.021776,-0.014475,0.024396,-0.144767,-0.161681,0.211551,-0.996581
1255,0.12513,-0.004915,0.294387,-0.347719,-0.069048,-0.935077,-0.287049,-0.941555,0.176212,-0.892166,0.329765,0.308743,-0.029763,-0.025706,0.031989,-0.104512,-0.048873,0.080014,-1.525003,-0.192824,0.015386,0.282491,-0.405187,-0.007052,0.914202,-0.54605,-0.800143,-0.248064,0.733741,-0.59967,0.319193,-0.001173,-0.015496,-0.017311,0.007845,-0.087219,0.110818,0.470769,0.029685,0.061366,-0.016832,0.408669,0.019558,0.912472,0.527333,0.810941,-0.253559,-0.744921,0.584799,0.321094,-0.000557,-0.00755,-0.00843,0.007406,-0.082565,0.114892,0.462804,0.065205,0.048281,-0.059418,0.347202,0.090255,-0.933436,0.235437,0.95509,0.179921,0.907755,-0.282234,0.31036,-0.014724,-0.007573,0.011658,-0.069937,-0.049432,0.070516,-0.996092
1256,0.124265,-0.00562,0.295096,-0.337128,-0.064423,-0.939277,-0.292033,-0.941286,0.169322,-0.894622,0.331458,0.299691,-0.015382,-0.010696,0.008014,-0.067486,-0.302498,0.208095,-1.505465,-0.193431,0.014713,0.281884,-0.408137,-0.004341,0.912906,-0.550137,-0.796853,-0.249616,0.729039,-0.604062,0.321675,-0.015438,-0.016022,-0.017014,0.005792,-0.072232,0.081404,0.455916,0.029388,0.061042,-0.017123,0.411698,0.016991,0.911161,0.531456,0.807731,-0.255194,-0.740309,0.589306,0.323511,-0.007463,-0.014051,-0.005123,-0.042174,0.071768,-0.084237,0.444352,0.064767,0.047923,-0.059054,0.337033,0.085176,-0.937631,0.240471,0.955078,0.173199,0.910264,-0.283847,0.301411,-0.008093,-0.011577,0.007292,-0.115398,-0.203923,0.004904,-0.994785
1257,0.124006,-0.005839,0.295227,-0.333509,-0.065146,-0.940517,-0.293486,-0.940858,0.169184,-0.895506,0.332529,0.295838,-0.001003,-0.013514,0.00532,-0.144119,-0.422244,-0.108801,-1.500996,-0.193782,0.014239,0.281603,-0.408392,-0.001655,0.9128,-0.549771,-0.79783,-0.247292,0.729172,-0.602788,0.323756,-0.015637,-0.018025,-0.019344,0.004145,-0.054023,0.059121,0.449394,0.029213,0.060809,-0.017258,0.411942,0.014264,0.911098,0.531102,0.808718,-0.252792,-0.740428,0.588022,0.325569,-0.00753,-0.014612,-0.005787,-0.040959,0.067346,-0.091084,0.434882,0.064631,0.047812,-0.058991,0.33435,0.084306,-0.93867,0.241861,0.954958,0.171919,0.910885,-0.284509,0.2989,-0.007774,-0.005677,0.00364,-0.236701,-0.670583,-0.280388,-0.994949
1258,0.123779,-0.005953,0.295212,-0.323463,-0.06822,-0.943803,-0.295523,-0.94022,0.169187,-0.898527,0.333721,0.285143,-0.000511,-0.002401,-0.002776,-0.045193,-0.267607,0.066763,-1.48739,-0.194486,0.012842,0.281048,-0.408572,0.002967,0.912716,-0.557827,-0.792307,-0.247006,0.722923,-0.610028,0.324208,-0.015189,-0.047019,-0.011528,-0.068397,-0.025173,0.027563,0.441661,0.028861,0.060126,-0.017533,0.412217,0.009632,0.911034,0.53934,0.803331,-0.252529,-0.734295,0.595454,0.325952,-0.007602,-0.023723,-0.00599,-0.068862,-0.025086,0.027436,0.420022,0.064516,0.047745,-0.059001,0.322864,0.088424,-0.942305,0.244099,0.954162,0.173173,0.914425,-0.285928,0.28648,-3e-05,0.00426,-0.005541,-0.013238,-0.173105,-0.105037,-0.989233
1259,0.123949,-0.005929,0.294949,-0.312347,-0.076154,-0.946935,-0.291497,-0.941008,0.171772,-0.903771,0.32977,0.272903,0.014426,0.006114,-0.013312,-0.020651,-0.199977,-0.103712,-1.468835,-0.195067,0.01072,0.280494,-0.408757,0.00532,0.912623,-0.555379,-0.794957,-0.24399,0.724703,-0.606557,0.326737,-0.015362,-0.064839,-0.011652,-0.106233,0.007029,-0.010874,0.437543,0.028571,0.059074,-0.017808,0.412453,0.007246,0.910949,0.536869,0.805931,-0.24949,-0.735971,0.591964,0.328519,-0.007918,-0.026515,-0.009347,-0.080932,0.114729,-0.15241,0.412021,0.064601,0.047756,-0.059134,0.311206,0.095815,-0.945499,0.240034,0.954721,0.175755,0.919529,-0.281648,0.274116,0.007205,0.002997,-0.006724,-0.010551,-0.173158,-0.086784,-0.981722
1260,0.124326,-0.005866,0.294565,-0.302043,-0.083244,-0.949677,-0.281512,-0.943961,0.172222,-0.910424,0.319462,0.262867,0.013711,-0.006071,-0.006476,-0.018401,-0.197806,0.145499,-1.445048,-0.195532,0.008221,0.27998,-0.414124,0.00429,0.910205,-0.550984,-0.797144,-0.246803,0.725017,-0.603688,0.331322,-0.001095,-0.064529,-0.012647,-0.113005,0.091657,-0.155531,0.431734,0.028333,0.057818,-0.018072,0.41815,0.008284,0.908339,0.532357,0.808003,-0.252437,-0.736033,0.589118,0.333457,-0.007735,-0.032122,-0.005656,-0.10476,0.013002,-0.005141,0.402877,0.064784,0.047788,-0.059325,0.300617,0.102549,-0.948215,0.229806,0.957122,0.176369,0.925644,-0.270925,0.264161,0.007047,0.002247,-0.007602,0.025211,-0.057137,-0.006816,-0.97813
1261,0.12454,-0.005875,0.294327,-0.297403,-0.087501,-0.950758,-0.270734,-0.947184,0.171804,-0.915212,0.308601,0.259192,0.013352,-0.007799,-0.008493,0.13534,-0.167529,0.110009,-1.436467,-0.195649,0.006962,0.279769,-0.419439,0.004247,0.907769,-0.548304,-0.798156,-0.249486,0.724,-0.602349,0.33595,-0.001005,-0.063209,-0.011277,-0.091317,-0.142057,-0.048725,0.428626,0.028274,0.057208,-0.018178,0.423304,0.008626,0.905946,0.529639,0.808929,-0.255176,-0.735048,0.587842,0.337854,-0.007739,-0.031776,-0.005336,-0.090604,-0.147447,-0.129914,0.399937,0.064891,0.047786,-0.059441,0.29577,0.10649,-0.949304,0.218986,0.959743,0.175889,0.929819,-0.259907,0.260543,0.006979,0.001908,-0.008007,0.517469,-0.095441,-0.104315,-0.972741
1262,0.124852,-0.006034,0.293856,-0.294033,-0.089019,-0.951665,-0.259781,-0.950725,0.16914,-0.919467,0.297062,0.257606,-0.001161,0.003291,-0.017205,0.036818,-0.11318,0.156361,-1.425186,-0.19569,0.004508,0.279448,-0.432614,0.002892,0.90157,-0.541781,-0.800134,-0.257277,0.721168,-0.599725,0.346568,-0.000829,-0.060957,-0.008918,-0.093676,-0.11368,-0.312524,0.420469,0.028253,0.055954,-0.018346,0.43647,0.010067,0.899661,0.523025,0.810784,-0.262818,-0.732077,0.585258,0.348618,-0.000365,-0.029923,-0.003794,-0.077034,-0.287879,-0.159244,0.391773,0.065052,0.047703,-0.059673,0.292628,0.107506,-0.950163,0.207673,0.962797,0.172894,0.933402,-0.247917,0.259416,-0.0009,-0.004336,-0.005053,-0.000844,0.017938,-0.022484,-0.972741
1263,0.124927,-0.006341,0.293425,-0.286284,-0.087023,-0.954209,-0.249563,-0.954716,0.161888,-0.924736,0.284583,0.252792,-0.001915,-0.009131,-0.010677,-0.000311,0.016314,-0.023756,-1.416954,-0.195523,0.002208,0.27927,-0.442986,0.000767,0.896524,-0.535501,-0.80224,-0.263786,0.719572,-0.59691,0.35465,0.014206,-0.056147,-0.004397,-0.105289,0.011146,-0.139345,0.410623,0.028331,0.054799,-0.018441,0.44725,0.012439,0.894322,0.516568,0.812681,-0.269639,-0.730153,0.582575,0.357046,-0.000158,-0.02763,-0.001173,-0.107913,0.077438,-0.127201,0.379526,0.06509,0.047549,-0.059897,0.284885,0.104979,-0.952795,0.197296,0.96628,0.165456,0.938037,-0.235119,0.254567,-0.00097,-0.004665,-0.005456,-0.001836,0.01934,-0.027249,-0.977476
1264,0.124869,-0.006514,0.293221,-0.281375,-0.08511,-0.95584,-0.24464,-0.956779,0.157154,-0.927558,0.278156,0.249584,-0.001947,-0.00927,-0.010862,-0.000309,0.016311,-0.023752,-1.407488,-0.19534,0.001155,0.279256,-0.448125,1.5e-05,0.893966,-0.532499,-0.803245,-0.266788,0.718624,-0.595557,0.358824,0.014497,-0.05341,-0.001189,-0.096687,-0.084636,-0.211465,0.406871,0.028423,0.05427,-0.01845,0.451802,0.013274,0.892019,0.513668,0.81364,-0.272277,-0.729397,0.581217,0.360786,-7e-06,-0.026018,0.000727,-0.083519,-0.233088,-0.079413,0.373811,0.065061,0.047465,-0.059996,0.280059,0.102782,-0.954464,0.192293,0.968094,0.160672,0.940526,-0.228534,0.251359,-0.008349,-0.004016,-0.004989,-0.001314,-0.06045,0.081055,-0.977476
1265,0.124636,-0.00681,0.292852,-0.278895,-0.083127,-0.95674,-0.245048,-0.957101,0.154536,-0.928202,0.277645,0.247754,-0.001481,-0.007021,-0.008257,-0.000309,0.016314,-0.023756,-1.36956,-0.194776,-0.000578,0.279309,-0.453075,-0.00044,0.891468,-0.528577,-0.805125,-0.26891,0.718422,-0.593012,0.363414,0.01467,-0.035089,-0.000578,-0.070472,0.010877,-0.076332,0.40378,0.028704,0.053394,-0.018427,0.457003,0.01386,0.889356,0.509613,0.815415,-0.274576,-0.729001,0.57871,0.365583,0.007385,-0.016931,0.000449,-0.058405,-0.091511,0.132615,0.365973,0.064943,0.047312,-0.060187,0.277745,0.100704,-0.955361,0.192718,0.968432,0.158109,0.941125,-0.228029,0.249569,-0.008077,-0.002657,-0.003414,0.000408,-0.097491,0.134194,-0.970292
1266,0.124121,-0.00693,0.292644,-0.277889,-0.082561,-0.957082,-0.244936,-0.957274,0.153639,-0.928534,0.277215,0.246987,-0.015595,-0.002533,-0.003582,-0.001289,0.03103,-0.053308,-1.358417,-0.193992,-0.001667,0.279432,-0.452747,0.001451,0.891633,-0.527692,-0.806504,-0.266507,0.719279,-0.591137,0.364771,0.029559,-0.016048,-4.3e-05,-0.02103,-0.134685,0.201889,0.401359,0.02909,0.05284,-0.018368,0.456276,0.012171,0.889754,0.508722,0.816816,-0.272052,-0.730077,0.576768,0.366502,0.007678,-0.013973,0.00401,-0.072602,0.031121,-0.025472,0.361564,0.064691,0.047249,-0.060295,0.276748,0.10005,-0.955719,0.192628,0.968601,0.157178,0.941437,-0.227597,0.248786,-0.007703,-0.000838,-0.001279,-0.001708,0.016073,-0.03123,-0.968822
1267,0.123519,-0.006966,0.292627,-0.276781,-0.081923,-0.957458,-0.244998,-0.95741,0.152688,-0.92885,0.276933,0.246116,-0.015634,-0.011458,0.007081,-0.035954,0.031714,-0.045673,-1.342442,-0.192937,-0.002155,0.279603,-0.452382,0.004895,0.891806,-0.528224,-0.807179,-0.263391,0.719117,-0.5902,0.366603,0.029559,0.001608,-0.000154,0.004089,-0.030411,0.058491,0.400251,0.029618,0.05259,-0.018281,0.455976,0.008594,0.88995,0.509279,0.817535,-0.268829,-0.729876,0.575813,0.3684,0.015078,-0.004681,0.004002,-0.030826,-0.033631,0.065203,0.358788,0.064385,0.047231,-0.060304,0.275711,0.099386,-0.956088,0.192691,0.968736,0.156268,0.941728,-0.227314,0.24794,-0.007797,-0.005635,0.003661,-0.036488,0.032892,-0.047157,-0.969638
1268,0.123217,-0.006979,0.292663,-0.273299,-0.082878,-0.958376,-0.245495,-0.957276,0.152735,-0.929754,0.277116,0.242471,-0.014796,0.001259,0.00087,-0.006778,-0.010836,-0.038912,-1.333883,-0.192411,-0.002212,0.279674,-0.452213,0.006614,0.89188,-0.528768,-0.807279,-0.261988,0.718823,-0.590047,0.367424,0.030131,-0.009759,0.00753,-0.03222,-0.016727,0.042187,0.399989,0.029881,0.052571,-0.018244,0.455846,0.006858,0.890031,0.509848,0.81764,-0.267428,-0.72956,0.575687,0.369221,0.007471,0.001438,0.001197,0.01317,-0.132992,0.188948,0.358298,0.064239,0.047223,-0.060287,0.271908,0.100345,-0.957076,0.193249,0.968594,0.156455,0.942719,-0.227496,0.243977,-0.007383,0.000705,0.000534,0.002289,0.00768,-0.014706,-0.969965
1269,0.122673,-0.006991,0.292769,-0.274077,-0.083733,-0.95808,-0.245458,-0.957113,0.153811,-0.929534,0.277422,0.242965,-0.015318,-0.009903,0.008899,-0.035941,0.031761,-0.045653,-1.305012,-0.191352,-0.002125,0.279765,-0.451885,0.009325,0.892023,-0.529898,-0.807223,-0.259871,0.718197,-0.590091,0.368576,0.029662,0.00322,0.001734,0.004089,-0.030411,0.058491,0.394118,0.0304,0.052612,-0.018192,0.455581,0.004231,0.890184,0.510924,0.81764,-0.26537,-0.728972,0.575714,0.370339,0.014835,0.001655,0.000905,0.003955,-0.030376,0.058444,0.354543,0.063973,0.047223,-0.060234,0.272878,0.101018,-0.95673,0.193163,0.968466,0.15735,0.942457,-0.227742,0.24476,-0.007351,0.000862,0.000712,-0.000868,0.015812,-0.028981,-0.969802
1270,0.122203,-0.007069,0.292896,-0.270579,-0.081007,-0.959307,-0.246244,-0.957476,0.150252,-0.930354,0.276974,0.240321,-0.014717,0.001653,0.001313,-0.000984,0.014715,-0.029553,-1.295972,-0.190406,-0.001897,0.279842,-0.451595,0.012411,0.892132,-0.531391,-0.806958,-0.257635,0.717274,-0.5904,0.369877,0.029788,0.005318,0.004233,0.005745,-0.047486,0.081645,0.391638,0.030878,0.052723,-0.018157,0.455354,0.00129,0.890308,0.51237,0.817423,-0.263239,-0.728099,0.576035,0.371556,0.01487,0.002327,0.001697,0.004026,-0.030374,0.058427,0.348664,0.063738,0.047181,-0.060166,0.26954,0.098095,-0.957979,0.19397,0.968878,0.153787,0.943251,-0.227271,0.242124,-0.000303,-0.005759,0.003818,-0.035389,0.018788,-0.018331,-0.970782
1271,0.122008,-0.007137,0.292951,-0.26871,-0.079515,-0.959957,-0.246708,-0.957657,0.148327,-0.930775,0.27678,0.238912,-0.014821,0.00119,0.000763,-0.000984,0.014714,-0.029552,-1.294594,-0.190015,-0.001778,0.279908,-0.45167,0.013623,0.892076,-0.527169,-0.810744,-0.254402,0.720338,-0.585164,0.372234,0.015029,0.004638,0.0045,-1.477062,0.406481,-0.587777,0.389507,0.03108,0.052786,-0.018121,0.455429,-0.002851,0.890266,0.513017,0.81811,-0.259822,-0.727596,0.575053,0.374054,0.007534,0.002574,0.002543,0.005941,-0.029408,0.048886,0.346705,0.06363,0.047149,-0.060137,0.267773,0.096532,-0.958633,0.194424,0.969085,0.151892,0.94366,-0.227054,0.240727,-0.007416,0.000579,0.00037,-0.001629,0.017549,-0.033431,-0.972904
1272,0.12168,-0.007298,0.29313,-0.269385,-0.080112,-0.959718,-0.247104,-0.957415,0.149225,-0.930474,0.277443,0.239313,-0.015226,-0.009371,0.009509,-0.035926,0.031808,-0.045633,-1.288443,-0.18941,-0.001609,0.280034,-0.451846,0.017394,0.891922,-0.522852,-0.815251,-0.248849,0.72337,-0.578773,0.376325,0.014913,0.003242,0.002794,0.002044,-0.015205,0.029245,0.38495,0.031388,0.052874,-0.018053,0.45571,-0.003943,0.890119,0.503748,0.825588,-0.254244,-0.73387,0.564258,0.378215,0.007451,0.001532,0.001286,0.004942,-0.012001,0.025392,0.340173,0.063471,0.047071,-0.060052,0.268416,0.097163,-0.958389,0.194811,0.968867,0.152786,0.943398,-0.227715,0.241131,7.1e-05,0.000332,0.000396,-9.7e-05,5e-05,-8.7e-05,-0.97617
1273,0.121572,-0.007381,0.293297,-0.267569,-0.078595,-0.960352,-0.247759,-0.957538,0.147339,-0.930826,0.277451,0.237932,0.000357,0.001618,0.001908,0.0,-0.0,0.0,-1.244615,-0.189002,-0.0015,0.280199,-0.451999,0.023131,0.891714,-0.522928,-0.816741,-0.243751,0.72322,-0.576473,0.380125,0.014934,0.003702,0.003335,-0.00948,0.102639,-0.130541,0.383381,0.031592,0.052929,-0.017971,0.455991,-0.009827,0.889929,0.503893,0.827079,-0.249057,-0.733595,0.561998,0.382093,0.000142,0.002082,0.002504,0.003077,-0.015616,0.021395,0.337234,0.063411,0.047024,-0.059967,0.266699,0.095563,-0.95903,0.195487,0.969023,0.150922,0.943745,-0.227729,0.239756,0.000227,0.001041,0.001228,-0.000356,0.001638,-0.002272,-0.976497
1274,0.12163,-0.007377,0.293432,-0.267513,-0.078489,-0.960376,-0.247982,-0.95749,0.147273,-0.930782,0.277645,0.237875,0.000512,0.002318,0.002732,0.000292,-0.016258,0.023795,-1.184664,-0.188814,-0.001388,0.280384,-0.452239,0.024128,0.891566,-0.518404,-0.820544,-0.240621,0.726322,-0.571007,0.382453,0.000247,0.003614,0.004352,-0.031907,-0.059249,0.074772,0.376905,0.031686,0.052983,-0.01788,0.456228,-0.01045,0.889801,0.499229,0.830752,-0.246214,-0.736631,0.556544,0.384229,0.000403,-0.004249,0.005569,-0.447615,-0.522509,0.64155,0.330866,0.06344,0.047026,-0.0599,0.266682,0.095486,-0.959042,0.195706,0.968983,0.150895,0.943704,-0.227932,0.239723,-0.000156,-0.005064,0.004633,-0.034976,0.017116,-0.016094,-0.972251
1275,0.12169,-0.007369,0.293459,-0.266918,-0.079933,-0.960422,-0.242373,-0.95895,0.147115,-0.93243,0.272142,0.237784,0.000143,0.000648,0.000763,0.0,-0.0,-0.0,-1.160138,-0.188764,-0.001385,0.280481,-0.452224,0.024346,0.891567,-0.518384,-0.820622,-0.240399,0.726346,-0.570886,0.382589,0.000213,0.003127,0.003762,-0.0,-0.0,0.0,0.374216,0.031717,0.052987,-0.01783,0.456231,-0.010906,0.889794,0.499229,0.830877,-0.24579,-0.736629,0.556348,0.384517,0.000122,0.001812,0.002179,0.002545,-0.016316,0.02226,0.32711,0.063471,0.047034,-0.059881,0.265994,0.09689,-0.959092,0.190015,0.970145,0.150705,0.945061,-0.222329,0.239642,7.2e-05,0.000335,0.000396,-0.000179,0.000108,0.000115,-0.970292
1276,0.121839,-0.007438,0.293448,-0.266328,-0.08133,-0.960469,-0.236835,-0.96036,0.146937,-0.93402,0.266702,0.237706,-0.00025,-0.001135,-0.001337,0.0,-0.0,-0.0,-1.142686,-0.188725,-0.0014,0.280733,-0.452516,0.024598,0.891412,-0.51327,-0.824621,-0.237672,0.72979,-0.565084,0.384644,0.000841,-0.008229,0.011468,-0.03477,-0.003613,0.006683,0.36995,0.031736,0.052983,-0.017708,0.456526,-0.011143,0.88964,0.494052,0.834762,-0.243071,-0.73993,0.550496,0.386596,9.6e-05,0.001444,0.001738,0.000414,0.000403,-0.000786,0.320088,0.063546,0.047001,-0.059885,0.26533,0.098259,-0.959137,0.1844,0.971258,0.150512,0.946359,-0.2168,0.239585,0.007187,-0.001614,-0.001582,0.000696,-0.014606,0.029673,-0.970781
1277,0.121873,-0.007561,0.293354,-0.265744,-0.079045,-0.960822,-0.231236,-0.962306,0.143067,-0.935588,0.260288,0.238647,-0.00067,-0.003047,-0.003594,0.024823,0.091802,0.035545,-1.137395,-0.188674,-0.001393,0.281011,-0.458213,0.021977,0.888566,-0.502046,-0.83135,-0.238202,0.73404,-0.555244,0.390835,0.000883,-0.007602,0.012213,-0.008599,-0.233788,-0.200332,0.369359,0.031761,0.052986,-0.01757,0.461237,-0.008487,0.887236,0.482871,0.841307,-0.242976,-0.744376,0.54049,0.39214,0.000168,0.002516,0.003026,0.043454,-0.419506,-0.27978,0.316659,0.063563,0.046941,-0.059931,0.264915,0.095781,-0.959502,0.1787,0.972941,0.146461,0.947568,-0.210263,0.240631,-0.000264,-0.001206,-0.001424,0.027988,0.07732,0.072612,-0.975844
1278,0.12187,-0.007624,0.29328,-0.265319,-0.080657,-0.960805,-0.225521,-0.963655,0.143116,-0.937102,0.254747,0.238684,-0.000695,-0.003158,-0.003727,0.001518,0.000988,0.0005,-1.136083,-0.18862,-0.001348,0.281174,-0.458397,0.024699,0.888399,-0.501904,-0.832146,-0.235709,0.734022,-0.553938,0.392717,0.000987,-0.006071,0.014042,-0.034267,-0.007255,0.004036,0.369025,0.031788,0.053003,-0.017486,0.462581,-0.011126,0.886506,0.482456,0.842061,-0.241178,-0.74381,0.539265,0.39489,0.000494,-0.002976,0.007097,-0.034141,0.0117,0.016424,0.315843,0.063561,0.046908,-0.059969,0.264442,0.097445,-0.959465,0.172907,0.97397,0.146574,0.948774,-0.204659,0.24071,-0.000417,-0.001912,-0.002255,-0.000324,0.006247,-0.032515,-0.977313
1279,0.121788,-0.007741,0.293139,-0.263003,-0.08066,-0.961441,-0.220034,-0.965217,0.141112,-0.93906,0.248757,0.237306,-0.000716,-0.003248,-0.00384,-0.000295,0.016254,-0.023798,-1.135778,-0.188452,-0.001252,0.281565,-0.464285,0.024088,0.885353,-0.490314,-0.839462,-0.234155,0.738154,-0.542814,0.400431,0.015083,0.006488,0.006615,-0.433766,0.058601,-0.165777,0.369787,0.031867,0.053051,-0.017291,0.468615,-0.010588,0.883338,0.471086,0.848883,-0.239739,-0.747312,0.528474,0.402787,0.000502,-0.002747,0.00733,-1.517155,0.411428,-0.687206,0.31568,0.06352,0.046849,-0.06004,0.262031,0.097409,-0.96013,0.167366,0.97523,0.144617,0.950435,-0.198587,0.239238,-0.00033,-0.00151,-0.001783,-0.000671,0.000493,-0.000786,-0.986131
1280,0.121648,-0.007812,0.29305,-0.263401,-0.081078,-0.961297,-0.21991,-0.965173,0.141607,-0.938977,0.248793,0.237596,-0.015107,-6e-06,-0.00066,-0.000984,0.014715,-0.029553,-1.136485,-0.188179,-0.001244,0.282034,-0.467054,0.027158,0.883806,-0.489352,-0.840442,-0.232646,0.737047,-0.541153,0.404694,0.000455,0.006912,0.008231,0.004551,-0.042429,0.004347,0.369156,0.032003,0.053056,-0.017063,0.471399,-0.013356,0.881818,0.469703,0.850077,-0.238216,-0.746432,0.526488,0.406999,0.000517,-0.002565,0.007562,-0.031484,-0.009346,0.000598,0.315353,0.063455,0.04681,-0.060089,0.262413,0.097846,-0.959981,0.167258,0.975174,0.145115,0.950348,-0.198645,0.239532,-0.00024,-0.001091,-0.001289,-0.000649,0.016331,-0.023716,-0.98858
1281,0.121588,-0.007828,0.293028,-0.263645,-0.081326,-0.961209,-0.219835,-0.965147,0.141902,-0.938925,0.248815,0.237776,-0.000154,-0.000696,-0.000823,0.0,0.0,0.0,-1.137268,-0.18801,-0.001274,0.282257,-0.46718,0.025068,0.883801,-0.484338,-0.843529,-0.231967,0.740274,-0.536428,0.405094,0.01569,-0.005026,0.0141,-0.032578,-0.019314,0.035631,0.36903,0.032088,0.053045,-0.016947,0.471239,-0.011294,0.881932,0.464695,0.853059,-0.237374,-0.74966,0.52169,0.407244,0.007833,-0.002612,0.006931,-0.032708,-0.011643,0.041503,0.31519,0.063419,0.046801,-0.060101,0.262657,0.098124,-0.959886,0.167185,0.97514,0.145431,0.950294,-0.198677,0.239723,-0.007461,0.000412,0.000162,-0.001277,0.014767,-0.02947,-0.98956
1282,0.121471,-0.007864,0.293029,-0.263903,-0.081595,-0.961115,-0.21983,-0.965098,0.142239,-0.938854,0.248915,0.237954,-0.000632,-0.011606,0.007522,-0.034943,0.017085,-0.016088,-1.138225,-0.187575,-0.001334,0.282677,-0.46725,0.0237,0.883803,-0.479322,-0.846772,-0.230571,0.743491,-0.531358,0.405886,0.00099,-0.005922,0.01416,-0.034672,-0.003696,0.006698,0.367708,0.032311,0.053013,-0.016731,0.471196,-0.009966,0.881971,0.459632,0.85621,-0.235885,-0.752802,0.51653,0.408024,0.000488,-0.002991,0.007041,-0.034284,-0.003678,0.006948,0.313557,0.063361,0.046787,-0.060104,0.262887,0.098394,-0.959795,0.16717,0.975095,0.14575,0.950233,-0.198765,0.239891,-0.007366,0.000852,0.00068,-0.00118,0.014746,-0.029534,-0.99005
1283,0.121375,-0.007868,0.2931,-0.264143,-0.081832,-0.961029,-0.219882,-0.96504,0.142554,-0.938774,0.249064,0.238113,0.000209,0.000943,0.001116,0.0,0.0,0.0,-1.139627,-0.187018,-0.001377,0.282917,-0.467161,0.025389,0.883803,-0.479676,-0.846974,-0.229087,0.743318,-0.530959,0.406723,0.014762,0.002115,0.001348,0.002045,-0.015205,0.029245,0.365199,0.03259,0.052997,-0.016605,0.471143,-0.011663,0.881978,0.46,0.856419,-0.234402,-0.75261,0.516147,0.408862,0.007369,0.000916,0.000499,0.002334,-0.015281,0.029338,0.311107,0.063313,0.046781,-0.060065,0.263128,0.098652,-0.959703,0.16725,0.975031,0.146083,0.950152,-0.198949,0.240059,-0.007231,0.001469,0.001411,-0.001124,0.014742,-0.029469,-0.991193
1284,0.12127,-0.007888,0.293214,-0.263815,-0.083545,-0.960972,-0.214342,-0.96625,0.142792,-0.940146,0.243745,0.238202,-0.014548,0.002532,0.002335,-0.000984,0.014715,-0.029553,-1.140821,-0.186464,-0.001391,0.282967,-0.467079,0.027106,0.883795,-0.480314,-0.846976,-0.227735,0.742957,-0.530872,0.407496,0.01465,0.000329,-0.000779,0.002045,-0.015205,0.029245,0.361035,0.032862,0.052988,-0.016581,0.4711,-0.013361,0.881978,0.46064,0.856438,-0.233072,-0.752246,0.516075,0.409623,0.007317,4.6e-05,-0.000539,0.002246,-0.015247,0.029326,0.307352,0.063266,0.046772,-0.060006,0.262694,0.10033,-0.959648,0.161649,0.975945,0.146283,0.951241,-0.193554,0.240157,0.000115,0.00052,0.00062,-0.000241,2.6e-05,3.1e-05,-0.990866
