frame,MLTx,MLTy,MLTz,MLTR1,MLTR2,MLTR3,MLTR4,MLTR5,MLTR6,MLTR7,MLTR8,MLTR9,MLTTVx,MLTTVy,MLTTVz,MLTRVx,MLTRVy,MLTRVz,MLGA,MRTx,MRTy,MRTz,MRTR1,MRTR2,MRTR3,MRTR4,MRTR5,MRTR6,MRTR7,MRTR8,MRTR9,MRTTVx,MRTTVy,MRTTVz,MRTRVx,MRTRVy,MRTRVz,MRGA,SLTx,SLTy,SLTz,SLTR1,SLTR2,SLTR3,SLTR4,SLTR5,SLTR6,SLTR7,SLTR8,SLTR9,SLTTVx,SLTTVy,SLTTVz,SLTRVx,SLTRVy,SLTRVz,SLGA,SRTx,SRTy,SRTz,SRTR1,SRTR2,SRTR3,SRTR4,SRTR5,SRTR6,SRTR7,SRTR8,SRTR9,SRTTVx,SRTTVy,SRTTVz,SRTRVx,SRTRVy,SRTRVz,SRGA
3077,0.176377,-0.013359,0.305286,0.343389,-0.434434,-0.832704,0.574705,-0.604064,0.552081,-0.743276,-0.667604,0.043283,0.000546,-0.004457,0.015386,-0.023615,-0.010004,0.005487,-1.915949,-0.164308,0.007479,0.315241,-0.706947,-0.466349,0.531729,0.705082,-0.407245,0.580469,-0.053273,0.785847,0.616012,0.009762,0.058154,-0.020477,-0.510659,0.939762,-3.196091,0.164167,0.043986,0.057593,-5.6e-05,0.740149,0.442764,0.5061,-0.671313,0.442942,0.594256,0.038942,-0.779591,0.625076,0.011743,0.029646,-0.010407,-2.949342,-2.966664,-4.256584,0.015388,0.090927,0.04381,-0.053124,-0.364376,0.399309,-0.841297,-0.628674,0.561002,0.538558,0.687021,0.72514,0.046619,0.000371,-0.008036,0.011524,-0.030793,-0.125458,0.148978,-0.982212
3078,0.176335,-0.013547,0.305675,0.350964,-0.427587,-0.83309,0.584844,-0.59473,0.551567,-0.731742,-0.680283,0.042383,0.000567,-0.003969,0.015907,-0.018229,-0.117245,0.172912,-1.915537,-0.164114,0.008504,0.314781,-0.665736,-0.491339,0.56158,0.742828,-0.366275,0.560342,-0.068793,0.790801,0.608082,0.00984,0.051805,-0.026401,-0.537648,1.146494,-3.325999,0.168139,0.044083,0.058115,-0.000277,0.700771,0.470137,0.536553,-0.711336,0.403526,0.57547,0.054037,-0.784943,0.617206,0.004851,0.025974,-0.013182,-3.030673,-2.984622,-3.663038,0.027635,0.090906,0.043714,-0.052924,-0.371452,0.391858,-0.841706,-0.638004,0.550889,0.538025,0.674516,0.736863,0.045378,0.000266,-0.001984,0.007975,-0.018719,-0.116043,0.172763,-0.984171
3079,0.176206,-0.01377,0.306423,0.368149,-0.411216,-0.833914,0.608342,-0.571756,0.550443,-0.703603,-0.709446,0.040711,0.000637,-0.002416,0.017562,1.353479,-1.022346,0.106161,-1.915205,-0.163831,0.010299,0.313496,-0.597195,-0.522491,0.608566,0.797658,-0.308135,0.51839,-0.082589,0.795649,0.599987,-0.003823,0.0398,-0.03626,-3.060086,-2.526854,-4.238012,0.181308,0.044229,0.059022,-0.000911,0.636061,0.501286,0.586632,-0.769084,0.35005,0.534764,0.062719,-0.791313,0.608184,0.004549,0.0257,-0.02255,0.382877,0.365132,-1.070692,0.047556,0.090842,0.043602,-0.052559,-0.386673,0.375001,-0.84253,-0.658639,0.527174,0.536917,0.645505,0.762535,0.043147,-0.006963,-0.000791,0.009125,4.558135,-3.041609,-0.249388,-0.969312
3080,0.175967,-0.014017,0.307193,0.387228,-0.393715,-0.83372,0.629446,-0.547866,0.551011,-0.674188,-0.737666,0.036716,0.000845,-0.01442,0.024745,4.531973,-3.167237,-0.063189,-1.914557,-0.16361,0.011789,0.311823,-0.535056,-0.5656,0.627538,0.837609,-0.259042,0.480877,-0.108759,0.783623,0.611531,0.00914,0.045347,-0.050695,0.405978,-0.070607,-1.819271,0.176183,0.044335,0.059759,-0.001748,0.574679,0.549439,0.606514,-0.812915,0.297752,0.500512,0.09441,-0.780678,0.617759,0.005089,0.016799,-0.021688,-0.27496,-0.836587,-2.434672,0.054578,0.090722,0.043486,-0.052173,-0.403123,0.357673,-0.842353,-0.675632,0.504525,0.537563,0.617261,0.785826,0.03827,-0.007071,-0.001524,0.008675,-0.032251,0.008945,-0.024911,-0.969312
3081,0.175698,-0.014322,0.308051,0.406108,-0.378589,-0.83174,0.640524,-0.531258,0.554497,-0.652298,-0.757471,0.027787,0.00069,-0.001383,0.018611,-0.203537,-0.429848,-0.22333,-1.915518,-0.162882,0.013255,0.310039,-0.46226,-0.618446,0.635478,0.873905,-0.196707,0.444443,-0.149287,0.761558,0.63056,0.022933,0.044705,-0.052573,0.481225,-0.584546,-1.212099,0.177468,0.044694,0.060486,-0.002645,0.503738,0.605436,0.616193,-0.853088,0.236372,0.465153,0.13597,-0.759983,0.63556,0.018895,0.016969,-0.022855,-0.26358,-1.192587,-2.025879,0.04527,0.090588,0.043325,-0.051745,-0.42088,0.339559,-0.841164,-0.689423,0.482914,0.539897,0.589538,0.807151,0.030851,-0.006936,-0.00683,0.013018,-0.252199,-0.431989,-0.321489,-0.9618
3082,0.175558,-0.014465,0.30849,0.411988,-0.369282,-0.833032,0.649652,-0.522025,0.552643,-0.639455,-0.768411,0.025878,0.00092,-0.012716,0.026535,-0.069715,0.001673,-0.016225,-1.914793,-0.162293,0.01393,0.30912,-0.424077,-0.643085,0.637646,0.890085,-0.166516,0.42421,-0.166098,0.74825,0.642181,0.037747,0.032873,-0.046678,0.74742,-0.608373,-0.869827,0.19384,0.044983,0.060827,-0.003108,0.466389,0.631667,0.619255,-0.871095,0.206201,0.445728,0.15386,-0.747313,0.646413,0.012013,0.015872,-0.023218,0.594292,-0.732862,-1.374501,0.053435,0.090518,0.043259,-0.051528,-0.427987,0.32872,-0.841884,-0.696806,0.473216,0.539005,0.575575,0.817317,0.026524,-0.007023,-0.000526,0.009717,-0.011357,0.010577,0.00918,-0.96229
3083,0.175254,-0.014772,0.3093,0.422026,-0.355329,-0.834074,0.663901,-0.505396,0.551164,-0.617906,-0.785913,0.023655,0.000827,-0.014689,0.024406,-0.067216,0.007707,-0.012512,-1.914872,-0.160819,0.015023,0.307227,-0.355078,-0.687914,0.632998,0.914163,-0.114235,0.388833,-0.194733,0.717579,0.668597,0.038942,0.015618,-0.044757,-0.296986,-1.313314,-1.543646,0.230653,0.045719,0.061384,-0.004051,0.399563,0.67903,0.615846,-0.898276,0.155989,0.410811,0.182888,-0.717345,0.672285,0.018922,0.013697,-0.026144,-2.495046,-2.936454,-4.392286,0.096707,0.090366,0.043109,-0.051118,-0.436645,0.314136,-0.843005,-0.709803,0.455433,0.537363,0.552738,0.833006,0.024112,-0.007076,-0.001749,0.008392,-0.024745,0.009229,-0.026233,-0.95086
3084,0.174903,-0.015093,0.310006,0.430634,-0.338908,-0.836505,0.678444,-0.489708,0.547605,-0.595764,-0.802925,0.02009,-0.01416,-0.004535,0.015611,-0.034865,0.011402,-0.023562,-1.913927,-0.158802,0.015582,0.305208,-0.289009,-0.725508,0.624583,0.934169,-0.071385,0.349524,-0.208641,0.68538,0.697558,0.053077,0.010307,-0.051569,0.770818,-0.739511,-0.771129,0.253036,0.046702,0.061667,-0.00504,0.335018,0.718902,0.60905,-0.920659,0.112305,0.373863,0.200372,-0.685978,0.699488,0.033476,0.005357,-0.026331,-0.318831,-1.155998,-1.692751,0.131814,0.090201,0.042951,-0.050771,-0.443864,0.29704,-0.845429,-0.72303,0.438613,0.533708,0.529349,0.848166,0.020084,0.000233,-0.002711,0.007142,-0.029007,0.099898,-0.166706,-0.95282
3085,0.174736,-0.015196,0.310291,0.43607,-0.330519,-0.837045,0.683143,-0.483916,0.546911,-0.586365,-0.809909,0.015816,0.000504,-0.005441,0.014215,-0.122791,-0.214052,-0.122767,-1.914476,-0.157698,0.015617,0.304284,-0.262572,-0.740835,0.618233,0.941782,-0.057596,0.331155,-0.209401,0.67011,0.712016,0.054375,-0.003723,-0.046758,0.921207,-0.866882,-0.628844,0.264018,0.047294,0.061686,-0.005539,0.307814,0.736074,0.602863,-0.929804,0.098343,0.354672,0.201778,-0.669718,0.714676,0.02723,-0.002161,-0.023696,0.828034,-0.795215,-0.57959,0.14749,0.090112,0.042896,-0.050624,-0.447742,0.288806,-0.846237,-0.727629,0.432374,0.532548,0.519694,0.854191,0.016551,-0.007215,0.003183,0.003612,-0.187131,-0.397471,-0.260984,-0.958535
3086,0.17441,-0.015386,0.310775,0.445247,-0.317026,-0.837433,0.693012,-0.470247,0.546418,-0.567581,-0.823255,0.011373,0.00024,0.004807,0.005097,-0.087359,-0.22673,-0.104083,-1.914056,-0.155169,0.0152,0.30252,-0.210518,-0.760772,0.613921,0.956424,-0.030575,0.290264,-0.201798,0.649218,0.733251,0.069818,-0.016584,-0.042661,0.886571,-0.85871,-0.607418,0.29751,0.048533,0.06148,-0.006408,0.257197,0.757382,0.600184,-0.94623,0.071277,0.315542,0.196207,-0.649069,0.73499,0.028015,-0.0091,-0.021414,0.587914,-0.56934,-0.408286,0.184721,0.089944,0.042795,-0.050374,-0.456128,0.274563,-0.846499,-0.736166,0.418033,0.532265,0.500005,0.865946,0.011448,-0.007153,-0.003474,0.006532,-0.188299,-0.296812,-0.253175,-0.957718
3087,0.174103,-0.015527,0.311159,0.450154,-0.307948,-0.838197,0.697637,-0.464656,0.545315,-0.55796,-0.829857,0.006717,0.000409,-0.007351,0.012178,-0.032889,-0.115641,0.169996,-1.914312,-0.15249,0.014272,0.301009,-0.17982,-0.778531,0.601287,0.963383,-0.016043,0.267527,-0.198415,0.628342,0.752118,0.071525,-0.028602,-0.036397,0.409566,-0.411536,-0.270093,0.336615,0.049872,0.061017,-0.007169,0.22541,0.777405,0.587223,-0.954928,0.056811,0.291346,0.193133,-0.626429,0.755172,0.028842,-0.015162,-0.018322,0.49959,-0.475646,-0.364682,0.2373,0.08979,0.042728,-0.050185,-0.461162,0.264713,-0.846909,-0.739857,0.412189,0.531705,0.489836,0.871794,0.005764,-0.007284,0.001582,0.001894,0.009066,0.030954,-0.019745,-0.953963
3088,0.173964,-0.015543,0.311296,0.451838,-0.304856,-0.838421,0.700423,-0.46085,0.544974,-0.553085,-0.833117,0.006346,-0.014554,0.00293,0.00351,0.002351,0.012416,-0.029641,-1.914335,-0.151204,0.013664,0.30027,-0.175528,-0.785868,0.592953,0.964802,-0.017766,0.262251,-0.195349,0.61909,0.760545,0.057881,-0.029946,-0.036555,0.258335,-0.247297,-0.181388,0.345363,0.050499,0.060724,-0.007526,0.221089,0.784879,0.578864,-0.956441,0.058479,0.286007,0.19063,-0.616883,0.763619,0.03595,-0.014792,-0.018903,0.359747,-0.332003,-0.254681,0.257711,0.089726,0.042717,-0.050113,-0.462392,0.261602,-0.847205,-0.742429,0.408149,0.531236,0.484759,0.874629,0.005496,0.000192,-0.003745,0.006026,0.004653,-0.021308,0.008757,-0.949717
3089,0.173776,-0.015564,0.311578,0.453415,-0.301513,-0.838779,0.703158,-0.457315,0.544429,-0.5483,-0.836278,0.005706,0.000399,-0.007521,0.011991,-0.035676,0.012617,-0.018425,-1.914383,-0.148949,0.012543,0.298893,-0.154323,-0.797696,0.582973,0.96607,0.001621,0.25815,-0.206686,0.604022,0.769612,0.058199,-0.027762,-0.03497,0.057651,-0.151981,0.150221,0.35533,0.05167,0.060137,-0.008247,0.199761,0.79755,0.569216,-0.95866,0.038937,0.281876,0.202647,-0.601993,0.772358,0.029118,-0.013825,-0.017459,-0.000189,-0.10192,0.184066,0.283675,0.089627,0.042706,-0.049972,-0.463603,0.258083,-0.847623,-0.744929,0.404434,0.530577,0.479741,0.877397,0.004757,0.000195,-0.003732,0.006034,-0.036541,0.013805,-0.018275,-0.948411
3090,0.173679,-0.015567,0.311908,0.453179,-0.300864,-0.839139,0.703151,-0.45798,0.543879,-0.548504,-0.836149,0.005054,-0.014213,-0.005887,0.014114,-0.035875,0.012174,-0.023481,-1.914265,-0.146951,0.011548,0.297608,-0.13315,-0.801898,0.582428,0.965566,0.027348,0.258592,-0.223134,0.5978,0.769877,0.044239,-0.024704,-0.030695,-0.00412,-0.10516,0.132637,0.355633,0.052652,0.059644,-0.008882,0.179135,0.802175,0.569582,-0.958989,0.013114,0.283136,0.219656,-0.596943,0.771627,0.022152,-0.012569,-0.015603,-0.06267,0.043695,-0.155026,0.290533,0.089578,0.042702,-0.049809,-0.463296,0.257476,-0.847975,-0.744952,0.405124,0.530019,0.480002,0.877257,0.004114,-0.007113,-0.002919,0.007086,-0.036649,0.012681,-0.023472,-0.949064
3091,0.173693,-0.015565,0.312283,0.452874,-0.300098,-0.839578,0.703169,-0.45875,0.543206,-0.548733,-0.836003,0.004313,0.000291,0.005606,0.005897,-0.0,-0.0,-0.0,-1.913139,-0.145297,0.010642,0.296513,-0.124163,-0.791533,0.598373,0.967623,0.036742,0.249577,-0.219388,0.61097,0.760557,0.030173,-0.022762,-0.027358,0.141124,0.801609,-0.336889,0.359444,0.053485,0.059191,-0.00943,0.170271,0.792961,0.584995,-0.961598,0.004027,0.274428,0.215255,-0.609258,0.763196,0.022115,-0.010589,-0.013759,0.717609,2.368849,-1.286901,0.293309,0.089585,0.042704,-0.049621,-0.462916,0.256747,-0.848403,-0.745009,0.405908,0.529339,0.480279,0.877108,0.003377,0.000144,0.002897,0.003049,-0.00052,0.000332,-3.1e-05,-0.951023
3092,0.173724,-0.015564,0.312507,0.452783,-0.299897,-0.8397,0.703057,-0.459141,0.543021,-0.548952,-0.835861,0.004003,0.000326,0.006298,0.006617,0.000787,-0.015128,0.024517,-1.913245,-0.14457,0.010218,0.295996,-0.113191,-0.783833,0.610561,0.969558,0.046933,0.240185,-0.216788,0.620134,0.753857,0.030129,-0.020995,-0.025662,0.94444,2.180099,-1.465368,0.364524,0.053837,0.058986,-0.00968,0.160655,0.786589,0.59621,-0.963683,-0.005544,0.266989,0.213316,-0.617451,0.757132,0.022111,-0.009556,-0.012731,0.019961,0.158081,-0.17687,0.296901,0.089595,0.042704,-0.049517,-0.462827,0.256597,-0.848497,-0.744913,0.406279,0.529189,0.480515,0.87698,0.003105,0.000246,-0.002728,0.00707,-0.036113,0.012854,-0.018448,-0.951676
3093,0.173804,-0.015608,0.31289,0.450355,-0.301063,-0.840587,0.703929,-0.459449,0.541631,-0.549829,-0.835272,0.006062,0.000264,0.005132,0.00538,0.001453,-0.01349,0.025504,-1.912281,-0.143627,0.009421,0.29507,-0.09231,-0.773937,0.626493,0.971171,0.068686,0.228132,-0.219484,0.630449,0.744463,0.01595,-0.020284,-0.023401,-0.320123,-0.376438,0.07513,0.369292,0.054325,0.058581,-0.010152,0.13866,0.776,0.615302,-0.967049,-0.027857,0.253059,0.213514,-0.630117,0.746568,0.007946,-0.009837,-0.011415,-0.988479,-1.897123,1.12378,0.307515,0.089641,0.042682,-0.049317,-0.460353,0.258005,-0.849415,-0.745843,0.406513,0.527697,0.481447,0.876458,0.005292,0.000217,-0.003291,0.006473,-0.042773,0.002271,-0.025492,-0.95037
3094,0.173839,-0.015713,0.313256,0.445639,-0.303669,-0.842162,0.705882,-0.459409,0.539116,-0.551161,-0.834347,0.010676,0.000395,-0.007576,0.011907,-0.007386,0.081482,0.022972,-1.911089,-0.14308,0.008781,0.294293,-0.080481,-0.772265,0.630175,0.970475,0.083307,0.226213,-0.227103,0.630731,0.741934,0.015471,-0.013871,-0.016701,-0.031507,0.249229,-0.339331,0.369097,0.054599,0.058253,-0.010549,0.127277,0.775344,0.61858,-0.966831,-0.042255,0.251894,0.221443,-0.630123,0.744249,0.007716,-0.006559,-0.007958,-0.027137,0.256613,-0.342905,0.310781,0.089658,0.042633,-0.049131,-0.455668,0.261041,-0.851013,-0.747867,0.406228,0.525046,0.482764,0.875692,0.010119,0.00019,-0.003813,0.005928,-0.023677,0.056267,0.006162,-0.950044
3095,0.173845,-0.015775,0.31343,0.445631,-0.303682,-0.842161,0.70565,-0.45976,0.539121,-0.551465,-0.834149,0.010461,0.000181,0.00353,0.003692,0.000414,0.001008,0.000605,-1.910132,-0.142869,0.008567,0.294039,-0.068628,-0.772159,0.631705,0.969289,0.09808,0.225373,-0.235904,0.628728,0.740887,0.000946,-0.011103,-0.011957,-0.110945,0.098819,-0.295001,0.370065,0.054711,0.058143,-0.010681,0.115492,0.775616,0.620548,-0.966278,-0.057019,0.251105,0.230144,-0.628623,0.742876,0.007567,-0.004704,-0.00598,-0.332205,0.025135,-0.55183,0.311107,0.089661,0.042601,-0.049046,-0.455819,0.260971,-0.850953,-0.747536,0.406701,0.525151,0.483132,0.875493,0.009703,0.000203,-0.00357,0.006181,-0.041404,-0.012859,-0.000786,-0.947921
3096,0.173823,-0.015913,0.313747,0.445621,-0.3037,-0.84216,0.705199,-0.46044,0.53913,-0.55205,-0.833767,0.010039,0.000121,0.00235,0.002455,0.0,0.0,0.0,-1.911652,-0.142654,0.008325,0.293752,-0.061613,-0.772589,0.631903,0.968215,0.107308,0.225786,-0.242179,0.626685,0.740593,0.000357,-0.004161,-0.004493,-0.002114,0.016762,-0.023343,0.372849,0.054819,0.058018,-0.010828,0.108329,0.776283,0.621005,-0.965558,-0.066487,0.251544,0.236559,-0.626867,0.742345,0.000123,-0.001356,-0.001469,-0.011876,0.119901,-0.162911,0.313883,0.08965,0.042534,-0.048885,-0.455913,0.260924,-0.850917,-0.74708,0.40745,0.525218,0.483749,0.875158,0.009169,5.3e-05,0.001128,0.001178,-2.5e-05,-0.000254,-0.000166,-0.947594
3097,0.173765,-0.016016,0.313998,0.443252,-0.30496,-0.842954,0.706069,-0.460608,0.537847,-0.552842,-0.833213,0.012211,0.000155,0.003008,0.003139,0.024538,0.042894,0.05925,-1.91107,-0.142401,0.008249,0.293639,-0.051219,-0.772292,0.633193,0.966921,0.120104,0.224885,-0.249671,0.624722,0.739764,0.01439,-0.000729,-0.002615,0.001976,-0.01523,0.029165,0.376492,0.05494,0.057986,-0.010878,0.09794,0.776368,0.622623,-0.964801,-0.079358,0.250719,0.24406,-0.625264,0.741268,0.000104,-0.001176,-0.001279,0.000642,5.7e-05,0.000588,0.317149,0.089621,0.042479,-0.048762,-0.453432,0.262481,-0.851763,-0.748088,0.407431,0.523796,0.484522,0.874701,0.011617,6.9e-05,0.001464,0.00153,0.011879,0.023163,0.046147,-0.947921
3098,0.17373,-0.016053,0.314243,0.440904,-0.306287,-0.843704,0.706977,-0.460649,0.536618,-0.553556,-0.832702,0.014489,0.000157,0.003047,0.003175,0.002876,0.007018,0.004196,-1.909082,-0.141989,0.008119,0.293566,-0.040408,-0.773877,0.632039,0.965879,0.13152,0.222968,-0.255634,0.62044,0.741329,0.014468,-0.001509,-0.003469,8e-06,0.001456,0.005815,0.380448,0.055139,0.057927,-0.010907,0.087142,0.778386,0.621708,-0.964267,-0.090826,0.248873,0.250187,-0.62118,0.742658,0.007211,-0.00049,-0.001455,-0.001009,-0.0119,0.032172,0.322864,0.089609,0.042463,-0.048645,-0.451167,0.263989,-0.8525,-0.748979,0.407407,0.52254,0.48526,0.874259,0.013913,6.9e-05,0.001408,0.001469,-0.010299,-0.013654,-0.009494,-0.947431
3099,0.173734,-0.016059,0.314355,0.440873,-0.306222,-0.843744,0.706894,-0.460845,0.536559,-0.553687,-0.832618,0.014346,0.00016,0.003098,0.003226,4.9e-05,0.000121,7.2e-05,-1.90841,-0.141731,0.008015,0.293541,-0.033156,-0.773505,0.632916,0.965857,0.137828,0.219222,-0.256771,0.619532,0.741696,0.014466,-0.001417,-0.003376,0.051728,-0.068178,-0.013562,0.380166,0.055269,0.057875,-0.010919,0.079879,0.778321,0.622763,-0.964623,-0.097108,0.245093,0.251237,-0.62031,0.74303,0.007963,-0.00713,0.001313,0.023047,-0.059555,-0.069148,0.324497,0.089606,0.042457,-0.048584,-0.451318,0.263831,-0.852469,-0.74878,0.407697,0.5226,0.485428,0.874171,0.01355,0.000194,-0.003779,0.005957,-0.037134,-0.006609,0.00348,-0.946614
3100,0.17372,-0.016064,0.314543,0.44079,-0.306018,-0.843861,0.706803,-0.46119,0.536381,-0.553869,-0.832502,0.014061,0.000152,0.002941,0.00306,0.00079,-0.015017,0.024585,-1.90694,-0.141098,0.007728,0.293435,-0.019579,-0.769911,0.637844,0.965454,0.151066,0.212161,-0.259686,0.620915,0.739521,0.030281,-0.013951,0.001099,1.021304,2.052313,-1.501998,0.379881,0.055584,0.057738,-0.010972,0.067255,0.776921,0.625995,-0.964552,-0.109838,0.239947,0.255178,-0.619943,0.741993,0.00734,-0.00176,-0.002849,0.0606,-0.085942,-0.026371,0.32515,0.089598,0.042454,-0.048491,-0.451264,0.263624,-0.852561,-0.748687,0.408049,0.522458,0.48562,0.874069,0.013234,4.7e-05,0.000987,0.001028,0.005567,-0.103803,0.169644,-0.948574
3101,0.173725,-0.016075,0.314681,0.438414,-0.307281,-0.84464,0.707868,-0.461055,0.535092,-0.554392,-0.83211,0.016437,0.000261,-0.01016,0.009204,-0.033608,0.017567,-0.015474,-1.905339,-0.140271,0.007251,0.293324,-0.00766,-0.769185,0.638974,0.964131,0.16369,0.208784,-0.265186,0.618605,0.739505,0.030445,-0.015063,-0.000159,-0.00856,-0.031614,-0.005469,0.379211,0.055998,0.057499,-0.011028,0.054282,0.775155,0.629433,-0.964219,-0.12312,0.234778,0.259485,-0.619656,0.740737,0.014531,-0.001659,-0.003693,0.010099,-0.045019,0.048915,0.325804,0.089601,0.042457,-0.048421,-0.448795,0.265145,-0.853393,-0.749852,0.407742,0.521026,0.486111,0.873753,0.015827,2.5e-05,0.000533,0.000555,-0.009143,-0.013076,-0.008859,-0.948737
3102,0.173715,-0.016067,0.314719,0.438406,-0.307258,-0.844653,0.70785,-0.461105,0.535072,-0.554422,-0.832091,0.016397,5.4e-05,0.001044,0.001085,3e-05,7.4e-05,4.4e-05,-1.904357,-0.139771,0.006928,0.293316,0.003325,-0.770061,0.637955,0.962403,0.175575,0.207096,-0.271498,0.614233,0.740858,0.030514,-0.015377,-0.000528,-0.051297,-0.025911,-0.026588,0.378793,0.056237,0.057344,-0.011032,0.043467,0.776558,0.628543,-0.963036,-0.134841,0.233193,0.265841,-0.615446,0.741993,0.008117,-0.008259,4.5e-05,-0.371752,-0.08223,-0.379966,0.325314,0.089596,0.042455,-0.0484,-0.448937,0.265044,-0.85335,-0.749728,0.407868,0.521104,0.48617,0.873724,0.015604,2.9e-05,0.000592,0.000614,-0.001701,-0.003155,-0.002001,-0.949227
3103,0.173706,-0.016074,0.314756,0.436065,-0.308602,-0.845374,0.708972,-0.460793,0.533854,-0.554831,-0.831764,0.018911,4e-06,7.2e-05,7.5e-05,0.003969,0.009705,0.005791,-1.902258,-0.138751,0.00633,0.293438,0.024213,-0.77355,0.633266,0.960555,0.193383,0.199677,-0.276962,0.604409,0.746891,0.030261,-0.012032,0.003079,0.02221,-0.06796,-0.036738,0.377088,0.056759,0.057033,-0.010978,0.022252,0.780853,0.624318,-0.962112,-0.153013,0.22567,0.271744,-0.605685,0.747863,0.015079,-0.005501,0.002085,-0.019965,-0.054495,-8.2e-05,0.324171,0.089591,0.042453,-0.048381,-0.446513,0.26668,-0.854112,-0.750918,0.407388,0.519765,0.486566,0.873451,0.018351,-1e-06,-1.2e-05,-1.2e-05,-0.009419,-0.011635,-0.00823,-0.949717
3104,0.173695,-0.016074,0.314757,0.436028,-0.308499,-0.845431,0.709019,-0.460823,0.533766,-0.5548,-0.831787,0.018856,-1.2e-05,-0.000239,-0.000249,1e-06,2e-06,1e-06,-1.89719,-0.137671,0.005639,0.293858,0.051312,-0.778398,0.625664,0.956985,0.217314,0.192062,-0.285539,0.589858,0.755247,0.017111,-0.021788,0.014369,-0.980381,-0.450711,-1.368196,0.377161,0.05731,0.056682,-0.010768,-0.004289,0.786647,0.617386,-0.959727,-0.176665,0.218431,0.280899,-0.591586,0.755725,0.008537,-0.010746,0.00733,-1.022519,-0.422149,-1.364349,0.323354,0.089586,0.042452,-0.048381,-0.446677,0.266448,-0.854098,-0.75084,0.407492,0.519798,0.486537,0.873473,0.018043,-1e-05,-0.000178,-0.000185,0.005296,-0.104248,0.169337,-0.954289
3105,0.173706,-0.016074,0.314756,0.435924,-0.308233,-0.845582,0.709145,-0.460901,0.533532,-0.554721,-0.831842,0.01872,-0.0,-0.0,-0.0,0.0,0.0,0.0,-1.894297,-0.136694,0.004835,0.29447,0.071656,-0.780295,0.621286,0.955406,0.23245,0.181934,-0.286479,0.581509,0.761341,0.016985,-0.020126,0.016188,0.001546,0.024051,-0.244212,0.377208,0.057786,0.056296,-0.010473,-0.025083,0.789405,0.61336,-0.958966,-0.192325,0.208309,0.282405,-0.582967,0.761837,0.015589,-0.008875,0.008404,0.010274,-0.11976,-0.03248,0.323191,0.089591,0.042451,-0.048382,-0.446557,0.266184,-0.854243,-0.750967,0.407554,0.519564,0.48645,0.873524,0.017899,1e-06,-5e-06,-5e-06,0.000146,-6.7e-05,-7e-06,-0.957228
3106,0.173705,-0.01608,0.31475,0.435789,-0.30788,-0.84578,0.70931,-0.461003,0.533224,-0.554615,-0.831916,0.018539,-8e-06,-0.000147,-0.000153,0.005454,-0.103572,0.16971,-1.893808,-0.136262,0.004512,0.294801,0.079934,-0.782531,0.617452,0.954123,0.239233,0.179861,-0.288571,0.575716,0.764945,0.016745,-0.017678,0.018865,-0.008098,-0.078699,-0.036446,0.377407,0.058009,0.056124,-0.010305,-0.033564,0.791878,0.609755,-0.957985,-0.199372,0.206188,0.284845,-0.577216,0.7653,0.015526,-0.008184,0.009159,-0.051788,-0.03736,-0.008903,0.323191,0.089591,0.042448,-0.048386,-0.44645,0.265961,-0.854368,-0.751077,0.407608,0.519362,0.486378,0.873567,0.01778,-4e-06,-9.5e-05,-9.7e-05,0.00012,-6.1e-05,-2.7e-05,-0.957392
3107,0.173716,-0.016086,0.314743,0.435644,-0.307509,-0.845989,0.709485,-0.461111,0.532897,-0.554505,-0.831994,0.018349,-3.9e-05,-0.000749,-0.000778,0.0,0.0,0.0,-1.88821,-0.135417,0.004033,0.295495,0.098091,-0.787498,0.608454,0.949431,0.257158,0.179957,-0.298316,0.561008,0.772101,0.015158,-0.004527,0.013155,-0.008436,-0.085854,-0.043664,0.377241,0.058425,0.055888,-0.009961,-0.051375,0.797387,0.601277,-0.953958,-0.217334,0.20671,0.295507,-0.562973,0.771839,0.014682,-0.001094,0.006859,-0.302385,-0.06106,-0.535412,0.323028,0.089597,0.042447,-0.048387,-0.446217,0.265478,-0.85464,-0.751316,0.407728,0.518923,0.486224,0.873658,0.017523,-3.1e-05,-0.000594,-0.000617,9.7e-05,-3.7e-05,-0.000102,-0.956902
3108,0.173693,-0.016135,0.314737,0.437279,-0.304461,-0.846248,0.712376,-0.457101,0.532496,-0.549486,-0.835324,0.018068,-7.7e-05,-0.001498,-0.001557,-0.00079,0.015006,-0.024592,-1.884923,-0.134711,0.003893,0.29603,0.108843,-0.791773,0.601032,0.946425,0.267329,0.180968,-0.304104,0.550115,0.777662,0.01508,-0.003837,0.013886,0.034469,-0.080476,-0.047942,0.376642,0.058784,0.055813,-0.009684,-0.062094,0.801907,0.594212,-0.951244,-0.227769,0.207977,0.302121,-0.552327,0.776953,0.01388,0.005362,0.003859,0.083168,-0.126647,0.015468,0.323028,0.089585,0.042423,-0.048389,-0.4476,0.262287,-0.854902,-0.753888,0.40349,0.518505,0.480941,0.876585,0.017133,-1e-05,-0.000163,-0.000165,-9e-06,7.7e-05,3.5e-05,-0.955922
3109,0.173692,-0.016154,0.314718,0.437108,-0.304022,-0.846495,0.712583,-0.457227,0.532111,-0.549354,-0.835416,0.017841,-8.3e-05,-0.0016,-0.001664,-0.00079,0.015006,-0.024592,-1.884556,-0.134413,0.003964,0.296261,0.111919,-0.793524,0.598151,0.944683,0.271579,0.183718,-0.308379,0.545484,0.779238,0.013421,0.009528,0.008392,0.002795,-0.033447,0.048843,0.375317,0.058939,0.055846,-0.009565,-0.065199,0.80374,0.591396,-0.949571,-0.232127,0.210786,0.306697,-0.547829,0.778344,0.006692,0.004871,0.0043,-0.005499,-0.020858,0.05477,0.322374,0.089585,0.042413,-0.048399,-0.447391,0.261862,-0.855142,-0.754098,0.403597,0.518116,0.480807,0.876663,0.016904,-1.1e-05,-0.000218,-0.000225,-2.1e-05,3.3e-05,6e-06,-0.955595
3110,0.173702,-0.016199,0.314686,0.436856,-0.303385,-0.846853,0.712869,-0.457432,0.531551,-0.549183,-0.835536,0.0175,-8.2e-05,-0.001587,-0.00165,-0.00079,0.015005,-0.024592,-1.882209,-0.133961,0.004289,0.296681,0.119371,-0.799263,0.589,0.94147,0.279363,0.188481,-0.315349,0.533017,0.785055,0.013184,0.011402,0.010389,-0.935352,-2.410891,1.220033,0.36893,0.059165,0.056008,-0.009355,-0.071934,0.808932,0.583484,-0.94646,-0.23994,0.215965,0.314702,-0.53671,0.782882,0.00655,0.005739,0.005182,-0.83307,-2.496913,1.163503,0.316822,0.089589,0.04239,-0.048416,-0.447083,0.261244,-0.855492,-0.754391,0.403775,0.51755,0.480633,0.876764,0.01656,-1e-05,-0.000195,-0.000205,-2.3e-05,-2e-06,-1.1e-05,-0.955759
3111,0.173722,-0.016235,0.314647,0.436734,-0.303084,-0.847024,0.713012,-0.457519,0.531283,-0.549093,-0.835597,0.017347,-6.6e-05,-0.001286,-0.001338,0.0,0.0,0.0,-1.88148,-0.13365,0.004707,0.297084,0.125808,-0.80695,0.577057,0.938186,0.285721,0.195207,-0.322566,0.517829,0.792255,0.01317,0.011273,0.010206,-0.971692,-2.326642,1.272787,0.364416,0.059315,0.056215,-0.009154,-0.07903,0.815755,0.572971,-0.943497,-0.246759,0.221182,0.321816,-0.523117,0.789165,-0.000569,0.004974,0.005366,0.279555,-0.381346,-0.00801,0.309638,0.089599,0.042371,-0.048437,-0.446944,0.26097,-0.855648,-0.754528,0.403844,0.517296,0.480548,0.876814,0.016414,-3.4e-05,-0.000678,-0.000708,-8e-06,4e-06,2.8e-05,-0.955432
3112,0.173796,-0.016276,0.314587,0.436524,-0.302584,-0.847311,0.713268,-0.457643,0.530833,-0.548928,-0.835711,0.01711,-7.5e-05,-0.001462,-0.001521,0.0,0.0,0.0,-1.875327,-0.133529,0.005068,0.297541,0.139081,-0.813324,0.564935,0.933849,0.297422,0.198492,-0.329645,0.500966,0.800144,-0.001092,0.009599,0.010323,-0.231725,-0.261951,-0.237914,0.355173,0.059381,0.056402,-0.008921,-0.092397,0.824355,0.55848,-0.939504,-0.257971,0.225348,0.329839,-0.503873,0.798321,-0.000551,0.004805,0.005165,-0.267343,-0.226467,-0.227503,0.300657,0.089637,0.04235,-0.048467,-0.446691,0.260487,-0.855927,-0.754786,0.403945,0.516841,0.480378,0.876912,0.016174,-3.8e-05,-0.000767,-0.000802,-8e-06,-5e-06,1.8e-05,-0.954452
3113,0.173861,-0.016295,0.314565,0.43639,-0.302275,-0.84749,0.713419,-0.457734,0.530552,-0.548838,-0.835773,0.016957,0.014637,-0.000801,-0.001242,0.000984,-0.014715,0.029553,-1.873534,-0.133523,0.005213,0.297798,0.145517,-0.816634,0.558502,0.933011,0.300935,0.197134,-0.32925,0.493415,0.804984,-0.001084,0.009521,0.010218,0.142969,-0.162172,-0.090756,0.347878,0.059384,0.056472,-0.008803,-0.098482,0.827567,0.552661,-0.938666,-0.261673,0.224569,0.330462,-0.496649,0.802579,-0.000585,0.005095,0.005467,0.245354,-0.254297,-0.158837,0.293962,0.089663,0.042339,-0.048479,-0.446542,0.260207,-0.85609,-0.75493,0.404016,0.516576,0.480291,0.876962,0.016027,-1.8e-05,-0.000369,-0.000385,2e-06,1.3e-05,-6e-06,-0.953799
3114,0.174068,-0.016346,0.314507,0.436115,-0.30168,-0.847843,0.713716,-0.457914,0.529995,-0.548668,-0.83589,0.01667,0.014631,-0.000975,-0.001428,0.000984,-0.014715,0.029553,-1.869095,-0.133661,0.005396,0.298308,0.156102,-0.823986,0.544674,0.930653,0.307328,0.198415,-0.331089,0.476952,0.8141,0.000441,-0.00252,0.017109,0.120451,-0.271712,0.056272,0.33047,0.059314,0.056567,-0.008536,-0.109307,0.83538,0.538693,-0.936599,-0.268066,0.225657,0.332915,-0.479875,0.811718,0.000218,-0.001296,0.008517,0.132446,-0.271603,0.04861,0.273224,0.089767,0.042314,-0.048508,-0.446216,0.259633,-0.856435,-0.755233,0.404168,0.516014,0.480118,0.877062,0.015737,-2.4e-05,-0.000486,-0.000507,6e-06,9e-06,4e-06,-0.954289
3115,0.17434,-0.016395,0.314432,0.437657,-0.298633,-0.848127,0.716671,-0.453801,0.529546,-0.543563,-0.839223,0.016472,0.01461,-0.001465,-0.001944,0.001292,-0.014907,0.029547,-1.865702,-0.133882,0.005463,0.298794,0.160156,-0.827171,0.538637,0.929406,0.310056,0.200011,-0.33266,0.469606,0.817723,0.000631,-0.004179,0.015311,-0.016286,-0.123693,0.165157,0.322234,0.059204,0.056603,-0.008298,-0.11372,0.838563,0.532802,-0.935413,-0.271073,0.226981,0.334766,-0.472578,0.81523,-0.007506,0.002672,0.003815,-0.014999,0.012698,0.00149,0.257222,0.089903,0.042291,-0.048544,-0.447519,0.256461,-0.85671,-0.757848,0.399822,0.515565,0.474754,0.879982,0.01543,-4.2e-05,-0.000824,-0.000859,0.001343,0.000133,0.000207,-0.951676
3116,0.174482,-0.016427,0.314395,0.437515,-0.298347,-0.848301,0.716818,-0.453889,0.529272,-0.543483,-0.839278,0.016338,-9.7e-05,-0.001961,-0.002044,-0.000795,0.015006,-0.024592,-1.865003,-0.134003,0.005485,0.298997,0.166019,-0.828613,0.53463,0.927782,0.31484,0.200074,-0.334324,0.463833,0.820335,-0.000639,0.005684,0.006046,0.084252,-0.085277,-0.066845,0.318883,0.059144,0.05661,-0.008193,-0.119297,0.840143,0.529081,-0.933933,-0.275804,0.227374,0.33695,-0.467002,0.817541,-0.006725,-0.003525,0.007091,0.101432,-0.124057,-0.126683,0.251833,0.089974,0.042277,-0.04856,-0.447338,0.256175,-0.85689,-0.758008,0.399899,0.51527,0.474669,0.880031,0.015292,-2.4e-05,-0.000509,-0.000532,-3.9e-05,0.000157,2.2e-05,-0.95233
3117,0.174766,-0.016466,0.314346,0.437251,-0.297829,-0.848619,0.717088,-0.454049,0.528768,-0.543338,-0.839376,0.016096,0.014655,-0.000618,-0.001068,0.000984,-0.014715,0.029553,-1.862258,-0.134128,0.005468,0.299277,0.169923,-0.830701,0.530145,0.925375,0.319356,0.204023,-0.339008,0.456947,0.822275,-0.000371,0.003314,0.003519,0.002165,-0.016377,0.023612,0.309525,0.059081,0.056604,-0.00805,-0.123312,0.842424,0.524514,-0.931617,-0.280362,0.231269,0.34188,-0.460128,0.819389,0.000603,-0.0047,0.004878,-0.036357,0.013479,-0.018117,0.243015,0.090116,0.042254,-0.048589,-0.447037,0.255696,-0.857191,-0.758273,0.400032,0.514777,0.47453,0.88011,0.015058,-1.2e-05,-0.000264,-0.000278,-6.6e-05,3.4e-05,-1e-06,-0.952003
3118,0.174964,-0.016486,0.314319,0.437045,-0.297411,-0.848872,0.717303,-0.454176,0.528368,-0.543221,-0.839456,0.015899,-1.9e-05,-0.000397,-0.000415,0.0,0.0,0.0,-1.859035,-0.134116,0.005377,0.299418,0.179047,-0.831422,0.525995,0.920948,0.329605,0.207725,-0.34631,0.448254,0.824015,-2.1e-05,0.000188,0.000199,-2.906929,-1.14801,-4.553934,0.282103,0.059086,0.056561,-0.007978,-0.127474,0.844342,0.520419,-0.929225,-0.285144,0.235016,0.346829,-0.453628,0.820933,0.007827,-0.00494,0.003659,-0.030884,-0.000451,0.008059,0.219011,0.090215,0.042245,-0.048601,-0.446794,0.255295,-0.857436,-0.758489,0.40014,0.514373,0.474412,0.880177,0.014858,-1.2e-05,-0.000274,-0.000288,-3.9e-05,2.7e-05,1e-06,-0.95086
3119,0.175041,-0.016486,0.314316,0.436975,-0.297276,-0.848955,0.717373,-0.454218,0.528237,-0.543183,-0.839481,0.015836,0.01468,-0.000119,-0.000552,0.000984,-0.014715,0.029553,-1.857754,-0.134064,0.005304,0.299438,0.178158,-0.834341,0.521657,0.920496,0.32856,0.21135,-0.347965,0.443565,0.825853,0.000102,-0.000908,-0.000964,-0.009432,-0.017427,0.010419,0.261048,0.059113,0.056524,-0.007968,-0.131529,0.846344,0.51614,-0.926919,-0.289593,0.238653,0.351453,-0.44703,0.822583,0.007905,-0.005608,0.00295,-0.063365,-0.060653,0.043926,0.198927,0.090253,0.042244,-0.048603,-0.446712,0.255165,-0.857518,-0.758561,0.400176,0.51424,0.474374,0.880198,0.014795,2e-06,2.4e-05,2e-05,-3.9e-05,5e-06,-3.1e-05,-0.9489
3120,0.175129,-0.016481,0.314319,0.436889,-0.297103,-0.84906,0.717462,-0.45427,0.52807,-0.543135,-0.839514,0.015756,0.0,1e-06,1e-06,0.0,0.0,0.0,-1.854053,-0.133947,0.005135,0.299378,0.188567,-0.83697,0.513726,0.916308,0.338024,0.214599,-0.353509,0.431305,0.829982,0.000346,-0.00307,-0.003263,-0.076091,-0.032814,-0.124272,0.201929,0.059171,0.056439,-0.007998,-0.141963,0.84933,0.508413,-0.923095,-0.299038,0.241806,0.357408,-0.434986,0.826465,0.000215,-0.001903,-0.002023,-0.265608,-0.077873,-0.440486,0.135407,0.090303,0.042247,-0.048601,-0.446599,0.254982,-0.857631,-0.758661,0.400226,0.514053,0.474321,0.880228,0.014704,-1e-06,5e-06,1e-06,-2.1e-05,2e-06,-1.1e-05,-0.949554
3121,0.17514,-0.016487,0.314312,0.436886,-0.297102,-0.849062,0.717464,-0.454271,0.528067,-0.543135,-0.839514,0.015756,-2e-06,-4e-05,-4.2e-05,0.0,0.0,0.0,-1.84937,-0.133824,0.005004,0.299255,0.192444,-0.837605,0.511247,0.917032,0.338839,0.210175,-0.349524,0.429424,0.832641,0.014587,-0.001631,-0.003667,0.033976,-0.047569,0.003954,0.132179,0.059233,0.056371,-0.008063,-0.146117,0.850085,0.505969,-0.923998,-0.299975,0.237153,0.353379,-0.432863,0.829308,0.007305,-0.000897,-0.001922,0.005232,-0.024868,0.015949,0.042821,0.090308,0.042244,-0.048605,-0.446597,0.254981,-0.857633,-0.758662,0.400227,0.51405,0.474321,0.880228,0.014704,-2e-06,-1.3e-05,-1.5e-05,-1.5e-05,1e-06,2.3e-05,-0.94988
3122,0.175105,-0.016509,0.314276,0.436799,-0.296866,-0.849189,0.717586,-0.454313,0.527865,-0.543044,-0.839575,0.015644,-0.014735,-0.001027,-0.000643,-0.000984,0.014715,-0.029553,-1.838546,-0.133745,0.004886,0.29912,0.194725,-0.837589,0.51041,0.917277,0.339693,0.207717,-0.347616,0.428781,0.83377,0.000347,-0.003066,-0.003268,-0.001495,0.015675,-0.024158,0.078076,0.059272,0.056311,-0.008131,-0.148309,0.850111,0.505286,-0.924273,-0.30088,0.234924,0.351742,-0.432181,0.830358,0.000124,-0.001065,-0.001137,-0.009323,0.007751,0.004577,-0.036865,0.090297,0.042235,-0.048621,-0.446478,0.254733,-0.857768,-0.758795,0.400263,0.513828,0.474222,0.880284,0.014582,-3.5e-05,-0.000738,-0.00077,-1.6e-05,-8e-06,3.6e-05,-0.948411
3123,0.175093,-0.016527,0.314257,0.440807,-0.29272,-0.848557,0.719198,-0.450489,0.528947,-0.537645,-0.843087,0.013005,-6.6e-05,-0.001398,-0.001459,-0.003875,-0.009732,-0.005809,-1.832001,-0.133699,0.004861,0.299087,0.19472,-0.837582,0.510423,0.917276,0.339694,0.207718,-0.347621,0.428793,0.833762,0.000124,-0.001096,-0.001168,9e-06,-1e-05,-8e-06,0.060516,0.059296,0.056295,-0.008152,-0.148243,0.850078,0.505361,-0.92425,-0.300887,0.235006,0.35183,-0.432242,0.830289,5.5e-05,-0.000465,-0.000495,-0.000887,0.001312,0.001367,-0.070993,0.090285,0.042226,-0.048631,-0.45038,0.250164,-0.857073,-0.759989,0.39639,0.515063,0.468586,0.883341,0.011596,-3.7e-05,-0.000764,-0.000794,0.009579,0.012764,0.008773,-0.948574
3124,0.175048,-0.016551,0.314234,0.440827,-0.292746,-0.848538,0.719182,-0.45048,0.528977,-0.537651,-0.843083,0.013014,-1e-05,-0.000214,-0.000224,-1e-06,-2e-06,-1e-06,-1.81625,-0.133504,0.004859,0.299133,0.194778,-0.837488,0.510555,0.917202,0.339852,0.207785,-0.347783,0.428851,0.833665,0.01546,-0.007862,0.009456,-0.032354,-0.022577,0.034035,0.048154,0.059388,0.056294,-0.008135,-0.148284,0.849975,0.505522,-0.924191,-0.30103,0.235053,0.351967,-0.432345,0.830178,-6.2e-05,0.000548,0.000581,0.000317,0.000182,0.000573,-0.10659,0.090263,0.042211,-0.048645,-0.450199,0.25032,-0.857122,-0.760092,0.396306,0.514975,0.468591,0.883335,0.01185,-4e-06,-7.7e-05,-7.9e-05,0.000148,0.000658,0.000342,-0.947268
3125,0.175003,-0.016575,0.31421,0.439558,-0.290309,-0.850032,0.72002,-0.451915,0.526607,-0.537565,-0.84316,0.011447,-9e-06,-0.000194,-0.000202,-4.5e-05,-7.6e-05,0.000158,-1.794151,-0.133096,0.004893,0.299305,0.194525,-0.837648,0.510388,0.917151,0.339723,0.208222,-0.34806,0.42864,0.833658,0.013886,0.004569,0.002921,-0.010631,0.081116,-0.110327,0.047252,0.059587,0.056307,-0.008044,-0.147954,0.850181,0.505272,-0.924137,-0.300812,0.235546,0.35225,-0.432091,0.830191,0.007702,-0.0037,0.004965,-0.034268,-0.006188,0.010757,-0.116387,0.09024,0.042199,-0.048657,-0.448685,0.247941,-0.858606,-0.761026,0.397681,0.512532,0.468529,0.883388,0.010256,-4e-06,-8.9e-05,-9.3e-05,0.00134,0.002633,-0.005266,-0.945961
3126,0.17497,-0.016587,0.314198,0.439553,-0.290279,-0.850045,0.720031,-0.451921,0.526586,-0.537555,-0.843167,0.011429,-4.4e-05,-0.000911,-0.000951,-0.0,-0.0,-0.0,-1.786732,-0.132852,0.004854,0.299409,0.194392,-0.837739,0.51029,0.917077,0.339709,0.208568,-0.348327,0.428472,0.833632,0.015519,-0.008332,0.008945,-0.034497,-0.006305,0.010357,0.048766,0.059719,0.056295,-0.007986,-0.147851,0.850228,0.505224,-0.924046,-0.300844,0.235864,0.352532,-0.431978,0.83013,0.007757,-0.004174,0.004456,-0.034296,-0.006217,0.010657,-0.11704,0.090223,0.042195,-0.04866,-0.448702,0.247952,-0.858594,-0.761021,0.397665,0.512551,0.468521,0.883392,0.010263,-2.7e-05,-0.000583,-0.000609,0.000128,0.000451,-0.000788,-0.945961
3127,0.174914,-0.016605,0.314182,0.441286,-0.287698,-0.850024,0.722677,-0.44764,0.526619,-0.532559,-0.846331,0.011438,-2.2e-05,-0.00045,-0.000471,-0.0,-0.0,-0.0,-1.777482,-0.13229,0.004785,0.299617,0.196928,-0.836633,0.511132,0.914609,0.344438,0.21163,-0.353364,0.42685,0.832344,0.014009,0.003469,0.001736,0.001498,-0.014651,0.029677,0.052849,0.06,0.05626,-0.007883,-0.150337,0.84922,0.506185,-0.92167,-0.30562,0.238998,0.357663,-0.430605,0.828646,0.007001,0.001749,0.000875,0.009765,-0.021011,0.026655,-0.114754,0.090195,0.042185,-0.04867,-0.450234,0.245246,-0.85857,-0.763319,0.393179,0.512594,0.463283,0.886151,0.010178,-1.3e-05,-0.00027,-0.00028,-0.000137,0.000137,-2.5e-05,-0.947104
3128,0.1749,-0.016653,0.314131,0.441101,-0.287246,-0.850273,0.722891,-0.447761,0.526223,-0.532421,-0.846421,0.011202,-5.4e-05,-0.001114,-0.001165,0.005501,-0.103568,0.16971,-1.767932,-0.131704,0.004602,0.299819,0.196389,-0.837077,0.510613,0.914478,0.344141,0.212675,-0.354002,0.426218,0.832397,0.015681,-0.009548,0.007635,-0.034491,-0.006413,0.010296,0.061415,0.060293,0.05617,-0.00778,-0.149836,0.849653,0.505605,-0.921524,-0.305304,0.23996,0.358246,-0.429974,0.828722,0.007845,-0.004827,0.003751,-0.034276,-0.00653,0.010321,-0.108386,0.090189,0.042161,-0.048695,-0.450009,0.244811,-0.858811,-0.763534,0.393284,0.512193,0.463148,0.886224,0.00994,-2.7e-05,-0.000576,-0.000599,0.005408,-0.103484,0.169714,-0.947921
3129,0.174929,-0.016728,0.314022,0.441019,-0.287059,-0.850379,0.723011,-0.447769,0.526053,-0.532327,-0.846482,0.011134,-0.000105,-0.002183,-0.002284,-0.0,-0.0,-0.0,-1.751329,-0.131325,0.004351,0.300008,0.196322,-0.837133,0.510545,0.91418,0.344442,0.213467,-0.354808,0.425862,0.832235,0.001498,-0.011519,0.007506,-0.036533,0.008751,-0.018974,0.065249,0.060483,0.056043,-0.007687,-0.149767,0.849708,0.505534,-0.92122,-0.305604,0.240747,0.359058,-0.429653,0.828537,0.000748,-0.005779,0.003723,-0.036479,0.008762,-0.018929,-0.101201,0.090203,0.042125,-0.048748,-0.449909,0.244632,-0.858915,-0.763649,0.393284,0.512021,0.463055,0.886274,0.009871,-6.4e-05,-0.001359,-0.001422,-7.3e-05,2.8e-05,-3e-05,-0.947431
3130,0.174948,-0.01676,0.313958,0.441047,-0.287134,-0.850339,0.723004,-0.447705,0.526116,-0.532313,-0.84649,0.011203,-9e-05,-0.001883,-0.001971,-0.0,-0.0,-0.0,-1.744234,-0.131134,0.004215,0.300121,0.196258,-0.837197,0.510466,0.914024,0.34457,0.213929,-0.355246,0.425633,0.832166,0.0157,-0.009568,0.007608,-0.034486,-0.006476,0.010258,0.066715,0.060572,0.055983,-0.007637,-0.149695,0.849771,0.50545,-0.921077,-0.305703,0.241165,0.359453,-0.429457,0.828467,0.007095,0.000997,6.7e-05,0.002073,-0.015207,0.029293,-0.098589,0.090212,0.042109,-0.048781,-0.449944,0.244706,-0.858876,-0.763638,0.393222,0.512086,0.46304,0.886281,0.009939,-0.000178,0.00422,-0.005505,0.035628,-0.012388,0.018534,-0.947431
3131,0.174943,-0.016826,0.313845,0.441041,-0.287113,-0.85035,0.723055,-0.447643,0.526098,-0.532248,-0.846529,0.011232,-0.000124,-0.00259,-0.002713,-0.000797,0.015012,-0.024588,-1.727385,-0.130924,0.003937,0.300305,0.198256,-0.83749,0.509212,0.914064,0.3454,0.212415,-0.354034,0.42438,0.833322,0.001511,-0.011583,0.007441,-0.035771,0.007932,-0.0196,0.066661,0.060683,0.05584,-0.007542,-0.151789,0.850152,0.504183,-0.921205,-0.306561,0.239585,0.358247,-0.42809,0.829697,0.007866,-0.00491,0.003663,-0.044153,0.000842,0.013808,-0.095813,0.09021,0.042076,-0.048837,-0.449926,0.244669,-0.858895,-0.763692,0.393161,0.512053,0.462968,0.886318,0.009958,-3.6e-05,-0.000785,-0.000823,-3.3e-05,3.2e-05,1e-06,-0.947268
3132,0.174929,-0.016839,0.313757,0.443307,-0.285583,-0.849686,0.722044,-0.447963,0.527212,-0.53174,-0.846879,0.008679,-5.1e-05,-0.001055,-0.001106,-0.052019,-0.131095,-0.078308,-1.712441,-0.13077,0.003749,0.300458,0.200266,-0.837756,0.507986,0.914177,0.346155,0.210693,-0.35261,0.423236,0.834506,0.001448,-0.011047,0.008014,-0.024527,-0.003493,-0.028435,0.06262,0.06076,0.055745,-0.007467,-0.153907,0.850518,0.502922,-0.92144,-0.307308,0.237719,0.356736,-0.426826,0.830998,0.000706,-0.005399,0.004135,-0.045719,0.011765,-0.021989,-0.098099,0.090203,0.042068,-0.048883,-0.451823,0.243193,-0.858319,-0.762805,0.393574,0.513057,0.462584,0.886541,0.007683,-3.2e-05,-0.000732,-0.000766,-0.094301,-0.221306,-0.134054,-0.947268
