frame,MLTx,MLTy,MLTz,MLTR1,MLTR2,MLTR3,MLTR4,MLTR5,MLTR6,MLTR7,MLTR8,MLTR9,MLTTVx,MLTTVy,MLTTVz,MLTRVx,MLTRVy,MLTRVz,MLGA,MRTx,MRTy,MRTz,MRTR1,MRTR2,MRTR3,MRTR4,MRTR5,MRTR6,MRTR7,MRTR8,MRTR9,MRTTVx,MRTTVy,MRTTVz,MRTRVx,MRTRVy,MRTRVz,MRGA,SLTx,SLTy,SLTz,SLTR1,SLTR2,SLTR3,SLTR4,SLTR5,SLTR6,SLTR7,SLTR8,SLTR9,SLTTVx,SLTTVy,SLTTVz,SLTRVx,SLTRVy,SLTRVz,SLGA,SRTx,SRTy,SRTz,SRTR1,SRTR2,SRTR3,SRTR4,SRTR5,SRTR6,SRTR7,SRTR8,SRTR9,SRTTVx,SRTTVy,SRTTVz,SRTRVx,SRTRVy,SRTRVz,SRGA
250,0.142893,0.044311,0.375185,-0.543983,0.340482,-0.766942,-0.712782,-0.669764,0.208159,-0.442126,0.659471,0.607988,-0.025632,-0.001299,-0.014409,0.03271,0.028905,-0.066714,0.5083,-0.148894,0.076494,0.335112,0.371467,0.226503,0.900389,-0.562828,0.826171,0.024497,-0.738763,-0.51615,0.433223,-0.002622,0.025266,0.001381,0.17233,-0.157664,-0.788908,-1.410111,0.018767,0.056985,-0.015517,-0.298879,-0.288519,0.90963,0.671335,-0.741012,-0.014455,0.678218,0.606347,0.415166,-0.000546,0.005704,0.003534,0.167696,-0.149584,-1.095043,-0.815761,0.108658,0.04696,-0.054661,-0.562394,0.283114,-0.77689,-0.632758,-0.752183,0.183946,-0.532287,0.595034,0.602166,-0.012824,-0.000784,-0.007263,0.036648,-0.069531,0.106418,0.50112
251,0.142111,0.044297,0.374681,-0.541336,0.340602,-0.768759,-0.712974,-0.670566,0.204888,-0.445052,0.658593,0.606803,-0.02562,-0.009345,-0.004386,0.027048,-0.000172,-0.031639,0.510266,-0.14893,0.077119,0.335261,0.358598,0.265523,0.894928,-0.571035,0.820756,-0.014574,-0.738807,-0.506144,0.444798,0.009241,0.023153,-0.000876,0.330656,-0.664681,-1.188811,-1.40994,0.018744,0.057294,-0.015444,-0.280776,-0.323014,0.903784,0.67711,-0.734042,-0.051993,0.680211,0.597363,0.424818,-0.000459,0.004802,0.002964,0.181373,-0.315696,-0.977129,-0.817884,0.108268,0.04696,-0.054914,-0.559718,0.283585,-0.778649,-0.632787,-0.75296,0.180638,-0.535066,0.593826,0.600894,-0.006612,0.000349,-0.006834,0.139675,-0.129621,0.12716,0.502753
252,0.141776,0.044323,0.374456,-0.541059,0.340572,-0.768968,-0.712826,-0.670888,0.204354,-0.445628,0.658281,0.606719,-0.013009,0.002424,-0.012768,0.033685,0.014109,-0.0372,0.510603,-0.14893,0.07738,0.335334,0.353073,0.284577,0.891261,-0.574863,0.817536,-0.033176,-0.738493,-0.500999,0.451101,-0.000811,0.008583,0.005288,0.162509,-0.359627,-0.758002,-1.410165,0.018748,0.057426,-0.015412,-0.273396,-0.34312,0.898622,0.679567,-0.73007,-0.072011,0.680766,0.590987,0.432771,-0.000376,0.003883,0.002391,0.247127,-0.536529,-1.189956,-0.816577,0.1081,0.046968,-0.055019,-0.559555,0.283547,-0.778779,-0.632551,-0.753255,0.180236,-0.535515,0.59347,0.600846,-0.012625,-0.003349,-0.001465,-0.003452,0.044605,-0.084699,0.503406
253,0.141281,0.044357,0.374066,-0.53415,0.341166,-0.773521,-0.714139,-0.67175,0.196797,-0.451815,0.657094,0.603422,-0.013273,-0.007732,-0.003882,0.028025,-0.014924,-0.002119,0.512035,-0.14895,0.077755,0.335457,0.338417,0.32317,0.883757,-0.581748,0.810018,-0.073308,-0.739945,-0.489723,0.460995,-0.012187,0.005735,0.004443,0.113674,-0.168125,-0.899083,-1.410057,0.018743,0.057615,-0.01535,-0.253728,-0.379944,0.88953,0.683732,-0.720944,-0.11291,0.684201,0.579552,0.442704,-0.000298,0.003121,0.001917,0.158793,-0.39429,-0.81755,-0.817231,0.107849,0.046994,-0.05522,-0.55253,0.285064,-0.783229,-0.633619,-0.754168,0.172501,-0.541513,0.591582,0.597322,-0.006421,0.001798,-0.00606,0.143447,-0.241291,0.321635,0.504059
254,0.140911,0.044293,0.37365,-0.527963,0.341562,-0.777583,-0.715021,-0.672801,0.189881,-0.457653,0.655812,0.60041,-0.001691,-0.011749,-0.006444,0.098137,-0.132515,0.149586,0.50984,-0.149074,0.078107,0.335499,0.324225,0.353223,0.877555,-0.588208,0.801788,-0.105273,-0.741174,-0.482499,0.466604,-0.013292,0.015055,-0.004036,0.119955,-0.173582,-0.659708,-1.409496,0.018681,0.057788,-0.015326,-0.235651,-0.407326,0.882356,0.687707,-0.711411,-0.144747,0.686678,0.572693,0.447766,-0.000228,0.002404,0.001474,0.100493,-0.186771,-0.869221,-0.813965,0.10766,0.04697,-0.055423,-0.546508,0.2862,-0.78703,-0.634167,-0.755225,0.165727,-0.546954,0.589681,0.594235,-0.006686,-6e-06,-0.007057,0.396288,-0.511178,0.578859,0.502589
255,0.140772,0.044207,0.3734,-0.523334,0.344936,-0.779221,-0.719459,-0.668851,0.18705,-0.456018,0.658077,0.599174,-0.001649,-0.003042,-0.016147,0.023561,0.016235,-0.024586,0.506684,-0.149175,0.07816,0.335518,0.313521,0.367692,0.875499,-0.590752,0.797351,-0.123189,-0.743739,-0.479046,0.46608,-0.011652,0.000228,0.001056,0.130941,-0.193384,-0.78662,-1.409587,0.01863,0.057823,-0.015317,-0.223084,-0.419493,0.879919,0.688848,-0.706528,-0.162188,0.689725,0.56995,0.446582,-6.6e-05,0.000648,0.000398,0.263318,-0.282019,-1.03614,-0.814128,0.107591,0.046926,-0.055543,-0.542092,0.290175,-0.788627,-0.639039,-0.75178,0.16265,-0.545678,0.592135,0.592967,-0.000756,-0.001104,-0.007837,0.000834,-0.087224,0.186446,0.500303
256,0.140522,0.043992,0.372743,-0.519068,0.348487,-0.780494,-0.723906,-0.664731,0.184567,-0.45386,0.660371,0.598287,-0.014213,-0.005453,-0.017187,0.038036,-0.08554,0.134883,0.498562,-0.149369,0.078078,0.335441,0.299828,0.396898,0.867506,-0.595663,0.788175,-0.154596,-0.74545,-0.470891,0.471623,-0.000984,0.007927,-0.009325,0.211475,-0.606072,-0.996364,-1.409495,0.018529,0.057783,-0.015354,-0.205424,-0.445548,0.871371,0.691229,-0.696356,-0.193104,0.692822,0.562649,0.451024,-0.000482,0.003781,-0.004775,0.204529,-0.581329,-0.973237,-0.816577,0.107471,0.046819,-0.055871,-0.538412,0.294179,-0.789664,-0.643831,-0.748198,0.160248,-0.543685,0.59469,0.592241,-0.001211,-0.004229,-0.009586,0.034144,0.013765,-0.03287,0.492792
257,0.140118,0.043873,0.371771,-0.51495,0.351822,-0.781724,-0.727794,-0.66125,0.181755,-0.452337,0.662089,0.597541,-0.014652,0.000153,-0.028666,0.06771,0.027808,-0.069839,0.485114,-0.149354,0.078335,0.335276,0.294115,0.425675,0.855739,-0.598909,0.779833,-0.181939,-0.745119,-0.459537,0.483205,0.011396,0.002481,0.000605,0.140435,-0.564628,-0.658834,-1.409133,0.018532,0.057899,-0.015444,-0.196481,-0.473652,0.858515,0.692123,-0.687198,-0.220735,0.694521,0.550828,0.462847,-0.000766,0.006869,-0.002879,0.167787,-0.474192,-0.846879,-0.816577,0.107274,0.046759,-0.056341,-0.53464,0.298033,-0.790781,-0.648119,-0.7451,0.15737,-0.54231,0.596657,0.591522,-0.00726,0.000412,-0.014138,0.068576,0.013257,-0.045171,0.481035
258,0.139449,0.04397,0.370586,-0.512928,0.3544,-0.781889,-0.730185,-0.659029,0.180229,-0.450783,0.662925,0.597789,-0.014768,-0.000319,-0.029008,-0.048347,0.04015,0.044238,0.475289,-0.149104,0.078423,0.335139,0.275694,0.451962,0.84836,-0.598873,0.771107,-0.216053,-0.752139,-0.449067,0.482171,0.011901,-0.002887,-0.002691,1.500573,1.238842,-2.294858,-1.40919,0.018661,0.057953,-0.015506,-0.17561,-0.497704,0.849382,0.68967,-0.67788,-0.254621,0.702506,0.54108,0.462294,0.005957,-0.001543,-0.001414,1.505563,1.161612,-2.341548,-0.812658,0.106934,0.046803,-0.056947,-0.5329,0.300777,-0.790917,-0.650619,-0.743268,0.155713,-0.541028,0.597565,0.591779,-0.013264,0.005489,-0.018441,-0.289934,0.104455,0.242972,0.466665
259,0.138958,0.044138,0.369905,-0.513808,0.353862,-0.781555,-0.728808,-0.660626,0.179953,-0.452005,0.661623,0.598309,-0.026322,0.012827,-0.035887,0.102581,0.012551,-0.057421,0.470444,-0.148914,0.078359,0.335095,0.265882,0.467855,0.842858,-0.599221,0.765109,-0.235536,-0.755376,-0.443026,0.482698,0.000392,-0.004127,-0.002536,0.164453,-0.454895,-0.982806,-1.409148,0.018752,0.057921,-0.015528,-0.163558,-0.51036,0.844263,0.688174,-0.672211,-0.273035,0.706869,0.536344,0.461162,0.005946,-0.001337,-0.001286,0.523694,0.373209,-1.152286,-0.812658,0.106702,0.046874,-0.057273,-0.533635,0.30025,-0.790621,-0.649252,-0.744511,0.155477,-0.541945,0.596281,0.592236,-0.013205,0.005978,-0.018178,0.102256,0.027081,-0.082437,0.459971
260,0.137877,0.044627,0.368633,-0.513326,0.352931,-0.782293,-0.72653,-0.663883,0.177157,-0.456195,0.658857,0.598181,-0.037875,0.017753,-0.032802,0.101551,0.026969,-0.087125,0.466113,-0.148681,0.078288,0.335013,0.249543,0.498688,0.830078,-0.601163,0.751801,-0.270798,-0.759378,-0.432068,0.486338,0.000291,-0.003044,-0.001873,0.506857,0.278978,-1.203526,-1.40926,0.018869,0.057882,-0.015572,-0.14645,-0.54005,0.828792,0.687612,-0.657894,-0.307188,0.711155,0.5249,0.467694,9.9e-05,-0.001053,-0.000655,0.094833,-0.450274,-0.858241,-0.816904,0.106165,0.04711,-0.057914,-0.533005,0.299395,-0.79137,-0.64654,-0.747444,0.152682,-0.545793,0.593033,0.591963,-0.01305,0.003016,-0.012571,0.071545,-0.087556,0.120227,0.449847
261,0.136735,0.045208,0.367514,-0.511724,0.355196,-0.782317,-0.728426,-0.662176,0.175757,-0.454974,0.659355,0.598562,-0.025291,0.019843,-0.031918,-4.221012,0.983265,3.250239,0.463305,-0.148451,0.07826,0.334977,0.237149,0.525558,0.817032,-0.604258,0.738348,-0.299414,-0.760878,-0.423358,0.491626,9.8e-05,-0.001012,-0.000623,0.05824,-0.273415,-0.720528,-1.409319,0.018988,0.057864,-0.015592,-0.128007,-0.565189,0.814969,0.686807,-0.643324,-0.338274,0.715478,0.516426,0.470525,4.5e-05,-0.000457,-0.000286,0.05639,-0.31395,-0.746706,-0.817557,0.105579,0.047406,-0.058487,-0.533468,0.298527,-0.791386,-0.64409,-0.749831,0.151326,-0.548231,0.590452,0.592289,-0.018808,0.005571,-0.010967,0.070817,-0.074451,0.091137,0.444458
262,0.136144,0.045512,0.367023,-0.509811,0.357856,-0.782354,-0.73142,-0.659042,0.175101,-0.452316,0.66105,0.598707,-0.036982,0.02355,-0.029482,0.102016,0.011669,-0.06265,0.465103,-0.148277,0.07818,0.334968,0.225727,0.5364,0.813212,-0.603721,0.732178,-0.31523,-0.764756,-0.420476,0.488069,0.011774,-0.001332,-0.001744,0.484605,0.470994,-0.952532,-1.409401,0.019071,0.057827,-0.015594,-0.1165,-0.574944,0.809856,0.684995,-0.636953,-0.353656,0.719172,0.513547,0.468039,0.000847,-0.007566,0.002439,1.554866,1.601276,-2.121262,-0.81821,0.105274,0.047564,-0.058745,-0.530185,0.304654,-0.791257,-0.651797,-0.743299,0.15055,-0.542275,0.595559,0.592659,-0.018446,0.011931,-0.014635,0.102299,0.011519,-0.063027,0.443968
263,0.134924,0.046045,0.36624,-0.500115,0.371963,-0.782032,-0.748769,-0.639383,0.174662,-0.434435,0.672448,0.599256,-0.037527,0.004039,-0.011434,-0.357319,0.129988,0.201561,0.472538,-0.147846,0.078006,0.334998,0.211399,0.555076,0.804483,-0.598195,0.724423,-0.342502,-0.773133,-0.409536,0.484158,0.012962,-0.011121,0.006434,-0.011283,-0.140838,-0.347889,-1.408972,0.019286,0.057739,-0.015585,-0.099142,-0.590779,0.800718,0.676987,-0.629795,-0.380848,0.729285,0.504318,0.46239,0.005781,0.000458,-0.000187,0.023584,-0.210207,-0.364542,-0.816251,0.104678,0.047831,-0.059131,-0.522311,0.319601,-0.790598,-0.671066,-0.726102,0.149813,-0.526175,0.608793,0.593725,-0.012467,0.006894,-0.010357,-1.240856,0.308531,0.953751,0.447397
264,0.133429,0.046366,0.365759,-0.48916,0.388486,-0.780927,-0.769001,-0.614545,0.175906,-0.410977,0.686095,0.600333,-0.037238,0.006006,-0.010318,0.024707,-0.057666,0.081595,0.491665,-0.147315,0.078035,0.335015,0.209419,0.566852,0.796752,-0.578397,0.72882,-0.36635,-0.788585,-0.384837,0.479476,0.011485,0.001693,0.000116,0.398995,-0.158791,0.03938,-1.408895,0.019552,0.05775,-0.015573,-0.095721,-0.602754,0.792164,0.657305,-0.635909,-0.404436,0.74752,0.481981,0.457063,0.011504,0.001573,3.2e-05,1.340931,-0.538925,0.689319,-0.820496,0.103945,0.04799,-0.059368,-0.5133,0.337589,-0.789021,-0.694519,-0.703485,0.15083,-0.504147,0.625412,0.595561,-0.024593,0.003971,-0.004438,-0.085796,0.084158,-0.03705,0.464543
265,0.131861,0.046316,0.36557,-0.485049,0.396236,-0.779595,-0.778203,-0.602227,0.178028,-0.398356,0.692541,0.601436,-0.037952,-0.005714,-0.002474,-0.003455,0.059082,-0.113301,0.513268,-0.147074,0.077835,0.335034,0.214304,0.573993,0.790314,-0.53237,0.747038,-0.398058,-0.819113,-0.336164,0.464662,0.001963,-0.01745,0.003457,0.129574,-0.027357,-0.294262,-1.407834,0.019675,0.057668,-0.015559,-0.099975,-0.609679,0.786318,0.612577,-0.660461,-0.43421,0.784062,0.438271,0.439505,0.000961,-0.008588,0.001812,0.51913,-0.121537,-0.232302,-0.823762,0.103134,0.047972,-0.059468,-0.510161,0.345756,-0.78752,-0.705158,-0.692385,0.152819,-0.492429,0.633289,0.59704,-0.01897,-0.002852,-0.001211,-0.002093,0.058757,-0.114492,0.490832
266,0.131046,0.046207,0.365526,-0.481658,0.401572,-0.778968,-0.784635,-0.593489,0.179139,-0.38978,0.696988,0.601919,-0.038016,-0.00579,-0.002535,-0.003535,0.059101,-0.113236,0.518678,-0.147114,0.077552,0.335025,0.211789,0.575154,0.790149,-0.510573,0.754531,-0.412229,-0.833519,-0.316854,0.452452,-0.010789,-0.008751,-0.004477,1.792655,1.554007,-1.765959,-1.406667,0.01966,0.057522,-0.015561,-0.099713,-0.61005,0.786063,0.592657,-0.670991,-0.445565,0.799258,0.421437,0.428457,0.001078,-0.009762,0.001088,0.330916,-0.065912,0.079968,-0.822129,0.102741,0.04792,-0.05949,-0.507352,0.351487,-0.786797,-0.712656,-0.684451,0.153778,-0.484473,0.638735,0.597747,-0.019004,-0.002912,-0.001253,-0.002384,0.058768,-0.114416,0.503732
267,0.129561,0.045894,0.365433,-0.481349,0.403816,-0.777998,-0.78718,-0.589554,0.180956,-0.385007,0.699024,0.602629,-0.0269,-0.019923,0.003619,-0.037497,0.060758,-0.100337,0.520373,-0.147136,0.077439,0.335043,0.219736,0.575403,0.787794,-0.482277,0.766053,-0.424858,-0.848199,-0.287311,0.444829,-0.000446,0.004433,0.00274,0.382242,-0.130172,0.031139,-1.407115,0.019647,0.057439,-0.015568,-0.105126,-0.611992,0.783844,0.564806,-0.68549,-0.459452,0.818499,0.39442,0.41772,-0.000303,0.003032,0.001872,1.310201,-0.628909,0.599297,-0.820333,0.101994,0.047771,-0.059537,-0.507356,0.353708,-0.785799,-0.715645,-0.68092,0.155561,-0.480043,0.641278,0.598598,-0.019243,-0.003932,-0.001868,0.001039,-0.044233,0.055859,0.51402
268,0.128276,0.045565,0.365268,-0.477553,0.403319,-0.78059,-0.787821,-0.589856,0.17714,-0.388406,0.699056,0.600407,-0.02643,-0.008985,-0.004747,0.00087,-0.058692,0.086331,0.520761,-0.147394,0.077743,0.335303,0.224031,0.579781,0.783362,-0.455309,0.772979,-0.441737,-0.86188,-0.258449,0.436153,-0.012528,0.00872,0.006297,0.02847,-0.159636,-0.402141,-1.407094,0.019523,0.057595,-0.015437,-0.108709,-0.615666,0.780472,0.537991,-0.696644,-0.474605,0.83591,0.368293,0.406954,-0.006303,0.00465,0.003333,0.064279,-0.429138,-0.427042,-0.817067,0.101352,0.047601,-0.059617,-0.50361,0.353636,-0.788236,-0.716069,-0.681314,0.151836,-0.483343,0.640898,0.596345,-0.019306,-0.003971,-0.001915,-0.00371,0.060623,-0.115723,0.516306
269,0.127668,0.045391,0.365178,-0.477437,0.403224,-0.78071,-0.787855,-0.589821,0.177106,-0.388479,0.699141,0.600261,-0.026444,-0.008828,-0.004674,0.000848,-0.058689,0.086333,0.520033,-0.147603,0.077921,0.335449,0.229294,0.580495,0.781308,-0.445402,0.776332,-0.445937,-0.865673,-0.246487,0.435566,-0.012745,0.011055,0.007718,0.012452,-0.115,-0.093123,-1.406519,0.019418,0.057682,-0.015364,-0.114276,-0.61818,0.777684,0.528589,-0.70064,-0.479265,0.84115,0.356307,0.40683,-0.006426,0.005974,0.004144,0.014309,-0.147196,-0.073626,-0.815924,0.101062,0.047516,-0.059661,-0.503422,0.353576,-0.788383,-0.716133,-0.681267,0.15175,-0.483445,0.640982,0.596173,-0.013281,-0.004757,-0.002518,0.00087,-0.04366,0.060951,0.516306
270,0.126592,0.045117,0.365039,-0.477066,0.403084,-0.78101,-0.787992,-0.589694,0.176918,-0.388658,0.699328,0.599926,-0.026121,-0.006751,-0.003479,-0.002439,0.04436,-0.083752,0.520253,-0.148035,0.078749,0.335942,0.243517,0.577251,0.779405,-0.425472,0.78576,-0.448875,-0.871812,-0.223044,0.435957,-0.014125,0.025597,0.01652,0.019951,-0.18666,-0.077042,-1.406754,0.019204,0.058079,-0.015128,-0.128681,-0.616541,0.776735,0.510056,-0.712853,-0.481334,0.85046,0.33424,0.406201,-0.001371,0.013838,0.008449,0.017585,-0.245576,-0.125696,-0.820986,0.100509,0.047373,-0.059734,-0.502995,0.353479,-0.7887,-0.716282,-0.681159,0.151529,-0.483668,0.64115,0.59581,-0.013044,-0.003301,-0.001677,0.001244,-0.058778,0.086004,0.516306
271,0.125703,0.044906,0.364922,-0.475946,0.403095,-0.781687,-0.788467,-0.589299,0.17612,-0.38907,0.699655,0.599278,-0.025743,-0.004514,-0.002176,0.000777,-0.058684,0.086338,0.519995,-0.148329,0.080207,0.336646,0.25441,0.579507,0.774234,-0.419994,0.78738,-0.451189,-0.871371,-0.211128,0.44272,-0.003575,0.036592,0.022032,0.011062,-0.090935,0.074846,-1.406866,0.019052,0.058808,-0.014776,-0.139636,-0.620877,0.771371,0.50482,-0.7148,-0.483959,0.851855,0.321825,0.413243,-0.002518,0.024525,0.007752,0.048001,-0.040536,0.11164,-0.819353,0.100064,0.047266,-0.059793,-0.502004,0.353585,-0.789284,-0.716706,-0.680869,0.150825,-0.48407,0.641399,0.595216,-0.006743,-0.002728,-0.001477,-0.001145,0.029591,-0.054419,0.516143
272,0.125084,0.044744,0.364838,-0.474656,0.403187,-0.782424,-0.789037,-0.588816,0.175179,-0.389491,0.700008,0.598592,-0.013272,-0.004216,-0.002258,-0.001446,0.029645,-0.0542,0.51993,-0.14846,0.081457,0.337437,0.277976,0.570566,0.772771,-0.396973,0.800835,-0.448341,-0.874987,-0.182873,0.448127,-0.002826,0.0289,0.017189,0.12201,-0.119662,0.135116,-1.406236,0.018984,0.059459,-0.014364,-0.164031,-0.61488,0.771372,0.484022,-0.731529,-0.480194,0.859543,0.294595,0.417609,-0.001395,0.014122,0.00841,0.393582,-0.27036,0.29929,-0.822946,0.09975,0.047185,-0.059835,-0.500613,0.353863,-0.790042,-0.717351,-0.680418,0.14979,-0.484554,0.641724,0.59447,-0.006548,-0.001668,-0.000856,0.002419,-0.088346,0.140392,0.516306
273,0.124881,0.044664,0.364795,-0.473787,0.40329,-0.782897,-0.789426,-0.588489,0.174525,-0.38976,0.700224,0.598164,-0.001077,-0.005491,-0.003266,0.002717,-0.088109,0.145447,0.520343,-0.14853,0.081825,0.337753,0.28269,0.563121,0.776513,-0.386889,0.807733,-0.444767,-0.877996,-0.175415,0.445215,-0.00222,0.022723,0.013457,-0.029884,0.254806,0.056413,-1.406511,0.018949,0.059652,-0.014201,-0.169933,-0.608205,0.775376,0.474889,-0.739974,-0.476358,0.863482,0.287269,0.414576,-0.000326,0.00429,0.009517,-0.058837,0.229318,0.229113,-0.825722,0.099644,0.047145,-0.059857,-0.499793,0.354058,-0.790473,-0.717738,-0.680148,0.149162,-0.484827,0.641904,0.594055,-0.000515,-0.002636,-0.001557,0.002908,-0.088138,0.145332,0.516306
274,0.124653,0.04455,0.364731,-0.472139,0.403512,-0.783777,-0.790167,-0.587865,0.17327,-0.390258,0.700619,0.597376,-0.00043,-0.002184,-0.001301,0.0,0.0,0.0,0.516273,-0.148623,0.082292,0.338335,0.285995,0.544122,0.788751,-0.346007,0.82627,-0.444399,-0.893857,-0.146517,0.423575,-0.000187,0.004152,0.016334,0.055666,0.207233,0.279657,-1.406188,0.018902,0.059893,-0.013911,-0.174682,-0.589525,0.788635,0.436881,-0.764196,-0.474488,0.882394,0.261655,0.391044,-0.000817,0.008203,0.004833,0.344603,0.165961,0.323259,-0.821313,0.099529,0.047085,-0.05989,-0.498166,0.354482,-0.79131,-0.718513,-0.679606,0.147895,-0.485353,0.642243,0.593257,-0.006299,-0.000351,-8.2e-05,-0.00085,0.014694,-0.029637,0.514346
275,0.124634,0.044499,0.364701,-0.470853,0.403715,-0.784447,-0.790748,-0.587376,0.172275,-0.390637,0.700912,0.596784,-5.8e-05,-0.000294,-0.000175,0.0,0.0,0.0,0.511825,-0.148846,0.082413,0.338714,0.284675,0.523455,0.803086,-0.294506,0.845021,-0.44625,-0.912542,-0.110152,0.393695,0.000611,-0.004019,0.011517,0.276075,0.586266,0.583192,-1.405687,0.01879,0.059956,-0.01372,-0.176682,-0.57079,0.801861,0.388807,-0.788895,-0.475891,0.904218,0.227688,0.361311,-0.006,0.002697,0.00202,1.283564,-0.428977,0.656656,-0.823599,0.09952,0.04706,-0.059905,-0.496899,0.354842,-0.791946,-0.719122,-0.679181,0.14689,-0.485752,0.642495,0.592658,-2e-06,-1.6e-05,-9e-06,9.5e-05,-1e-05,-5.8e-05,0.509938
276,0.124673,0.044509,0.364706,-0.470465,0.403783,-0.784644,-0.790924,-0.587228,0.171971,-0.390748,0.700997,0.596613,0.000123,0.000626,0.000373,0.00317,-0.103039,0.170095,0.50878,-0.149019,0.082526,0.338835,0.285031,0.519194,0.805721,-0.279316,0.84913,-0.448213,-0.917198,-0.097966,0.386023,-0.012232,0.008067,0.005589,-0.015621,0.225512,-0.070911,-1.405674,0.018709,0.06,-0.013662,-0.176268,-0.564497,0.806394,0.373911,-0.796214,-0.475639,0.91056,0.21768,0.351419,-0.00044,0.004407,0.002589,-0.0218,0.248742,-0.254387,-0.824579,0.09954,0.047065,-0.059902,-0.496647,0.35492,-0.792068,-0.719243,-0.679096,0.146685,-0.485829,0.642541,0.592545,9.8e-05,0.000495,0.000296,8.3e-05,-4e-06,-5e-05,0.506998
277,0.124708,0.044533,0.364742,-0.470315,0.40382,-0.784715,-0.791014,-0.587133,0.17188,-0.390745,0.701055,0.596545,9e-05,0.000457,0.000272,0.0,0.0,0.0,0.502583,-0.149256,0.083011,0.339101,0.283831,0.514486,0.809157,-0.252087,0.854246,-0.454587,-0.925424,-0.075616,0.371128,-0.002693,0.025746,0.001159,0.038956,-0.022988,0.080863,-1.405255,0.018588,0.060227,-0.013533,-0.175592,-0.560358,0.809423,0.347695,-0.80451,-0.48153,0.921018,0.19688,0.336099,-0.000629,0.006452,0.003768,-0.024668,0.086141,-0.152198,-0.828008,0.099558,0.047081,-0.059881,-0.496373,0.355012,-0.792199,-0.719402,-0.67897,0.14649,-0.485874,0.642624,0.592418,5.4e-05,0.000279,0.000167,4.7e-05,2e-06,-4.5e-05,0.499487
278,0.124646,0.044549,0.364753,-0.4727,0.401015,-0.784721,-0.787521,-0.591808,0.171888,-0.394893,0.698735,0.596536,0.0,1e-06,0.0,0.0,-0.0,-0.0,0.49939,-0.149458,0.083517,0.339469,0.293351,0.508132,0.809777,-0.218772,0.860279,-0.460427,-0.930929,-0.042747,0.3625,-0.001343,0.014087,0.008155,1.330016,-0.65962,0.466268,-1.405517,0.018486,0.060483,-0.013352,-0.182906,-0.556966,0.810144,0.320162,-0.81287,-0.486557,0.929538,0.170383,0.326998,-0.005644,0.000418,0.007579,-0.040253,-0.001585,-0.029318,-0.830131,0.099527,0.04709,-0.059876,-0.498415,0.351933,-0.79229,-0.715366,-0.683209,0.146544,-0.489727,0.639818,0.592282,-3e-06,-1.6e-05,-9e-06,-9.2e-05,1.7e-05,6.6e-05,0.493935
279,0.12459,0.044549,0.364754,-0.472719,0.401001,-0.784716,-0.78751,-0.591816,0.171909,-0.394891,0.698737,0.596536,-8e-06,-4.2e-05,-2.5e-05,0.0,0.0,0.0,0.498111,-0.149538,0.083656,0.339658,0.295999,0.510551,0.807288,-0.205847,0.85943,-0.46791,-0.933041,-0.028338,0.358461,0.000255,-0.000252,0.013632,4.432581,-2.607451,1.967839,-1.40554,0.018445,0.060568,-0.013254,-0.185377,-0.56006,0.807445,0.307005,-0.813565,-0.493821,0.933478,0.156347,0.322757,-0.006217,0.005292,0.003496,0.011459,0.003081,-0.005562,-0.827844,0.099499,0.047089,-0.059875,-0.498432,0.351917,-0.792286,-0.715356,-0.683215,0.146565,-0.489724,0.63982,0.592282,-5e-06,-2.7e-05,-1.6e-05,-7.4e-05,2.3e-05,5.8e-05,0.491812
280,0.124487,0.044548,0.364756,-0.470542,0.400908,-0.786072,-0.787947,-0.591862,0.169738,-0.396619,0.69875,0.595372,-0.000213,-0.001078,-0.000642,0.029173,-0.045373,0.051505,0.4976,-0.149468,0.083857,0.339984,0.303927,0.515562,0.801134,-0.187602,0.85687,-0.480117,-0.93435,-0.005041,0.356129,-0.000857,0.008982,0.005169,4.440027,-2.672484,1.716256,-1.40567,0.01848,0.060665,-0.013087,-0.192801,-0.565933,0.80159,0.288138,-0.813555,-0.505077,0.937978,0.133589,0.319922,0.000269,-0.001718,0.005898,0.022676,-0.123432,-0.153625,-0.834866,0.099448,0.047091,-0.059873,-0.496226,0.352101,-0.793588,-0.715734,-0.683285,0.144383,-0.49141,0.639645,0.591074,-0.000142,-0.000723,-0.000428,0.105241,-0.163402,0.185534,0.489526
281,0.124466,0.044544,0.364742,-0.46969,0.40104,-0.786513,-0.788318,-0.59156,0.169066,-0.396891,0.698931,0.59498,-0.000189,-0.000957,-0.00057,0.0,-0.0,0.0,0.496277,-0.149553,0.083648,0.340285,0.307489,0.518402,0.797935,-0.169631,0.85503,-0.489983,-0.936623,0.014638,0.349837,-0.010018,-0.012071,0.007673,-0.023504,-0.096199,0.109315,-1.405791,0.01844,0.060576,-0.012933,-0.199299,-0.567904,0.798601,0.26464,-0.815862,-0.514134,0.943528,0.108875,0.312891,0.000647,-0.00569,0.003616,-0.040649,0.017746,-0.000127,-0.838458,0.099437,0.047089,-0.05988,-0.495384,0.35234,-0.794008,-0.716124,-0.683018,0.143703,-0.49169,0.639797,0.590676,-0.000147,-0.000746,-0.000444,-9.3e-05,0.000116,-8.3e-05,0.488383
282,0.124505,0.0445,0.364715,-0.468625,0.401223,-0.787055,-0.788797,-0.591158,0.168236,-0.397199,0.699166,0.594498,-0.00042,-0.002128,-0.001268,-0.000458,0.01493,-0.024647,0.495795,-0.149543,0.083188,0.34056,0.319364,0.515655,0.795046,-0.142844,0.855628,-0.497424,-0.937134,0.044621,0.345906,0.00136,-0.011886,0.006937,1.282246,-0.822342,0.549392,-1.405898,0.018442,0.060339,-0.0128,-0.210721,-0.567209,0.796159,0.239377,-0.819591,-0.520546,0.947783,0.080892,0.308482,0.000823,-0.006142,0.003178,4.36348,-2.722696,1.896128,-0.832417,0.099457,0.047068,-0.059893,-0.494319,0.352661,-0.79453,-0.716638,-0.682659,0.142851,-0.492015,0.640005,0.590181,-7.5e-05,-0.000386,-0.00023,-1.8e-05,1.8e-05,6e-06,0.486424
283,0.124517,0.044476,0.36469,-0.46838,0.401262,-0.787181,-0.788896,-0.591085,0.16803,-0.397291,0.699205,0.59439,-0.000316,-0.001601,-0.000954,0.0,0.0,0.0,0.495313,-0.149505,0.082928,0.34073,0.324516,0.515071,0.793336,-0.138874,0.855622,-0.498557,-0.935967,0.050947,0.348186,0.001235,-0.010566,0.007702,-0.035613,-0.000869,-0.026576,-1.405755,0.018462,0.0602,-0.012714,-0.217018,-0.566896,0.794689,0.233988,-0.820567,-0.521457,0.947708,0.072782,0.310725,0.000606,-0.005271,0.003864,-0.032671,0.022786,-0.001645,-0.832907,0.099463,0.047054,-0.059907,-0.494096,0.352726,-0.79464,-0.716731,-0.682601,0.142659,-0.492103,0.640031,0.59008,-0.000199,-0.001012,-0.000604,-1e-05,1.4e-05,8e-06,0.48577
284,0.124493,0.044404,0.364636,-0.468334,0.401264,-0.787208,-0.788905,-0.591086,0.167981,-0.397327,0.699203,0.594368,-0.000382,-0.001936,-0.001155,0.0,0.0,0.0,0.493518,-0.14927,0.082395,0.341217,0.340132,0.514943,0.786851,-0.131421,0.854596,-0.502323,-0.931506,0.066778,0.357351,0.013716,-0.019244,0.015662,-0.061528,-0.097527,-0.085361,-1.405878,0.018573,0.059947,-0.012483,-0.232673,-0.569013,0.788724,0.226409,-0.820391,-0.525069,0.945833,0.056404,0.319713,0.006782,-0.008946,0.008221,-0.049506,-0.129884,-0.065839,-0.835682,0.09945,0.047018,-0.059933,-0.494049,0.352734,-0.794665,-0.716739,-0.682602,0.14261,-0.492137,0.640025,0.590057,-0.00026,-0.001318,-0.000786,-0.000469,0.014926,-0.024646,0.484138
285,0.124416,0.044346,0.364602,-0.468527,0.40122,-0.787115,-0.788816,-0.59116,0.168138,-0.397275,0.699166,0.594446,-0.000423,-0.00214,-0.001277,-0.000458,0.014931,-0.024646,0.492932,-0.148842,0.081436,0.341832,0.354311,0.514931,0.780577,-0.131054,0.853872,-0.503648,-0.926274,0.075481,0.369029,0.014071,-0.022598,0.013783,-0.211294,-0.256332,0.040391,-1.40579,0.018787,0.059466,-0.012166,-0.247025,-0.570984,0.782914,0.225867,-0.819626,-0.526493,0.942316,0.046777,0.331435,0.007715,-0.017338,0.010321,-0.633477,-0.697439,0.602368,-0.840091,0.099412,0.046989,-0.05995,-0.494218,0.352672,-0.794587,-0.716656,-0.68266,0.142753,-0.492089,0.639997,0.590127,-6.5e-05,-0.000328,-0.000195,-1.2e-05,-4e-06,-3e-06,0.482505
286,0.124375,0.044336,0.364586,-0.468525,0.401209,-0.787122,-0.788805,-0.591179,0.168126,-0.3973,0.699156,0.594441,-0.0004,-0.002021,-0.001207,-0.000457,0.014931,-0.024646,0.49282,-0.148508,0.080845,0.342177,0.363758,0.515312,0.775967,-0.135927,0.853523,-0.502948,-0.921909,0.076806,0.379534,0.014134,-0.022994,0.013581,-0.025364,-0.482733,-0.374387,-1.405477,0.018949,0.059182,-0.012002,-0.255032,-0.570926,0.780385,0.230477,-0.819704,-0.524371,0.939062,0.04613,0.340636,0.007073,-0.011697,0.006669,-0.05724,-0.071481,-0.041028,-0.842214,0.099392,0.046985,-0.059958,-0.494215,0.352661,-0.794594,-0.716641,-0.682677,0.142742,-0.492112,0.639985,0.590121,-5.2e-05,-0.000265,-0.000157,-4e-06,5e-06,0.0,0.482341
287,0.12434,0.044304,0.364556,-0.468559,0.401194,-0.787109,-0.788777,-0.591211,0.168141,-0.397315,0.699137,0.594453,-0.000296,-0.001498,-0.000895,0.0,0.0,0.0,0.49354,-0.147891,0.079435,0.342827,0.376733,0.516401,0.769021,-0.138887,0.852332,-0.504156,-0.916254,0.082453,0.391846,0.027764,-0.041936,0.015743,-0.070694,-0.377303,-0.315136,-1.4058,0.019257,0.058482,-0.011664,-0.26861,-0.574298,0.773324,0.233233,-0.817716,-0.526253,0.934585,0.039008,0.353592,0.008209,-0.021856,0.007781,-0.083776,-0.543683,-0.513662,-0.838785,0.099374,0.046967,-0.059974,-0.494266,0.352636,-0.794573,-0.716602,-0.682712,0.142772,-0.492119,0.639961,0.590142,-0.000184,-0.000933,-0.000556,0.0,-4e-06,1.2e-05,0.482668
288,0.124369,0.044216,0.364503,-0.468396,0.401229,-0.787188,-0.788852,-0.591149,0.168011,-0.397359,0.699169,0.594386,-0.000606,-0.003065,-0.001832,-0.000457,0.014932,-0.024646,0.493755,-0.147008,0.077976,0.343337,0.390624,0.515307,0.7628,-0.148289,0.853077,-0.500205,-0.908948,0.081607,0.408676,0.026153,-0.026596,0.010737,-0.052519,-0.350857,-0.21027,-1.405585,0.01971,0.057721,-0.011412,-0.283298,-0.575416,0.767227,0.243009,-0.816963,-0.522988,0.927733,0.038281,0.371275,0.013062,-0.013263,0.005376,-0.052072,-0.391969,-0.264729,-0.840908,0.099389,0.046925,-0.059999,-0.494107,0.352692,-0.794648,-0.71668,-0.682658,0.14264,-0.492165,0.639988,0.590074,-0.000304,-0.001538,-0.00092,-0.000457,0.014928,-0.024636,0.482831
289,0.124366,0.044118,0.364422,-0.468477,0.401212,-0.787149,-0.788794,-0.591217,0.168044,-0.397379,0.699122,0.594429,-0.000713,-0.003603,-0.002156,-0.000457,0.014933,-0.024645,0.493749,-0.146205,0.07741,0.343674,0.400262,0.50865,0.762271,-0.155636,0.857496,-0.490318,-0.903519,0.076957,0.421418,0.012726,-0.009573,0.007529,-1.810003,-1.372999,1.629723,-1.405806,0.020107,0.057436,-0.01125,-0.29239,-0.571706,0.76659,0.249856,-0.819447,-0.515827,0.923081,0.040715,0.382442,0.006319,-0.004422,0.003963,-0.029042,0.010881,0.01492,-0.849399,0.099387,0.046876,-0.06004,-0.494186,0.352665,-0.794611,-0.716615,-0.682719,0.142674,-0.49218,0.639938,0.590116,-0.000354,-0.0018,-0.001076,-0.000451,0.014938,-0.024639,0.482994
290,0.124348,0.044093,0.364362,-0.468592,0.401176,-0.787099,-0.788697,-0.591336,0.168079,-0.397435,0.699042,0.594485,-0.000539,-0.002725,-0.001631,0.0,0.0,0.0,0.493664,-0.145896,0.077446,0.343723,0.403689,0.505036,0.762866,-0.157584,0.859788,-0.485661,-0.901659,0.075183,0.425702,0.01105,0.00475,0.001871,-0.010159,-0.043288,0.065522,-1.405621,0.020254,0.057445,-0.011224,-0.297885,-0.567252,0.767782,0.25358,-0.82242,-0.509236,0.920304,0.043,0.38883,0.005534,0.002262,0.000859,-0.167493,-0.142178,0.183154,-0.842214,0.099378,0.046863,-0.06007,-0.494298,0.352614,-0.794563,-0.716506,-0.682826,0.14271,-0.492228,0.639851,0.59017,-0.000371,-0.001879,-0.001124,-0.000452,0.014934,-0.02463,0.482994
291,0.124312,0.044076,0.364219,-0.468633,0.401119,-0.787104,-0.788543,-0.591579,0.167946,-0.397692,0.698869,0.594516,-0.000542,-0.002739,-0.001642,0.0,0.0,0.0,0.491662,-0.145301,0.077713,0.343829,0.410184,0.501226,0.761914,-0.159092,0.861983,-0.481257,-0.898463,0.075537,0.432343,0.010767,0.007257,0.003311,0.000197,-0.155428,-0.053615,-1.406017,0.02056,0.057583,-0.011169,-0.304709,-0.564281,0.767293,0.255685,-0.824494,-0.50481,0.917484,0.042365,0.395509,0.011007,0.005015,0.002009,-0.029052,-0.257877,-0.010258,-0.838785,0.09936,0.046853,-0.060143,-0.494331,0.352553,-0.79457,-0.716321,-0.683048,0.142579,-0.492463,0.639649,0.590192,-0.000327,-0.001661,-0.000996,-2e-06,-1.1e-05,6e-06,0.482178
292,0.124194,0.044115,0.364021,-0.468809,0.400991,-0.787064,-0.788235,-0.592026,0.167816,-0.398093,0.698565,0.594606,-0.012367,0.008317,-0.009664,0.0335,0.012845,-0.037811,0.489528,-0.144425,0.078249,0.344087,0.423007,0.500308,0.755479,-0.161598,0.862071,-0.480264,-0.892061,0.08042,0.444548,0.02116,0.017255,0.008169,0.052562,-0.495629,-0.215631,-1.405749,0.020982,0.057838,-0.011052,-0.316433,-0.564031,0.762717,0.258021,-0.824894,-0.502965,0.912849,0.037642,0.406556,0.010568,0.008743,0.004137,0.022138,-0.054638,0.115141,-0.84352,0.099306,0.046873,-0.060236,-0.494466,0.352418,-0.794546,-0.715986,-0.683427,0.142445,-0.492814,0.639318,0.590258,-6.3e-05,0.003518,-0.005331,0.034494,-0.001876,-0.008238,0.479729
293,0.124123,0.044174,0.36389,-0.468931,0.400899,-0.787038,-0.78801,-0.592357,0.16771,-0.398396,0.698337,0.59467,-9.7e-05,0.007215,-0.01056,0.034933,-0.016839,0.016366,0.488862,-0.144047,0.078582,0.344278,0.427131,0.49903,0.754002,-0.16265,0.862739,-0.478706,-0.889906,0.081182,0.44871,0.020814,0.01997,0.009701,-0.015523,-0.014264,-0.083925,-1.405877,0.021184,0.058007,-0.010951,-0.322646,-0.564746,0.759579,0.259537,-0.824525,-0.50279,0.910241,0.034916,0.412602,0.004717,0.009347,0.004903,-0.029644,-0.102476,0.116039,-0.842377,0.099265,0.046899,-0.060303,-0.494618,0.352298,-0.794505,-0.7157,-0.683741,0.142375,-0.493078,0.639048,0.59033,-0.006528,-0.001449,-0.00075,-0.001432,0.029685,-0.054168,0.478259
294,0.124008,0.04436,0.363523,-0.469014,0.400696,-0.787092,-0.787483,-0.593202,0.16719,-0.399337,0.697736,0.594745,-0.000228,0.006554,-0.010955,0.034926,-0.016869,0.016348,0.488938,-0.14348,0.079225,0.344679,0.428678,0.496976,0.754481,-0.161718,0.863864,-0.476991,-0.889333,0.081815,0.449728,0.011007,0.005478,0.016086,-0.032353,-0.022608,0.033992,-1.405807,0.02147,0.058344,-0.010747,-0.324029,-0.562609,0.760576,0.258603,-0.826006,-0.500836,0.910015,0.034402,0.413142,0.0047,0.009203,0.004798,0.005752,-0.046552,0.07669,-0.827028,0.099208,0.046992,-0.060487,-0.494675,0.352086,-0.794563,-0.715064,-0.684513,0.14186,-0.493942,0.638339,0.590376,-0.000189,0.002864,-0.005724,0.034483,-0.001879,-0.008249,0.476953
295,0.123962,0.044575,0.363061,-0.468888,0.400502,-0.787266,-0.786938,-0.594158,0.166363,-0.400555,0.697035,0.594747,-0.000594,0.004715,-0.012061,0.034484,-0.001872,-0.008258,0.488822,-0.143273,0.079898,0.345039,0.43051,0.494746,0.754903,-0.160487,0.865048,-0.475257,-0.888673,0.082806,0.450851,-0.00185,0.016136,0.009126,0.004421,-0.03397,0.046347,-1.405594,0.021578,0.058678,-0.010563,-0.326082,-0.560668,0.76113,0.257679,-0.827366,-0.499065,0.909544,0.033391,0.414262,-0.00089,0.007721,0.004363,0.001502,-0.016488,0.02282,-0.838622,0.099185,0.047102,-0.060716,-0.494505,0.351916,-0.794744,-0.714399,-0.68538,0.141024,-0.495074,0.637502,0.590332,-0.000248,0.002571,-0.005901,0.034916,-0.016906,0.016339,0.4763
296,0.123945,0.044839,0.362528,-0.468752,0.400279,-0.78746,-0.786295,-0.595277,0.165401,-0.401975,0.696208,0.594759,-0.000689,0.004239,-0.012348,0.034485,-0.001864,-0.008253,0.488449,-0.143436,0.080493,0.345413,0.431991,0.49311,0.755128,-0.159643,0.865909,-0.473972,-0.888108,0.083558,0.451824,-0.001822,0.015928,0.008953,0.002209,-0.016983,0.023175,-1.405702,0.021502,0.058971,-0.01038,-0.327634,-0.559359,0.761427,0.257089,-0.828281,-0.497848,0.909153,0.032643,0.415179,-0.000938,0.008148,0.004581,0.003962,-0.033638,0.046077,-0.841724,0.099176,0.047234,-0.060983,-0.49434,0.351712,-0.794937,-0.713603,-0.686404,0.140069,-0.496384,0.636512,0.5903,-0.000278,0.002409,-0.005998,0.034489,-0.001861,-0.008232,0.47581
297,0.123928,0.044972,0.362273,-0.468635,0.400178,-0.787581,-0.786004,-0.5958,0.164898,-0.402676,0.695819,0.594738,-0.000605,0.004662,-0.012092,0.034486,-0.001862,-0.008252,0.488334,-0.143517,0.080754,0.345635,0.433037,0.491956,0.755281,-0.159162,0.866524,-0.473008,-0.887686,0.083977,0.452575,-0.000564,0.006044,0.017114,-0.032189,-0.024381,0.027928,-1.405668,0.021456,0.059108,-0.01027,-0.328936,-0.558263,0.76167,0.25667,-0.829042,-0.496797,0.908801,0.032083,0.415991,-0.006644,0.008019,0.004916,0.002017,-0.018475,0.016877,-0.842541,0.099167,0.047301,-0.061116,-0.494213,0.351622,-0.795056,-0.713225,-0.6869,0.139558,-0.497053,0.636026,0.590261,-0.00029,0.002347,-0.006037,0.034494,-0.001869,-0.008219,0.47532
298,0.123788,0.045223,0.361856,-0.468684,0.399941,-0.787673,-0.785396,-0.596782,0.164246,-0.403805,0.695115,0.594798,-0.012337,0.008457,-0.009567,0.033918,-0.00227,-0.013274,0.487898,-0.143552,0.081232,0.346148,0.436865,0.487841,0.755746,-0.159291,0.868874,-0.468634,-0.885789,0.08371,0.456326,0.009117,0.02014,0.010373,0.006458,-0.049135,0.075623,-1.405635,0.021435,0.059341,-0.010011,-0.333244,-0.554751,0.762364,0.25736,-0.831397,-0.492488,0.907036,0.032083,0.419828,-0.000339,0.003446,0.008764,-0.031582,-0.023512,0.02702,-0.8445,0.099102,0.047421,-0.061322,-0.494225,0.351389,-0.795151,-0.712506,-0.687776,0.138919,-0.498072,0.635208,0.590283,-0.000146,0.003078,-0.005591,0.034478,-0.001872,-0.008238,0.47434
299,0.12344,0.045414,0.361587,-0.469357,0.399618,-0.787436,-0.784682,-0.597699,0.16432,-0.404408,0.694513,0.595091,-0.012061,0.009827,-0.008734,0.033907,-0.002316,-0.013298,0.488041,-0.14345,0.081492,0.346764,0.441164,0.486597,0.754048,-0.161329,0.869585,-0.466615,-0.88329,0.08357,0.46117,0.011002,0.004562,0.015349,-0.016693,-0.151623,-0.061634,-1.405586,0.021484,0.059483,-0.009707,-0.337497,-0.553951,0.761074,0.25958,-0.831931,-0.490415,0.904828,0.032046,0.424569,-0.000124,0.001539,0.007679,-0.01324,-0.222555,-0.16429,-0.841887,0.098927,0.047515,-0.061457,-0.494861,0.350985,-0.794934,-0.71169,-0.688603,0.139003,-0.498607,0.634534,0.590556,-0.006426,-0.000913,-0.00044,-0.000999,0.014719,-0.029546,0.474014
300,0.123204,0.04548,0.361487,-0.467396,0.402223,-0.787275,-0.787868,-0.593448,0.164485,-0.400473,0.696647,0.595258,-0.012852,-0.001757,-0.000849,-0.000984,0.014715,-0.029553,0.488973,-0.143441,0.081575,0.347045,0.441513,0.486249,0.754068,-0.161667,0.869812,-0.466075,-0.883054,0.083237,0.461682,-0.000308,0.00375,0.015712,-0.031922,-0.026547,0.026328,-1.405763,0.021494,0.059523,-0.009562,-0.338239,-0.55387,0.760803,0.259952,-0.831987,-0.490124,0.904444,0.031993,0.42539,-0.000108,0.001388,0.007587,-0.032919,0.003637,0.015551,-0.839438,0.09881,0.047554,-0.06151,-0.493205,0.353814,-0.794709,-0.715368,-0.684761,0.139101,-0.494971,0.637116,0.590835,-0.006116,0.004461,-0.004636,0.0336,0.012734,-0.037959,0.474503
301,0.12266,0.045524,0.361344,-0.464035,0.407342,-0.786631,-0.794013,-0.584936,0.165424,-0.392175,0.70085,0.595849,-0.013224,-0.003532,-0.001934,-0.001471,0.02989,-0.053997,0.490181,-0.143469,0.081632,0.34765,0.445609,0.488494,0.750199,-0.163781,0.868376,-0.468009,-0.880607,0.085044,0.466006,-2.3e-05,0.001271,0.014318,0.015048,-0.410759,-0.292979,-1.405733,0.021479,0.059555,-0.009258,-0.340695,-0.555233,0.758711,0.261437,-0.831111,-0.490819,0.903092,0.031136,0.428314,0.000691,-0.005037,0.010857,-0.01267,-0.465709,-0.357871,-0.834539,0.098539,0.04758,-0.061579,-0.490458,0.359311,-0.793943,-0.722533,-0.677023,0.139947,-0.487234,0.642288,0.591666,-0.006181,0.004147,-0.004829,0.033836,-0.002508,-0.013561,0.47581
302,0.122073,0.045407,0.361194,-0.460236,0.412515,-0.786167,-0.800317,-0.576061,0.166184,-0.383762,0.705153,0.596249,-0.025757,-0.003523,-0.001726,0.000768,-0.075211,0.110016,0.490599,-0.143547,0.081397,0.348224,0.447431,0.490023,0.748114,-0.165997,0.867525,-0.468805,-0.879269,0.084934,0.468546,0.002004,-0.015338,0.01884,-0.070134,-0.004937,-0.018907,-1.405753,0.021439,0.059447,-0.00897,-0.343929,-0.558381,0.754932,0.263789,-0.829057,-0.49303,0.901181,0.029575,0.432431,-0.005316,-0.002835,0.005666,-0.03599,0.039944,-0.031416,-0.832743,0.098256,0.047525,-0.061652,-0.487388,0.364887,-0.79329,-0.729839,-0.668983,0.140695,-0.47936,0.647548,0.592363,-0.006915,-0.003209,-0.001844,-0.000943,0.029699,-0.054596,0.477606
303,0.121421,0.04522,0.360967,-0.456712,0.417591,-0.785542,-0.806344,-0.567307,0.167161,-0.375277,0.709241,0.5968,-0.014451,-0.009226,-0.005443,-0.001377,0.029884,-0.054053,0.49075,-0.14358,0.081204,0.348715,0.45276,0.491043,0.744229,-0.169355,0.866885,-0.468788,-0.875898,0.085569,0.474703,0.000526,-0.003503,0.011694,-0.028384,-0.056584,-0.0313,-1.405886,0.021424,0.059341,-0.008725,-0.349248,-0.560126,0.751188,0.267117,-0.827919,-0.49315,0.89815,0.028424,0.438768,0.000289,-0.002052,0.005685,-0.023491,-0.038089,-0.014173,-0.832906,0.097926,0.047438,-0.061761,-0.484352,0.370382,-0.792602,-0.736963,-0.660957,0.141487,-0.471473,0.652649,0.593094,-0.012825,0.002381,-0.005812,0.032994,0.027185,-0.068055,0.478096
304,0.121066,0.045149,0.360828,-0.454841,0.420109,-0.785286,-0.809323,-0.562939,0.167536,-0.371126,0.711228,0.597032,-0.014355,-0.008675,-0.005118,0.001301,-0.074833,0.115021,0.491042,-0.143583,0.081166,0.348899,0.452731,0.491136,0.744185,-0.169869,0.866879,-0.468614,-0.875814,0.085101,0.474943,-0.000683,0.005979,0.003253,8.8e-05,-0.00072,-0.000527,-1.405791,0.021422,0.059322,-0.008628,-0.349107,-0.560045,0.751314,0.267525,-0.827956,-0.492866,0.898083,0.028932,0.438872,0.000337,-0.002465,0.005458,-0.033871,0.00167,0.012631,-0.830784,0.097743,0.047395,-0.061835,-0.482986,0.373055,-0.792182,-0.740363,-0.657042,0.141977,-0.467533,0.655075,0.593538,-0.012923,0.001959,-0.006076,0.033088,0.027156,-0.068067,0.479076
