frame,MLTx,MLTy,MLTz,MLTR1,MLTR2,MLTR3,MLTR4,MLTR5,MLTR6,MLTR7,MLTR8,MLTR9,MLTTVx,MLTTVy,MLTTVz,MLTRVx,MLTRVy,MLTRVz,MLGA,MRTx,MRTy,MRTz,MRTR1,MRTR2,MRTR3,MRTR4,MRTR5,MRTR6,MRTR7,MRTR8,MRTR9,MRTTVx,MRTTVy,MRTTVz,MRTRVx,MRTRVy,MRTRVz,MRGA,SLTx,SLTy,SLTz,SLTR1,SLTR2,SLTR3,SLTR4,SLTR5,SLTR6,SLTR7,SLTR8,SLTR9,SLTTVx,SLTTVy,SLTTVz,SLTRVx,SLTRVy,SLTRVz,SLGA,SRTx,SRTy,SRTz,SRTR1,SRTR2,SRTR3,SRTR4,SRTR5,SRTR6,SRTR7,SRTR8,SRTR9,SRTTVx,SRTTVy,SRTTVz,SRTRVx,SRTRVy,SRTRVz,SRGA
416,0.099567,0.024708,0.346372,-0.06774,0.202904,-0.976876,-0.000116,-0.979079,-0.203408,-0.997631,-0.013925,0.067561,-0.009018,0.016602,0.012559,0.023961,0.016907,0.239415,-0.524496,-0.162088,0.051308,0.294975,0.225776,-0.1294,0.965542,-0.959117,-0.202822,0.19721,0.17004,-0.970395,-0.171123,-0.012996,0.001067,0.002224,-6e-06,-0.003406,-0.007339,-1.404847,0.038288,0.048052,-0.029701,-0.159164,0.158262,0.974484,0.985712,0.080574,0.147913,-0.055109,0.984104,-0.168825,0.000523,-0.005686,0.003554,-0.036568,0.012648,-0.016551,-0.828987,0.064211,0.036543,-0.068056,-0.115247,0.305266,-0.945267,0.015277,-0.95095,-0.308964,-0.993219,-0.050048,0.104931,0.002716,0.013476,0.002027,0.072867,-0.044242,0.297524,-0.477154
417,0.099484,0.025476,0.346956,-0.063725,0.206071,-0.976483,-0.011855,-0.978512,-0.20578,-0.997831,-0.001801,0.066012,0.005088,0.018204,0.013906,0.000542,-0.030337,0.049008,-0.671243,-0.162195,0.051335,0.295063,0.229408,-0.125105,0.965252,-0.958351,-0.202021,0.201703,0.169489,-0.97113,-0.167461,-5.3e-05,0.001367,0.00124,1.4e-05,-3.2e-05,4.1e-05,-1.404142,0.03823,0.048069,-0.029653,-0.163358,0.154415,0.974407,0.985071,0.079875,0.152487,-0.054284,0.984771,-0.165158,-0.006498,0.000548,0.001126,-0.003354,0.018963,-0.034046,-0.830457,0.064169,0.036923,-0.067767,-0.110916,0.308301,-0.9448,0.003706,-0.950531,-0.310606,-0.993822,-0.037953,0.104286,0.002595,0.009299,0.007114,-0.001897,0.071125,-0.121923,-0.629831
418,0.099453,0.025813,0.347199,-0.06551,0.203371,-0.976931,-0.012159,-0.979077,-0.203056,-0.997709,-0.001685,0.067826,0.004424,0.015824,0.012051,-0.012303,0.025125,-0.037,-0.73679,-0.162231,0.051319,0.295117,0.231122,-0.123095,0.965102,-0.957976,-0.201687,0.20381,0.169279,-0.971459,-0.165757,-5.1e-05,0.001341,0.001217,0.0,-0.0,0.0,-1.403752,0.038212,0.048066,-0.029628,-0.165314,0.152639,0.974357,0.984765,0.07957,0.154614,-0.053929,0.985073,-0.163468,-3.4e-05,0.000872,0.000793,0.001051,-0.015736,0.018245,-0.8316,0.064153,0.037107,-0.067633,-0.112597,0.305633,-0.945467,0.00351,-0.95139,-0.307966,-0.993634,-0.037995,0.106051,0.002384,0.008555,0.006523,-0.049098,0.21831,-0.34156,-0.64567
419,0.099449,0.02639,0.347697,-0.064657,0.199477,-0.97779,-0.012987,-0.979879,-0.199099,-0.997756,-0.00043,0.067162,-0.008908,0.016736,0.012486,-0.000954,-0.018383,0.01775,-0.900107,-0.162269,0.051205,0.295176,0.234545,-0.119104,0.964777,-0.957207,-0.201057,0.208002,0.168915,-0.972092,-0.162385,1.9e-05,-0.00049,-0.000444,4.6e-05,-0.000108,0.000138,-1.402733,0.038193,0.048008,-0.029594,-0.169227,0.149108,0.974232,0.984132,0.079069,0.158844,-0.053347,0.985654,-0.160122,0.000552,-0.0065,0.002816,-0.037908,0.016433,-0.021405,-0.832253,0.064156,0.037397,-0.067383,-0.111539,0.301772,-0.946832,0.002859,-0.952676,-0.303971,-0.993755,-0.036612,0.105398,0.001885,0.006771,0.005129,-0.003571,-0.005222,0.036513,-0.643874
420,0.099564,0.02689,0.34805,-0.057469,0.204405,-0.977221,-0.035847,-0.978583,-0.202636,-0.997645,0.023124,0.06478,0.002934,0.010508,0.00792,-0.003571,-0.016321,0.025257,-1.190286,-0.162332,0.051017,0.295235,0.240967,-0.112279,0.964012,-0.956754,-0.193911,0.216687,0.162311,-0.974361,-0.155369,6e-06,-0.000147,-0.000134,0.019053,-0.044234,0.056952,-1.302386,0.038161,0.047911,-0.029567,-0.176486,0.143153,0.973837,0.98322,0.072028,0.167599,-0.046151,0.987075,-0.153462,0.000541,-0.006206,0.00308,0.029725,-0.143114,0.182714,-0.816087,0.064211,0.037653,-0.067202,-0.104537,0.307004,-0.945949,-0.02028,-0.95162,-0.306604,-0.994313,-0.012868,0.105706,0.001454,0.005214,0.003937,-0.013392,-0.017158,0.021845,-0.644037
421,0.099607,0.027067,0.348208,-0.05443,0.207292,-0.976787,-0.041349,-0.977819,-0.205261,-0.997606,0.028952,0.063008,0.00157,-0.001849,0.015133,-0.021822,-0.036872,0.070567,-1.332256,-0.162317,0.050957,0.295285,0.249335,-0.103524,0.962864,-0.95579,-0.185977,0.227626,0.155202,-0.976884,-0.146536,-4.7e-05,0.001241,0.001126,1.588229,0.492026,-0.376742,-0.940291,0.038169,0.047879,-0.029544,-0.186118,0.135298,0.973166,0.981758,0.064782,0.178755,-0.038858,0.988684,-0.144887,-4.9e-05,0.00071,0.000676,1.597912,0.519969,-0.39762,-0.709785,0.064232,0.037746,-0.067126,-0.101558,0.309891,-0.945332,-0.025895,-0.950746,-0.308884,-0.994492,-0.006891,0.10458,0.001246,0.00447,0.003369,0.046965,-0.159821,0.245356,-0.644037
422,0.099731,0.027198,0.348357,-0.049513,0.212736,-0.975878,-0.046528,-0.97646,-0.210556,-0.997641,0.034709,0.059459,0.000517,0.001857,0.001395,0.0,-0.0,0.0,-1.550711,-0.162344,0.050965,0.295373,0.290092,-0.082659,0.953418,-0.954179,-0.100524,0.281729,0.072201,-0.99132,-0.109242,-7.9e-05,0.002097,0.001901,5.914504,1.735507,0.018653,-0.08838,0.038155,0.047882,-0.029499,-0.228943,0.117058,0.966375,0.972561,-0.014655,0.232183,0.041341,0.993016,-0.110491,-0.000579,0.007366,-0.002023,2.432714,-0.520897,2.340465,-0.529839,0.064296,0.037816,-0.067042,-0.09672,0.315382,-0.944022,-0.031354,-0.948964,-0.313821,-0.994817,-0.000755,0.101671,0.000169,0.000611,0.000461,-0.000545,0.002195,-0.003781,-0.644364
423,0.099837,0.027132,0.348334,-0.046032,0.217557,-0.974985,-0.045834,-0.975404,-0.215541,-0.997844,0.034488,0.056084,-0.000731,-0.002628,-0.001974,6.4e-05,0.014086,-0.022839,-1.772351,-0.162758,0.050891,0.295661,0.334322,-0.083886,0.938714,-0.941663,0.009347,0.33633,-0.037392,-0.996256,-0.07706,-0.012092,-0.006639,0.012643,1.181278,-0.920404,1.826524,0.252019,0.037948,0.047841,-0.029358,-0.273549,0.127477,0.953372,0.948672,-0.1278,0.289288,0.158718,0.983573,-0.085975,-0.006033,-0.003014,0.006532,1.177844,-0.926558,1.780861,-0.414066,0.064345,0.037784,-0.067053,-0.093307,0.320203,-0.942742,-0.030874,-0.947348,-0.318712,-0.995158,-0.000632,0.09828,-0.000314,-0.001125,-0.000848,0.002296,-0.008515,0.01274,-0.655794
424,0.099847,0.027078,0.348243,-0.040041,0.222599,-0.974111,-0.0565,-0.97379,-0.220257,-0.997563,0.045934,0.052779,-0.000703,-0.002525,-0.001898,-0.000269,0.015176,-0.024499,-1.914102,-0.163285,0.050964,0.296328,0.359381,-0.128614,0.924281,-0.917567,0.13134,0.375171,-0.17008,-0.982728,-0.071986,0.001618,-0.010397,0.025356,5.758691,2.582633,0.316216,0.44444,0.037684,0.047877,-0.029037,-0.293982,0.171686,0.940264,0.913061,-0.240465,0.329384,0.282652,0.955353,-0.086068,-0.006188,0.00131,0.010444,2.62566,0.252415,2.109104,-0.346627,0.064352,0.037748,-0.067104,-0.087435,0.325263,-0.941572,-0.0418,-0.945557,-0.322758,-0.995292,0.011137,0.09627,-0.000358,-0.001292,-0.000969,-0.000242,0.016339,-0.0268,-0.649426
425,0.09978,0.027053,0.348236,-0.038861,0.222626,-0.974152,-0.062288,-0.973485,-0.220043,-0.997266,0.051843,0.052908,-0.000285,-0.001023,-0.000769,-0.0,-0.0,0.0,-1.917349,-0.163373,0.050892,0.296754,0.366979,-0.157177,0.91685,-0.901117,0.184254,0.392394,-0.231049,-0.969962,-0.075183,0.001643,-0.011128,0.024679,1.374692,1.274243,0.404681,0.5165,0.03764,0.047848,-0.028818,-0.297881,0.202304,0.932919,0.889687,-0.295396,0.348134,0.34601,0.933709,-0.091995,0.000718,-0.005237,0.01297,4.94647,3.176706,0.212884,-0.317235,0.064318,0.037732,-0.067111,-0.086268,0.325316,-0.941661,-0.047591,-0.945452,-0.322266,-0.995134,0.017013,0.097044,-0.000168,-0.000611,-0.000453,0.000716,-1.6e-05,-0.000329,-0.649752
426,0.099561,0.027053,0.348271,-0.036118,0.219852,-0.974887,-0.068497,-0.973727,-0.217107,-0.996965,0.058655,0.051441,-0.012791,0.002745,0.00189,-0.092366,-0.483113,-0.336743,-1.917566,-0.163672,0.050295,0.297918,0.39087,-0.21402,0.895214,-0.86297,0.252837,0.437366,-0.320417,-0.9432,-0.087005,-0.023272,-0.020504,0.036019,4.787293,2.973783,0.465783,0.534449,0.037492,0.047541,-0.028231,-0.315665,0.262508,0.911835,0.845536,-0.35828,0.395858,0.430609,0.895948,-0.108864,-0.011703,-0.010249,0.018348,4.758207,3.041223,0.532413,-0.100875,0.064213,0.037729,-0.067096,-0.085877,0.324251,-0.942064,-0.053334,-0.945698,-0.32064,-0.994876,0.022709,0.098507,8.2e-05,0.00029,0.000224,0.000765,-0.000199,1.1e-05,-0.651222
427,0.099253,0.027045,0.348336,-0.037142,0.218392,-0.975177,-0.068626,-0.974057,-0.215582,-0.996918,0.058637,0.052378,-0.014508,-0.010847,0.008189,-0.035444,0.033206,-0.045104,-1.917598,-0.164099,0.049966,0.299226,0.418986,-0.231619,0.877949,-0.845251,0.25344,0.470375,-0.33196,-0.938849,-0.090706,-0.012604,0.010164,0.027437,-0.076946,0.050621,0.570553,0.534459,0.037278,0.047375,-0.02758,-0.341862,0.284794,0.895557,0.828827,-0.357775,0.430164,0.442916,0.889319,-0.113735,-0.006329,0.005464,0.014037,-0.073707,0.017205,0.529737,0.20007,0.064055,0.037732,-0.067058,-0.084457,0.321249,-0.943221,-0.053713,-0.946694,-0.317622,-0.994978,0.023838,0.09721,-0.007293,-0.005561,0.003998,-0.035589,0.03679,-0.042629,-0.645507
428,0.099139,0.026983,0.348325,-0.033667,0.216692,-0.975683,-0.074876,-0.973992,-0.213787,-0.996596,0.06558,0.050229,-0.000759,-0.002704,-0.002035,-0.006878,-0.03696,-0.022793,-1.917815,-0.164295,0.050208,0.299898,0.427551,-0.238474,0.871964,-0.832328,0.272298,0.482719,-0.353065,-0.931821,-0.083177,-0.012759,0.015874,0.032355,0.422522,0.137043,0.265178,0.534676,0.037191,0.04748,-0.027272,-0.349539,0.291983,0.890262,0.815169,-0.373637,0.442598,0.461867,0.88042,-0.107415,-0.006402,0.007751,0.016369,5.127397,2.13192,0.469164,0.349644,0.063998,0.037701,-0.067064,-0.080771,0.319548,-0.94412,-0.059777,-0.947063,-0.31543,-0.994938,0.030959,0.095597,-0.007447,-0.006108,0.003586,-0.049356,0.013762,-0.053307,-0.645507
429,0.098826,0.0269,0.348222,-0.03198,0.215783,-0.97594,-0.086313,-0.973341,-0.212434,-0.995728,0.077167,0.050965,-0.013976,-0.001427,-0.00126,-0.000987,0.014706,-0.029558,-1.917582,-0.164877,0.050916,0.301124,0.439532,-0.255866,0.861008,-0.79946,0.325339,0.504927,-0.409842,-0.909927,-0.062655,-0.012663,0.015128,0.031422,4.773029,2.50489,-0.004056,0.535728,0.036904,0.047847,-0.026648,-0.361018,0.308567,0.880029,0.778847,-0.419242,0.46651,0.512896,0.853827,-0.088973,-0.006369,0.008028,0.016096,0.218429,-0.35451,0.507679,0.49138,0.063846,0.037658,-0.067116,-0.07927,0.318938,-0.944454,-0.071313,-0.946822,-0.313752,-0.994298,0.042481,0.097798,-0.000639,-0.002284,-0.001713,-0.000953,0.120555,-0.192768,-0.645507
430,0.0985,0.026841,0.348149,-0.031938,0.214229,-0.976284,-0.092,-0.973219,-0.210601,-0.99522,0.082819,0.052005,-0.000849,-0.003002,-0.002266,-0.0,-0.0,-0.0,-1.917995,-0.165773,0.051485,0.302415,0.449705,-0.275604,0.849588,-0.764048,0.373753,0.525807,-0.462991,-0.885213,-0.04358,-0.025454,0.017373,0.034245,0.0196,-0.401861,0.472042,0.53633,0.036461,0.048126,-0.026007,-0.366995,0.331788,0.86904,0.736329,-0.467282,0.489352,0.568448,0.819489,-0.072815,-0.012257,0.002669,0.020407,0.097041,-0.320152,0.444502,0.510812,0.063683,0.037627,-0.067154,-0.079201,0.317459,-0.944958,-0.076899,-0.947057,-0.311719,-0.993888,0.047978,0.099421,-0.000351,-0.001254,-0.000939,0.000933,0.00021,-5.6e-05,-0.651385
431,0.098341,0.026629,0.348161,-0.028987,0.204168,-0.97853,-0.094397,-0.975079,-0.200705,-0.99509,0.086292,0.048754,-0.000815,-0.002878,-0.002175,-0.096871,-0.506369,-0.312072,-1.917673,-0.166858,0.052076,0.303909,0.442129,-0.312406,0.840783,-0.720964,0.433708,0.540409,-0.534012,-0.84469,-0.034552,-0.038155,0.020788,0.037935,0.421669,0.009721,0.273613,0.53637,0.035914,0.048425,-0.02525,-0.355924,0.367078,0.859401,0.686869,-0.520807,0.506922,0.633662,0.770723,-0.066767,-0.012242,0.004831,0.022092,1.401962,0.653182,0.242663,0.516527,0.063598,0.037521,-0.067148,-0.078256,0.309096,-0.947805,-0.078412,-0.949684,-0.303235,-0.993844,0.050589,0.098555,-0.000495,-0.001746,-0.001316,-0.006358,0.014951,0.01916,-0.65955
432,0.098319,0.026444,0.348183,-0.026532,0.202743,-0.978896,-0.095164,-0.975259,-0.199464,-0.995089,0.087605,0.046387,-0.002138,-0.015012,0.005221,-0.044401,-0.017076,-0.071306,-1.917815,-0.167573,0.052371,0.304741,0.441225,-0.331099,0.834078,-0.700092,0.454305,0.550828,-0.561832,-0.826533,-0.032414,-0.037103,0.010463,0.045766,-0.090948,0.045605,0.53353,0.536602,0.035556,0.048577,-0.024837,-0.352984,0.38455,0.852949,0.663929,-0.539384,0.517939,0.659241,0.749123,-0.06492,-0.018605,0.005581,0.023179,-0.043312,0.099989,0.866228,0.517833,0.063588,0.037435,-0.067138,-0.073187,0.3061,-0.949181,-0.079347,-0.950504,-0.300408,-0.994156,0.053329,0.093852,-0.000425,-0.001501,-0.001133,-0.02052,-0.116564,0.168971,-0.663142
433,0.098287,0.026142,0.348216,-0.021857,0.199536,-0.97967,-0.096574,-0.975696,-0.196626,-0.995072,0.090058,0.041814,-0.00086,-0.003036,-0.002298,-0.000681,-0.003572,-0.002197,-1.917226,-0.169342,0.052804,0.306581,0.429091,-0.382455,0.818291,-0.651199,0.496674,0.57375,-0.626369,-0.778561,-0.036982,-0.04956,0.010622,0.046523,2.249248,-0.235573,2.681213,0.536471,0.034658,0.048803,-0.023895,-0.334922,0.434619,0.836022,0.612042,-0.574252,0.543726,0.716401,0.693787,-0.073675,-0.024827,0.005364,0.02334,2.244395,-0.197185,2.709829,0.519956,0.063571,0.037278,-0.06712,-0.068703,0.30332,-0.950408,-0.080834,-0.951219,-0.297736,-0.994356,0.05637,0.08987,-0.000494,-0.001741,-0.001317,-0.005056,0.035295,-0.009481,-0.671143
434,0.098252,0.025981,0.348256,-0.02235,0.199015,-0.979765,-0.0969,-0.97578,-0.196049,-0.995029,0.090303,0.042312,-7.5e-05,-0.000264,-0.0002,-0.001874,0.104421,-0.169271,-1.913817,-0.171103,0.053009,0.308513,0.424906,-0.431356,0.795851,-0.609282,0.513796,0.603923,-0.669916,-0.740947,-0.04552,-0.035717,-0.001598,0.051485,1.108508,1.031324,0.669199,0.537586,0.033805,0.048904,-0.022964,-0.328332,0.480644,0.813129,0.572702,-0.583272,0.576024,0.751139,0.654808,-0.083759,-0.017914,-0.000744,0.025812,-0.29095,0.342116,0.741288,0.521426,0.063553,0.037197,-0.067107,-0.069305,0.303089,-0.950438,-0.081128,-0.951286,-0.297444,-0.994291,0.056492,0.090518,-2.2e-05,-7.7e-05,-5.8e-05,0.00115,0.000879,0.000236,-0.672613
435,0.098249,0.025938,0.348297,-0.018931,0.197367,-0.98017,-0.103272,-0.975442,-0.194474,-0.994463,0.09729,0.040067,4.6e-05,0.000161,0.000122,-0.00708,-0.036969,-0.022711,-1.913577,-0.171864,0.053058,0.309439,0.428711,-0.448363,0.784327,-0.593346,0.514799,0.618754,-0.681708,-0.730062,-0.046337,-0.048276,-0.00228,0.051801,-0.074077,-0.178563,0.818224,0.537785,0.033415,0.048934,-0.022484,-0.32773,0.500744,0.801153,0.554075,-0.584977,0.592284,0.76524,0.638009,-0.085736,-0.018302,0.005193,0.022314,0.235576,-0.390921,1.227437,0.522079,0.063551,0.037172,-0.067082,-0.065761,0.301274,-0.951266,-0.087339,-0.951409,-0.295282,-0.994005,0.063664,0.088878,5e-05,0.000176,0.000135,-0.013161,-0.019915,-0.008376,-0.673429
436,0.098235,0.026006,0.348411,-0.020002,0.194781,-0.980666,-0.109536,-0.975338,-0.191543,-0.99377,0.103338,0.042063,0.000896,0.003161,0.002392,-2e-06,-7e-06,-6e-06,-1.915275,-0.173604,0.053164,0.311204,0.409929,-0.499883,0.762933,-0.538119,0.542691,0.644863,-0.736878,-0.674252,-0.047508,-0.04889,0.005653,0.041429,0.304089,0.331358,0.94952,0.538433,0.032527,0.04899,-0.021578,-0.304566,0.548195,0.778923,0.496914,-0.606219,0.620946,0.812597,0.576177,-0.087772,-0.0245,0.002603,0.020564,0.2577,0.403698,1.042741,0.523059,0.063544,0.037204,-0.067027,-0.06702,0.29889,-0.95193,-0.093586,-0.951752,-0.292245,-0.993352,0.069501,0.091758,-0.005881,0.003258,0.00237,0.001147,0.01357,-0.024845,-0.674083
437,0.098091,0.026056,0.348645,-0.018888,0.190402,-0.981547,-0.116529,-0.975405,-0.187022,-0.992998,0.110603,0.041831,0.00097,0.003416,0.002581,-0.007145,-0.036976,-0.022685,-1.905575,-0.175694,0.053126,0.312883,0.389323,-0.545855,0.741931,-0.485297,0.562935,0.668974,-0.78328,-0.619803,-0.046689,-0.048673,0.003318,0.039246,-0.165248,0.050686,0.716836,0.53866,0.031523,0.048973,-0.020772,-0.278871,0.590865,0.757039,0.443225,-0.620138,0.647286,0.851928,0.516048,-0.088948,-0.024398,0.000846,0.019023,0.02999,0.62248,0.892332,0.523712,0.063472,0.03723,-0.066909,-0.06567,0.294464,-0.953403,-0.100235,-0.952579,-0.287305,-0.992794,0.076697,0.092071,-0.006523,-0.002739,0.006128,-0.048863,0.00136,-0.055264,-0.678165
438,0.098012,0.025885,0.349,-0.014564,0.186863,-0.982301,-0.118431,-0.975766,-0.183918,-0.992851,0.113418,0.037563,-9e-06,-0.007494,0.010913,-0.135792,-0.50639,-0.336846,-1.886842,-0.177911,0.052954,0.314431,0.380716,-0.578065,0.721725,-0.443839,0.570354,0.691113,-0.811595,-0.582707,-0.04035,-0.06111,-0.002009,0.035777,1.117251,0.932232,0.337487,0.539073,0.030396,0.04889,-0.019976,-0.26795,0.622608,0.735228,0.403502,-0.620457,0.672471,0.874864,0.476855,-0.084973,-0.030441,-0.00088,0.017947,3.933587,3.575759,0.169626,0.524202,0.063434,0.037151,-0.066733,-0.063515,0.29285,-0.954045,-0.101601,-0.952906,-0.285737,-0.992795,0.078783,0.090278,8.1e-05,-0.003432,0.005696,-0.045796,-0.000737,0.009751,-0.688125
439,0.097928,0.025758,0.34925,-0.014939,0.186622,-0.982341,-0.119149,-0.975737,-0.18361,-0.992759,0.114063,0.038034,0.000449,-0.005883,0.012129,-0.035633,-0.00414,0.004383,-1.872555,-0.179117,0.052955,0.315063,0.362146,-0.59836,0.714708,-0.418333,0.580742,0.698334,-0.83334,-0.55112,-0.040916,-0.061791,0.007208,0.026698,3.923839,3.78429,0.036543,0.538783,0.029794,0.048888,-0.019656,-0.250104,0.639137,0.72729,0.379931,-0.62613,0.680891,0.890561,0.446613,-0.086231,-0.030579,-0.002445,0.016746,0.049949,-0.142668,0.36487,0.524528,0.063391,0.037084,-0.06661,-0.061569,0.290946,-0.954755,-0.102742,-0.953336,-0.283888,-0.9928,0.080614,0.088588,-0.006311,-0.001976,0.0067,-0.042366,0.052687,-0.030114,-0.690738
440,0.097746,0.025546,0.349895,-0.010662,0.178684,-0.983872,-0.122539,-0.9767,-0.176107,-0.992406,0.118456,0.033533,0.000431,-0.013404,0.023022,-0.254304,0.032768,-0.962729,-1.843626,-0.181625,0.052743,0.316129,0.31844,-0.647105,0.692707,-0.359294,0.593713,0.719963,-0.877529,-0.477326,-0.044328,-0.061814,-0.001002,0.020121,1.078245,-0.879773,2.903054,0.539105,0.028563,0.048794,-0.019129,-0.197147,0.680577,0.705654,0.318504,-0.636273,0.702645,0.927193,0.363279,-0.091328,-0.030966,-0.001131,0.009629,0.27242,0.226327,0.425555,0.525181,0.063299,0.036979,-0.0663,-0.057629,0.287244,-0.956122,-0.105136,-0.954134,-0.28031,-0.992786,0.084368,0.085185,-0.006229,-0.005408,0.012395,-0.076612,0.055153,-0.021872,-0.688289
441,0.097567,0.025194,0.350695,-0.008555,0.172866,-0.984931,-0.126003,-0.977257,-0.170479,-0.991996,0.122424,0.031367,-0.01261,-0.011412,0.024334,-0.081492,-0.024509,-0.073144,-1.783639,-0.183935,0.052589,0.316805,0.310967,-0.674929,0.66915,-0.339554,0.578578,0.741543,-0.888003,-0.456949,-0.050115,-0.049971,0.006688,0.008917,-0.152676,0.027638,0.664029,0.539132,0.027398,0.048707,-0.018784,-0.188621,0.709212,0.679294,0.30051,-0.616846,0.727457,0.934941,0.341348,-0.096776,-0.031307,0.002617,0.004414,-0.286346,0.257184,0.786353,0.524692,0.063216,0.036806,-0.065891,-0.054923,0.277686,-0.9591,-0.108908,-0.956485,-0.270692,-0.992533,0.089587,0.082775,0.000119,-0.006992,0.011297,-0.085561,-0.125406,0.146249,-0.682084
442,0.097582,0.024992,0.351114,-0.007936,0.169522,-0.985518,-0.127961,-0.977573,-0.167179,-0.991751,0.124564,0.030676,0.000565,-0.012929,0.02338,-0.092936,-0.218159,0.080795,-1.75382,-0.184902,0.052632,0.316935,0.314139,-0.679702,0.662807,-0.338545,0.571932,0.747138,-0.887275,-0.45823,-0.051295,-0.050077,0.002492,0.005634,-0.032779,-0.093201,0.270388,0.539185,0.026896,0.04873,-0.01871,-0.190953,0.715403,0.672113,0.300969,-0.609062,0.733798,0.93432,0.342407,-0.099012,-0.018786,0.001218,0.002372,0.013584,-0.175018,0.270001,0.524038,0.063219,0.036705,-0.065682,-0.054701,0.274572,-0.960009,-0.110647,-0.957194,-0.267462,-0.992353,0.091591,0.08274,0.000287,-0.00641,0.011733,-0.097417,-0.154537,-0.109037,-0.674572
443,0.097614,0.02466,0.351931,-0.009746,0.168154,-0.985736,-0.130464,-0.977525,-0.165517,-0.991406,0.126775,0.032691,0.000967,-0.011515,0.024431,-0.068596,0.022068,-0.00647,-1.75261,-0.186811,0.052654,0.316937,0.296677,-0.697504,0.652275,-0.320637,0.570504,0.756076,-0.899833,-0.432567,-0.055228,-0.050274,-0.002863,0.001433,-0.23585,0.381266,0.404306,0.539079,0.025941,0.04874,-0.018711,-0.173711,0.728853,0.662266,0.282897,-0.607214,0.742468,0.943288,0.316328,-0.10071,-0.025457,0.004051,-0.003052,0.066723,-0.213912,0.193022,0.522569,0.063234,0.036538,-0.065274,-0.056281,0.273315,-0.960276,-0.113282,-0.957337,-0.26584,-0.991967,0.09382,0.084842,-0.005414,0.001201,0.009061,-0.034179,0.02076,-0.018359,-0.684696
444,0.097544,0.024491,0.35283,-0.010916,0.167426,-0.985847,-0.132587,-0.977398,-0.164577,-0.991111,0.128699,0.034094,0.001248,-0.010523,0.025151,-0.070957,0.124499,-0.176948,-1.749254,-0.188201,0.05274,0.316646,0.288207,-0.697628,0.655929,-0.325202,0.572856,0.752338,-0.900936,-0.429253,-0.062611,-0.013414,0.004775,-0.011511,0.030565,-0.091622,0.105893,0.53904,0.025232,0.048779,-0.018852,-0.163714,0.729337,0.664277,0.287805,-0.608758,0.73931,0.943591,0.312218,-0.110244,-0.012986,0.002239,-0.005391,0.021705,-0.09906,0.04872,0.522405,0.0632,0.036455,-0.064823,-0.057375,0.272705,-0.960385,-0.115333,-0.957339,-0.26495,-0.991668,0.095562,0.086379,0.001187,0.000494,0.008606,-0.033234,0.0039,0.009052,-0.69727
445,0.097488,0.024317,0.353293,-0.011356,0.1673,-0.985864,-0.133813,-0.977268,-0.164354,-0.990941,0.12984,0.034711,-0.012163,-0.009871,0.025467,-0.069578,0.036801,-0.036016,-1.74594,-0.188555,0.05275,0.316448,0.286604,-0.696196,0.658149,-0.328172,0.57395,0.750213,-0.900368,-0.430115,-0.064821,-0.013483,0.003366,-0.012613,0.043799,-0.103841,0.12017,0.538527,0.025055,0.048783,-0.018951,-0.162375,0.727587,0.666521,0.290424,-0.610324,0.736992,0.94302,0.313244,-0.112208,-0.013019,0.001511,-0.005967,0.046726,-0.098322,0.096724,0.522406,0.063178,0.036371,-0.064589,-0.057894,0.272474,-0.960419,-0.11653,-0.957301,-0.264565,-0.991498,0.096601,0.087173,0.000339,-0.006214,0.01187,-0.067863,0.022301,-0.006563,-0.700699
446,0.097395,0.023967,0.35412,-0.01238,0.166808,-0.985935,-0.13606,-0.977076,-0.163655,-0.990621,0.131906,0.036018,0.001504,-0.002168,0.014853,-0.034117,0.00366,0.009141,-1.742417,-0.188915,0.052833,0.315883,0.287852,-0.695848,0.657973,-0.327948,0.573773,0.750446,-0.900053,-0.430913,-0.063885,-0.001017,0.00171,-0.014819,0.03468,0.003631,-0.006693,0.53865,0.024871,0.048822,-0.019229,-0.163942,0.727418,0.666321,0.290254,-0.60999,0.737335,0.942801,0.314283,-0.111134,-0.000786,0.006517,-0.01106,0.06955,-0.013221,0.010323,0.522405,0.063126,0.036192,-0.064173,-0.058943,0.271932,-0.960509,-0.11875,-0.95726,-0.263726,-0.991172,0.098515,0.088715,-0.00574,3.3e-05,0.008174,-0.034608,0.018519,-0.020478,-0.704455
447,0.097104,0.023835,0.354746,-0.013376,0.166023,-0.986054,-0.137576,-0.977024,-0.16269,-0.990398,0.133268,0.037136,0.001049,-0.003773,0.013661,-0.034108,0.003693,0.009158,-1.74107,-0.188702,0.052982,0.315253,0.280291,-0.694533,0.66261,-0.334759,0.576103,0.745638,-0.899921,-0.429928,-0.071875,0.011442,-0.000501,-0.017468,-0.066243,0.147755,0.036422,0.538712,0.024968,0.048901,-0.019539,-0.156772,0.724994,0.670674,0.296401,-0.613231,0.732183,0.942108,0.313575,-0.118752,0.005469,0.00599,-0.011939,-0.503233,0.516357,-0.53539,0.522405,0.062985,0.036127,-0.063865,-0.059912,0.271149,-0.96067,-0.120183,-0.957358,-0.262719,-0.990942,0.099716,0.089945,0.000392,-0.002315,0.006518,-0.034152,0.018503,-0.015661,-0.710007
448,0.096786,0.023878,0.355144,-0.014108,0.165291,-0.986167,-0.138355,-0.977056,-0.161839,-0.990278,0.133946,0.037879,-0.011556,0.007111,0.005067,-0.000984,0.014715,-0.029553,-1.739866,-0.188099,0.052897,0.314471,0.279327,-0.696726,0.660712,-0.333816,0.5746,0.747219,-0.900571,-0.428389,-0.072925,0.023891,-0.003841,-0.021055,-0.198165,0.408379,0.377742,0.539126,0.025269,0.048859,-0.019936,-0.156781,0.725475,0.670152,0.295044,-0.613154,0.732796,0.942532,0.312613,-0.117917,0.005667,-0.001996,-0.010137,0.048565,-0.137783,0.176796,0.522569,0.062831,0.036147,-0.063661,-0.060621,0.270439,-0.960826,-0.120939,-0.957495,-0.261871,-0.990807,0.100327,0.090751,-0.005781,0.003573,0.00255,-0.00077,0.014794,-0.029599,-0.713109
449,0.096606,0.023956,0.355285,-0.014692,0.164573,-0.986278,-0.138542,-0.977161,-0.161042,-0.990243,0.134064,0.038383,-0.011349,0.007813,0.005577,-0.000608,2.5e-05,-0.004761,-1.735751,-0.187709,0.052804,0.314051,0.279602,-0.696936,0.660374,-0.33304,0.574583,0.747578,-0.900773,-0.42807,-0.0723,0.02386,-0.005218,-0.022186,0.033693,-0.002658,0.034442,0.538918,0.025473,0.048811,-0.020154,-0.155534,0.727574,0.668165,0.295204,-0.611253,0.734318,0.942689,0.311457,-0.119712,0.011934,-0.002772,-0.011232,0.047094,-0.01943,0.017854,0.522405,0.062735,0.036182,-0.063588,-0.061222,0.269691,-0.960998,-0.12111,-0.957698,-0.261049,-0.990749,0.100404,0.091294,-0.005787,0.003539,0.002522,-0.000809,0.014769,-0.029579,-0.715232
450,0.096282,0.024124,0.355527,-0.019338,0.158975,-0.987117,-0.13941,-0.97804,-0.154836,-0.990036,0.134415,0.042304,-0.011521,0.007175,0.005101,-0.000609,3.1e-05,-0.004757,-1.703001,-0.186773,0.052334,0.313325,0.275367,-0.700256,0.658639,-0.335434,0.571962,0.748517,-0.901184,-0.426157,-0.078235,0.024495,-0.017856,-0.016032,-0.020288,0.042668,0.044682,0.538811,0.025941,0.048573,-0.020519,-0.150959,0.730432,0.666092,0.298068,-0.60882,0.735181,0.942531,0.309523,-0.125812,0.012256,-0.009013,-0.008097,0.003795,0.015055,0.017688,0.522405,0.062574,0.036266,-0.063467,-0.065786,0.264053,-0.962261,-0.121684,-0.959276,-0.254915,-0.990386,0.100322,0.095238,0.000548,0.00192,0.001411,0.000939,-0.002049,0.003449,-0.712129
451,0.095786,0.024409,0.355828,-0.027223,0.149461,-0.988416,-0.140769,-0.979458,-0.144283,-0.989648,0.135018,0.048932,-0.011643,-0.000716,0.015711,-0.035063,0.018534,-0.020338,-1.650283,-0.185818,0.051604,0.312633,0.273161,-0.704492,0.65503,-0.336236,0.567938,0.751216,-0.901554,-0.424553,-0.082577,0.0245,-0.020766,-0.018491,-0.004954,0.015512,0.021933,0.538908,0.026409,0.048218,-0.020856,-0.148444,0.73431,0.662384,0.299457,-0.60498,0.737782,0.94249,0.307875,-0.130089,0.012245,-0.010753,-0.009556,0.012785,0.010992,-0.023974,0.522242,0.062324,0.036406,-0.063324,-0.073492,0.254489,-0.964278,-0.122525,-0.961872,-0.244516,-0.98974,0.100178,0.101871,-0.011759,0.006322,0.004472,8.7e-05,0.010585,-0.027416,-0.705434
452,0.095236,0.024858,0.356161,-0.033079,0.142283,-0.989296,-0.141614,-0.980475,-0.136333,-0.989341,0.135405,0.053813,-0.009157,0.022557,-8.8e-05,0.033816,-0.018478,0.010757,-1.585035,-0.184718,0.050621,0.311831,0.260187,-0.711747,0.652464,-0.326381,0.571015,0.753227,-0.908969,-0.408028,-0.084567,0.024519,-0.02461,-0.021778,3.59741,4.184267,-0.440364,0.538683,0.026959,0.047728,-0.021256,-0.13917,0.738834,0.659359,0.292981,-0.60531,0.740108,0.945934,0.296181,-0.132223,0.018888,-0.019078,-0.008617,-0.027656,0.019036,-0.002207,0.522242,0.062048,0.036624,-0.06315,-0.079232,0.247262,-0.965703,-0.123048,-0.963766,-0.23667,-0.989232,0.100076,0.106786,-0.011499,0.007142,0.005056,0.002531,-0.090541,0.14349,-0.68192
453,0.095019,0.025099,0.356322,-0.038658,0.13554,-0.99004,-0.142356,-0.981379,-0.128849,-0.989026,0.135783,0.058465,-0.010144,0.011721,0.00837,-0.00085,0.001088,-0.006456,-1.583151,-0.183998,0.050015,0.311382,0.255316,-0.715566,0.650208,-0.323486,0.570402,0.754938,-0.911376,-0.402172,-0.086677,0.037259,-0.026521,-0.024412,-0.144895,0.263566,0.23453,0.538786,0.0273,0.047441,-0.021471,-0.130573,0.741717,0.657879,0.285978,-0.607179,0.741315,0.949297,0.284935,-0.132834,0.012271,-0.013558,-0.011976,-0.327001,0.517087,0.435879,0.522242,0.061945,0.036745,-0.063076,-0.084688,0.240451,-0.966959,-0.123425,-0.965503,-0.229279,-0.988733,0.09993,0.111444,-0.005062,0.005916,0.004233,-0.000827,0.00552,-0.013533,-0.683063
454,0.094512,0.02555,0.356655,-0.034896,0.121823,-0.991961,-0.144893,-0.982653,-0.115636,-0.988802,0.139535,0.053176,-0.010106,0.011748,0.008363,-0.072171,-0.356084,-0.214341,-1.591906,-0.182623,0.048758,0.310384,0.229007,-0.726705,0.647647,-0.303577,0.578714,0.756878,-0.925085,-0.36902,-0.088913,0.037348,-0.032804,-0.029882,1.057968,1.314815,-0.124173,0.538749,0.027993,0.046818,-0.02196,-0.106699,0.749929,0.652855,0.269609,-0.610182,0.744974,0.957039,0.255504,-0.137082,0.019011,-0.022197,-0.011394,-0.002753,-0.02891,0.146083,0.522405,0.061687,0.036975,-0.062906,-0.081372,0.227696,-0.970325,-0.124982,-0.9682,-0.216716,-0.988815,0.103639,0.107242,-0.00505,0.005903,0.004213,-0.07468,-0.529556,-0.319982,-0.706741
455,0.094077,0.026048,0.356997,-0.02388,0.103176,-0.994399,-0.148694,-0.983944,-0.098574,-0.988579,0.145373,0.040076,-0.009785,0.012737,0.009049,-0.156458,-0.778956,-0.465579,-1.608971,-0.181334,0.047227,0.309252,0.20867,-0.739394,0.640113,-0.284,0.58039,0.763168,-0.936026,-0.340106,-0.089699,0.024713,-0.038074,-0.033705,3.535015,4.183099,-0.345429,0.538282,0.028651,0.046042,-0.022536,-0.085198,0.760099,0.644197,0.250318,-0.609482,0.752244,0.964407,0.225344,-0.13834,0.019121,-0.024643,-0.013642,0.00051,0.028562,0.045479,0.522569,0.06147,0.037224,-0.062735,-0.07121,0.21054,-0.974987,-0.127687,-0.971351,-0.200428,-0.989254,0.110221,0.096053,-0.004854,0.006524,0.004644,-0.07152,-0.300845,-0.173713,-0.725356
456,0.093899,0.02634,0.357131,-0.019438,0.090263,-0.995751,-0.150936,-0.984749,-0.086372,-0.988342,0.148497,0.034005,-0.009622,0.013236,0.009393,-0.134002,-0.568311,-0.396404,-1.636307,-0.180751,0.046431,0.308616,0.208444,-0.743116,0.635864,-0.276504,0.578732,0.76717,-0.938319,-0.334789,-0.085657,0.037687,-0.038077,-0.034966,0.01017,-0.079778,0.132592,0.537985,0.028938,0.04564,-0.022857,-0.080347,0.764262,0.63988,0.239473,-0.608353,0.756675,0.967572,0.214031,-0.134141,0.01243,-0.018868,-0.016841,0.011996,-0.090403,0.111858,0.522405,0.061381,0.037368,-0.062668,-0.065231,0.197121,-0.978206,-0.129534,-0.973672,-0.18757,-0.989426,0.114475,0.089047,-0.004767,0.006745,0.004793,-0.205389,-0.365899,-1.24407,-0.733683
457,0.093783,0.026989,0.357412,-0.009862,0.051633,-0.99864,-0.157016,-0.986341,-0.049499,-0.987548,0.156244,0.019077,0.003837,0.012942,0.009279,-0.143198,-0.728482,-0.422466,-1.648572,-0.17971,0.04509,0.307321,0.199216,-0.748911,0.63201,-0.263316,0.580196,0.770695,-0.944089,-0.319005,-0.082427,0.02514,-0.034343,-0.031267,0.017653,-0.071968,0.12273,0.537711,0.029463,0.044958,-0.023514,-0.070697,0.76873,0.635653,0.226428,-0.608245,0.760767,0.971458,0.197714,-0.131062,0.012583,-0.017018,-0.015506,0.024345,0.073837,-0.036802,0.522405,0.061317,0.037692,-0.062529,-0.054782,0.159033,-0.985752,-0.133958,-0.97948,-0.150576,-0.989471,0.123801,0.074962,0.001793,0.006048,0.004339,-0.194807,-0.724821,-0.976575,-0.746583
458,0.093942,0.027621,0.357585,-0.004727,0.007513,-0.999983,-0.156073,-0.987708,-0.006736,-0.987741,0.156023,0.007086,0.004424,0.022292,-0.000285,-0.080763,-0.607932,-0.595628,-1.571449,-0.178849,0.044126,0.306142,0.199743,-0.749421,0.631239,-0.262503,0.579632,0.771397,-0.944205,-0.318835,-0.081758,0.012534,-0.024324,-0.021976,-0.001479,0.020602,-0.015778,0.537622,0.029897,0.044459,-0.024118,-0.071339,0.769335,0.634849,0.225752,-0.607502,0.761562,0.971568,0.197647,-0.13034,0.01239,-0.006132,-0.014876,0.034223,0.008703,0.007389,0.522569,0.061399,0.038017,-0.062436,-0.048259,0.115359,-0.99215,-0.131419,-0.985406,-0.108183,-0.990151,0.125167,0.062715,0.002212,0.01116,-0.000133,-0.086265,-0.654222,-0.683288,-0.725519
459,0.094038,0.028058,0.357641,-0.004107,-0.010369,-0.99996,-0.156931,-0.987536,0.010832,-0.98761,0.156975,0.003673,0.005268,0.025152,0.001733,-0.031087,-0.84059,0.223509,-1.547978,-0.178561,0.043858,0.305732,0.199415,-0.74943,0.631332,-0.262251,0.579841,0.771325,-0.944344,-0.318433,-0.081721,0.011919,-0.006426,-0.023729,0.034941,0.00722,0.000511,0.537535,0.030042,0.044315,-0.024325,-0.071016,0.769295,0.634934,0.225516,-0.607676,0.761492,0.971647,0.197266,-0.130333,0.006354,-0.008806,-0.008142,-0.002298,0.019625,-0.015582,0.522569,0.061444,0.038221,-0.062412,-0.047693,0.097161,-0.994124,-0.131663,-0.987185,-0.090166,-0.990146,0.126589,0.059874,0.002554,0.01232,0.000684,-0.049908,-0.562477,-0.627546,-0.708047
460,0.094322,0.028979,0.357715,0.002748,-0.044178,-0.999042,-0.157476,-0.986566,0.04314,-0.987536,0.157255,-0.008424,0.017519,0.021136,-0.001047,0.041218,0.20427,-2.156623,-1.550173,-0.178468,0.043783,0.305221,0.196966,-0.75083,0.630437,-0.262444,0.579074,0.771836,-0.944801,-0.316529,-0.083802,-6.4e-05,-0.003924,-0.003403,-0.077365,0.132514,0.111818,0.537321,0.030092,0.044271,-0.024594,-0.068744,0.770205,0.63408,0.225779,-0.607082,0.761888,0.971749,0.195538,-0.132163,-0.000388,0.004417,-0.004755,-0.081966,0.172416,0.180159,0.522569,0.061583,0.038689,-0.06237,-0.0394,0.066814,-0.996986,-0.130955,-0.989501,-0.061137,-0.990604,0.128152,0.047735,0.001939,0.006589,0.004662,-0.092853,-1.100441,-0.173233,-0.712129
461,0.094591,0.029524,0.357931,0.008633,-0.074312,-0.997221,-0.157149,-0.984934,0.071983,-0.987561,0.156177,-0.01894,0.003581,0.012173,0.008582,-0.033697,-0.680423,-0.002909,-1.555207,-0.178771,0.044025,0.305184,0.195397,-0.752352,0.629109,-0.262781,0.57774,0.77272,-0.945031,-0.315353,-0.085623,-0.012904,0.003864,0.004393,-0.002139,0.000444,-0.004078,0.536976,0.029946,0.044396,-0.024609,-0.066706,0.771802,0.632353,0.226488,-0.605509,0.762929,0.971726,0.194112,-0.134413,-0.006447,0.002058,0.002308,0.009009,0.004007,-0.041935,0.522569,0.061722,0.038963,-0.062266,-0.033113,0.033847,-0.998878,-0.129399,-0.991159,-0.029295,-0.991039,0.128283,0.0372,0.001845,0.006296,0.004435,-0.02987,-0.869201,-0.056625,-0.731561
462,0.094616,0.03008,0.358345,0.002685,-0.113999,-0.9935,-0.155391,-0.981453,0.112143,-0.987866,0.154215,-0.019113,0.003048,0.003042,0.018183,-0.010172,-0.284386,-0.901379,-1.555125,-0.179373,0.044122,0.305305,0.196291,-0.755539,0.624998,-0.259968,0.574374,0.776173,-0.945625,-0.313879,-0.084474,-0.025926,0.000219,0.002266,-0.051363,0.111758,0.010384,0.537348,0.029641,0.044464,-0.024532,-0.067538,0.775049,0.628281,0.224288,-0.601807,0.7665,0.972179,0.192684,-0.133189,-0.012963,0.000134,0.001161,-0.050279,0.10945,-0.000132,0.522569,0.061735,0.039243,-0.062064,-0.038178,-0.004683,-0.999259,-0.126074,-0.991975,0.009465,-0.991285,0.126342,0.037281,-0.004094,0.008739,0.006096,0.164552,0.748733,-2.71892,-0.737766
463,0.094568,0.030228,0.358665,0.001295,-0.134029,-0.990999,-0.155128,-0.979001,0.13215,-0.987908,0.153721,-0.020825,0.002979,0.002809,0.017996,-0.061028,-0.467462,-0.357633,-1.556643,-0.179722,0.044062,0.305333,0.196149,-0.762083,0.617047,-0.249847,0.569546,0.783025,-0.94838,-0.306792,-0.079481,-0.012994,-0.001395,-0.000173,0.396034,-0.29567,0.848898,0.537245,0.029472,0.044437,-0.024515,-0.066491,0.781126,0.620821,0.215676,-0.596237,0.773294,0.974198,0.185313,-0.128826,-0.012998,-0.001114,0.000111,1.398178,-0.797665,2.16218,0.522569,0.061711,0.039319,-0.061903,-0.038383,-0.026148,-0.99892,-0.124967,-0.991683,0.030761,-0.991417,0.126013,0.034796,-0.00473,0.003058,0.010108,-0.057493,-0.538094,-0.598065,-0.739072
464,0.094426,0.030124,0.359335,0.01378,-0.164443,-0.986313,-0.157862,-0.974366,0.160192,-0.987395,0.153692,-0.038158,-0.011938,-0.00239,0.014263,-0.09819,-0.685103,-0.701618,-1.61603,-0.180358,0.04377,0.305351,0.190348,-0.78541,0.588973,-0.225034,0.548946,0.804955,-0.955741,-0.284767,-0.073011,-0.013075,-0.004533,-0.002898,0.940958,1.350464,0.630219,0.537369,0.029154,0.044295,-0.024504,-0.06121,0.803425,0.592251,0.195397,-0.572237,0.796469,0.978811,0.164476,-0.121961,-0.006404,-0.002794,-0.002141,3.484707,4.499847,0.770574,0.522569,0.061644,0.039278,-0.061554,-0.025637,-0.055676,-0.998119,-0.126627,-0.990224,0.058488,-0.991618,0.127888,0.018336,-0.006052,-0.001444,0.00696,-0.093175,-0.590833,-0.643572,-0.762259
465,0.094056,0.029868,0.35996,0.015038,-0.194392,-0.980832,-0.16007,-0.968733,0.189487,-0.987023,0.154388,-0.044462,-0.00068,-0.016922,0.020244,0.006129,0.142742,-1.153292,-1.623163,-0.181014,0.043342,0.305135,0.156788,-0.812491,0.561487,-0.200785,0.530308,0.823646,-0.96713,-0.240849,-0.080713,-0.013302,-0.012707,-0.010019,-0.324106,0.346822,0.919682,0.53779,0.028821,0.044086,-0.024607,-0.025082,0.826101,0.562962,0.17333,-0.551016,0.816294,0.984544,0.118053,-0.129368,-0.006668,-0.006687,-0.005265,-0.409359,0.426,1.00517,0.522079,0.061458,0.039151,-0.061253,-0.021729,-0.086035,-0.996054,-0.127901,-0.987864,0.088118,-0.991548,0.129312,0.010461,-0.005996,-0.001427,0.006996,0.295147,0.980974,-2.854033,-0.773853
466,0.093878,0.029732,0.360261,0.015012,-0.212387,-0.977094,-0.160909,-0.964956,0.207222,-0.986887,0.15437,-0.047444,0.000437,-0.005832,0.011951,0.050572,0.136518,-1.094921,-1.623518,-0.181194,0.042971,0.304903,0.145337,-0.82587,0.544801,-0.196916,0.51537,0.833997,-0.969697,-0.227447,-0.088427,0.000258,-0.029299,-0.008314,-0.34639,0.233721,0.874423,0.53764,0.028731,0.043915,-0.024717,-0.012281,0.838057,0.545444,0.172231,-0.535559,0.826747,0.984979,0.104095,-0.137762,-0.006739,-0.009191,-0.007469,-0.416256,0.374972,0.985599,0.522242,0.061368,0.039077,-0.061101,-0.02088,-0.104604,-0.994294,-0.12815,-0.986027,0.106426,-0.991534,0.129642,0.007183,-0.006188,-0.002098,0.006534,0.328417,1.162103,-3.003462,-0.766178
467,0.09351,0.029456,0.360775,0.024176,-0.25527,-0.966591,-0.164028,-0.954761,0.247989,-0.986203,0.152864,-0.063749,-0.012768,-0.005173,0.01233,-0.162987,-0.942698,-1.070132,-1.626771,-0.181257,0.042184,0.30414,0.112355,-0.856859,0.503151,-0.184196,0.479506,0.857951,-0.976515,-0.187991,-0.104604,-0.000601,-0.023208,-0.020392,-0.120002,0.652091,1.176945,0.537707,0.028699,0.043506,-0.025105,0.02191,0.864765,0.501697,0.165371,-0.49804,0.851238,0.985987,0.064316,-0.15392,-0.000309,-0.01202,-0.010533,-0.160794,0.694054,1.220389,0.522242,0.061189,0.038938,-0.060844,-0.013616,-0.146417,-0.989128,-0.129343,-0.980651,0.146943,-0.991506,0.129937,-0.005586,-0.006591,-0.003263,0.005702,-0.125545,-0.602294,-0.952573,-0.758994
468,0.092919,0.029115,0.361232,0.029169,-0.311383,-0.949861,-0.167425,-0.938344,0.30241,-0.985503,0.150591,-0.07832,-0.013715,-0.008302,0.010163,-0.144888,-0.455245,-1.046213,-1.710795,-0.18118,0.041248,0.303175,0.061144,-0.890371,0.4511,-0.152289,0.438216,0.885838,-0.986447,-0.121737,-0.109383,0.012392,-0.026412,-0.024476,-0.174491,0.248973,1.289669,0.537592,0.028733,0.043044,-0.025582,0.074693,0.891101,0.447614,0.140101,-0.453793,0.880024,0.987315,-0.00302,-0.158739,0.006187,-0.013494,-0.012437,0.25069,0.460915,2.075248,0.522079,0.060889,0.038767,-0.06061,-0.003441,-0.206607,-0.978417,-0.131261,-0.969864,0.205263,-0.991341,0.129134,-0.023783,-0.006901,-0.004268,0.005009,-0.142608,-0.436312,-1.018784,-0.767158
469,0.092145,0.029223,0.36159,0.036441,-0.368146,-0.929078,-0.172391,-0.918059,0.356961,-0.984413,0.147609,-0.095761,-0.023012,0.012697,0.008621,0.565954,0.652387,-3.437666,-1.812933,-0.180675,0.040192,0.30219,0.042483,-0.912655,0.406505,-0.147292,0.396589,0.906066,-0.988161,-0.097216,-0.118106,0.012433,-0.02789,-0.026061,-0.408965,0.156681,1.070107,0.537323,0.028985,0.042514,-0.026075,0.093544,0.910592,0.402579,0.14053,-0.412379,0.900107,0.985646,-0.027625,-0.166542,0.006232,-0.013437,-0.012558,-0.044873,-0.398862,0.858729,0.521916,0.060498,0.038807,-0.060441,0.005885,-0.263788,-0.964562,-0.134499,-0.956023,0.260633,-0.990896,0.128199,-0.041106,-0.01136,0.006601,0.004545,0.54923,0.579773,-3.467623,-0.790835
470,0.091805,0.029501,0.361696,0.035488,-0.397575,-0.916908,-0.167622,-0.906843,0.386666,-0.98527,0.140461,-0.097681,-0.021943,0.023438,5e-05,-0.03476,-0.235943,-1.142718,-1.840833,-0.180552,0.039654,0.301655,0.028239,-0.918888,0.393495,-0.139487,0.386061,0.91183,-0.989785,-0.079477,-0.117782,-0.000732,-0.029674,-0.026759,0.550939,1.381292,0.351477,0.53757,0.029051,0.042246,-0.026342,0.107465,0.915568,0.387538,0.136183,-0.399678,0.906483,0.984837,-0.044639,-0.167637,-0.000317,-0.015253,-0.014011,2.092365,4.84386,0.03262,0.521916,0.060337,0.038942,-0.060385,0.006396,-0.294869,-0.955515,-0.128619,-0.94784,0.29164,-0.991673,0.121032,-0.043989,-0.005229,0.004896,0.003359,0.052474,-0.323743,-1.345683,-0.791325
