frame,MLTx,MLTy,MLTz,MLTR1,MLTR2,MLTR3,MLTR4,MLTR5,MLTR6,MLTR7,MLTR8,MLTR9,MLTTVx,MLTTVy,MLTTVz,MLTRVx,MLTRVy,MLTRVz,MLGA,MRTx,MRTy,MRTz,MRTR1,MRTR2,MRTR3,MRTR4,MRTR5,MRTR6,MRTR7,MRTR8,MRTR9,MRTTVx,MRTTVy,MRTTVz,MRTRVx,MRTRVy,MRTRVz,MRGA,SLTx,SLTy,SLTz,SLTR1,SLTR2,SLTR3,SLTR4,SLTR5,SLTR6,SLTR7,SLTR8,SLTR9,SLTTVx,SLTTVy,SLTTVz,SLTRVx,SLTRVy,SLTRVz,SLGA,SRTx,SRTy,SRTz,SRTR1,SRTR2,SRTR3,SRTR4,SRTR5,SRTR6,SRTR7,SRTR8,SRTR9,SRTTVx,SRTTVy,SRTTVz,SRTRVx,SRTRVy,SRTRVz,SRGA
509,0.099162,-0.007807,0.305682,0.587506,0.276274,-0.760628,0.60303,-0.776247,0.183761,-0.540395,-0.566994,-0.621705,-7.1e-05,-0.000243,-0.000274,1e-05,8e-06,-1e-05,0.16549,-0.211845,-0.002334,0.270691,-0.313014,0.400722,0.861066,0.061352,-0.896121,0.439472,0.948091,0.189891,0.254807,-0.015528,0.009388,-0.009633,0.03306,0.013348,-0.031361,-1.405273,0.020198,0.052475,-0.022646,0.320042,-0.390227,0.863304,-0.077921,0.897303,0.434481,-0.944193,-0.206322,0.256768,-0.007752,0.00477,-0.004706,0.04056,-0.044139,0.045805,-0.850215,0.052245,0.046889,-0.053892,-0.543446,-0.26708,-0.795822,-0.640247,0.745014,0.18718,0.542907,0.611245,-0.575873,0.000433,0.005566,-0.004054,0.195826,-0.070537,-0.012219,-0.084113
510,0.099173,-0.007778,0.305639,0.587477,0.276483,-0.760574,0.6032,-0.776125,0.183714,-0.540236,-0.567058,-0.621785,-8.4e-05,-0.000289,-0.000326,-0.0,0.0,0.0,0.212226,-0.21208,-0.002225,0.270541,-0.317644,0.396734,0.861217,0.071628,-0.895542,0.439098,0.945832,0.200671,0.25494,-0.015326,-0.002645,-0.002786,-0.002073,0.015191,-0.029254,-1.406463,0.020074,0.052533,-0.022726,0.324557,-0.38611,0.86347,-0.088189,0.89656,0.434053,-0.941745,-0.217024,0.256934,-0.007818,0.004326,-0.005284,0.033981,0.01847,-0.037587,-0.854134,0.052251,0.046904,-0.053913,-0.544537,-0.266309,-0.795334,-0.640193,0.744602,0.188996,0.541876,0.612083,-0.575954,-3.9e-05,-0.000135,-0.000153,0.021761,-0.0061,-0.024435,-0.010306
511,0.099148,-0.007733,0.305549,0.58787,0.274889,-0.760848,0.602481,-0.776394,0.184933,-0.540611,-0.567464,-0.621089,-0.000326,-0.001121,-0.001266,-0.0,0.0,0.0,0.31295,-0.212708,-0.001977,0.270078,-0.337733,0.394673,0.854494,0.086923,-0.890799,0.445932,0.937576,0.22439,0.265447,-0.015924,0.006765,-0.013072,0.03757,-0.005207,-0.026061,-1.407195,0.019761,0.052654,-0.022951,0.34486,-0.383603,0.856691,-0.103314,0.891622,0.440833,-0.93295,-0.240534,0.267854,-0.007962,0.003367,-0.006539,0.028066,-0.030633,0.047388,-0.863768,0.052239,0.046929,-0.053955,-0.545275,-0.266025,-0.794924,-0.640158,0.744375,0.190006,0.541176,0.612482,-0.576188,0.000252,0.004947,-0.004752,0.048324,-0.039085,-0.020457,0.131756
512,0.099098,-0.007611,0.305434,0.590537,0.266232,-0.761861,0.596451,-0.779886,0.189724,-0.544387,-0.566791,-0.6184,0.000834,0.011028,-0.008224,0.033099,0.090074,-0.151211,0.423718,-0.213484,-0.001687,0.269457,-0.359449,0.388575,0.848408,0.113101,-0.884248,0.453042,0.926668,0.258317,0.272803,-0.016359,0.003996,-0.016723,-0.077877,-0.200199,0.120299,-1.407442,0.019373,0.052802,-0.023259,0.366078,-0.377233,0.850694,-0.129436,0.884624,0.447979,-0.921538,-0.274106,0.275014,-0.015735,0.008021,-0.011446,-0.30031,-0.742246,0.51557,-0.868014,0.052213,0.046984,-0.054012,-0.548641,-0.262769,-0.79369,-0.63769,0.745461,0.194004,0.540687,0.612567,-0.576557,-3.9e-05,-0.000147,-0.000166,-0.004632,0.000321,-0.087867,0.283943
513,0.099072,-0.007521,0.305379,0.592671,0.25959,-0.762495,0.591387,-0.782919,0.193059,-0.547592,-0.565681,-0.616584,-0.013631,0.013656,-0.006253,0.032125,0.104824,-0.180741,0.472128,-0.214008,-0.001488,0.269045,-0.36864,0.383677,0.846692,0.126724,-0.881512,0.454765,0.921288,0.274462,0.27525,-0.031457,0.003076,-0.017361,-0.390586,-0.193741,-0.202927,-1.407505,0.019117,0.052902,-0.023464,0.375189,-0.372456,0.848828,-0.142602,0.88163,0.44988,-0.915913,-0.289835,0.277665,-0.00844,0.006829,-0.013334,-1.34025,-0.859494,-0.35239,-0.869157,0.052205,0.047028,-0.05404,-0.550681,-0.260746,-0.792943,-0.636226,0.746053,0.196517,0.540337,0.61271,-0.576732,9e-06,2.5e-05,2.8e-05,-0.007327,0.002277,-0.166393,0.358567
514,0.09905,-0.007262,0.305218,0.596895,0.2451,-0.763995,0.581808,-0.787896,0.201718,-0.553248,-0.565216,-0.611943,0.000967,0.011481,-0.007709,1.760845,1.277789,-1.711734,0.518203,-0.215347,-0.001041,0.267985,-0.385665,0.380183,0.840663,0.141245,-0.875998,0.461098,0.912178,0.296094,0.283061,-0.032279,0.011206,-0.029463,0.230612,-1.645043,2.11416,-1.407583,0.01846,0.05312,-0.023977,0.390264,-0.366978,0.844405,-0.158625,0.876617,0.454289,-0.906935,-0.311237,0.2839,-0.016155,0.005435,-0.014915,-0.060009,-0.031191,-0.119978,-0.873402,0.052189,0.047159,-0.054119,-0.558311,-0.249801,-0.79113,-0.624312,0.754512,0.202347,0.546371,0.606885,-0.577207,0.007763,0.004593,-0.004646,0.038718,-0.001091,-0.073304,0.474667
515,0.099241,-0.00687,0.304942,0.602177,0.226662,-0.765541,0.568672,-0.794776,0.211932,-0.561144,-0.563252,-0.60654,0.000951,0.011431,-0.007762,0.034682,-0.018197,0.015458,0.520284,-0.216898,-0.000552,0.266811,-0.397998,0.372462,0.838368,0.157953,-0.872311,0.462664,0.904115,0.316096,0.287267,-0.047334,0.011008,-0.029381,-0.052735,-0.141546,0.011063,-1.407927,0.017677,0.053365,-0.024579,0.404395,-0.360583,0.840502,-0.174027,0.871871,0.45777,-0.897874,-0.33139,0.289829,-0.016254,0.004989,-0.015598,-0.354635,-0.194378,-0.222473,-0.877811,0.052285,0.047355,-0.054256,-0.569061,-0.234079,-0.788273,-0.608702,0.76443,0.212429,0.552855,0.600709,-0.577493,0.007742,0.004539,-0.004705,0.147702,-0.028515,-0.183193,0.505529
516,0.099416,-0.006434,0.304576,0.606846,0.21007,-0.766586,0.555489,-0.801897,0.219922,-0.569277,-0.559559,-0.602366,0.000726,0.010662,-0.008628,0.034566,-0.018301,0.015558,0.520402,-0.218632,-8.6e-05,0.265519,-0.413844,0.366829,0.833163,0.172455,-0.866964,0.467509,0.894311,0.336699,0.294454,-0.03289,0.008344,-0.033675,-4.540647,-2.531998,-1.723786,-1.407911,0.016805,0.0536,-0.025223,0.418162,-0.357187,0.835198,-0.183376,0.867321,0.462737,-0.88967,-0.346654,0.297182,-0.023868,0.010767,-0.019192,0.10031,0.037895,-0.092648,-0.878791,0.052373,0.047574,-0.054438,-0.576824,-0.223768,-0.785621,-0.599244,0.769514,0.220802,0.555138,0.598143,-0.577966,0.007599,0.004049,-0.005261,-0.009088,0.00964,-0.154387,0.51206
517,0.09949,-0.006182,0.304368,0.608123,0.206951,-0.766422,0.551404,-0.804642,0.220175,-0.571885,-0.556768,-0.602482,0.001653,0.022022,-0.016462,0.069126,-0.036626,0.031099,0.520745,-0.219504,0.000151,0.264884,-0.419503,0.362812,0.832091,0.175416,-0.866884,0.466557,0.891099,0.341229,0.298946,-0.047646,0.022437,-0.037394,0.1025,0.024038,-0.09538,-1.407802,0.016374,0.05371,-0.025544,0.425987,-0.350373,0.83413,-0.191429,0.866187,0.4616,-0.884245,-0.356312,0.301913,-0.023801,0.00499,-0.01553,0.051673,0.059946,-0.097732,-0.880097,0.052409,0.047695,-0.05454,-0.57901,-0.220159,-0.785032,-0.594703,0.772706,0.221928,0.55774,0.59536,-0.578334,0.000341,0.005239,-0.004413,-0.069827,-0.007025,-0.068715,0.512714
518,0.099633,-0.005622,0.303938,0.617846,0.170851,-0.767543,0.513404,-0.826977,0.229123,-0.596362,-0.535843,-0.597705,0.000917,0.011326,-0.00787,-1.238921,0.361815,-0.976166,0.520403,-0.221302,0.000659,0.263651,-0.430105,0.349652,0.832313,0.193496,-0.864728,0.463398,0.882266,0.359921,0.303196,-0.047429,0.011621,-0.029203,0.10661,-0.100045,-0.127984,-1.407866,0.015492,0.053962,-0.026154,0.435984,-0.337369,0.834325,-0.209475,0.863569,0.458657,-0.875235,-0.374738,0.305832,-0.023728,0.005639,-0.01479,0.15185,-0.697023,0.474397,-0.881893,0.05248,0.047974,-0.054757,-0.592105,-0.19273,-0.782473,-0.561333,0.795312,0.228874,0.5782,0.574746,-0.579094,0.000463,0.005667,-0.003915,0.044698,-0.033176,-0.175395,0.513856
519,0.099795,-0.005043,0.303546,0.623776,0.144975,-0.768069,0.485051,-0.84234,0.234864,-0.613702,-0.519244,-0.594797,0.001017,0.011675,-0.007471,-0.081272,0.126344,-0.239194,0.520387,-0.223067,0.00115,0.262543,-0.443873,0.324641,0.83521,0.218502,-0.864628,0.452337,0.869524,0.382868,0.311774,-0.047298,0.012707,-0.027973,-0.269759,-0.374121,-0.419882,-1.407866,0.014574,0.054216,-0.026731,0.449571,-0.311708,0.837092,-0.234128,0.863252,0.44719,-0.862015,-0.397031,0.315113,-0.023627,0.006398,-0.013888,-0.290652,-0.35794,-0.405248,-0.878301,0.052562,0.048269,-0.054955,-0.603759,-0.164244,-0.780062,-0.526331,0.817062,0.23534,0.598706,0.55266,-0.579755,0.000986,0.011554,-0.00759,-0.359741,0.060386,-0.321546,0.51451
520,0.099886,-0.004749,0.30334,0.626375,0.133894,-0.767966,0.470536,-0.85037,0.235453,-0.622308,-0.509012,-0.594698,0.000941,0.011417,-0.00776,-1.239866,0.4818,-1.136317,0.520387,-0.223976,0.001419,0.262008,-0.452798,0.308699,0.836463,0.228354,-0.866618,0.443578,0.862368,0.391473,0.320832,-0.04709,0.013952,-0.026393,0.160718,-0.296211,-0.383622,-1.408474,0.014137,0.054344,-0.02699,0.458102,-0.295907,0.838201,-0.244021,0.864874,0.438687,-0.854749,-0.405502,0.323993,-0.023508,0.007106,-0.012979,0.115268,-0.558139,-0.298743,-0.880914,0.052608,0.048416,-0.055057,-0.60705,-0.154181,-0.779562,-0.512774,0.825436,0.236046,0.607085,0.543031,-0.580141,0.001039,0.011522,-0.007943,-4.225928,1.220493,-3.296296,0.514999
521,0.100038,-0.004203,0.302911,0.630995,0.110372,-0.767925,0.440427,-0.86582,0.237383,-0.63947,-0.488148,-0.593984,0.000825,0.01102,-0.008204,-4.210535,1.403603,-3.432846,0.518345,-0.225811,0.002078,0.26103,-0.478945,0.264343,0.837094,0.257903,-0.869039,0.422128,0.839628,0.417732,0.346968,-0.046615,0.02846,-0.030003,-1.054926,-1.334835,-0.955169,-1.408379,0.013219,0.054667,-0.027478,0.482784,-0.252058,0.838681,-0.272095,0.86711,0.417233,-0.832396,-0.429634,0.350043,-0.023114,0.008529,-0.011165,-4.261352,-3.100261,-2.402922,-0.888262,0.052684,0.048693,-0.055275,-0.613726,-0.132182,-0.778374,-0.483156,0.842602,0.237866,0.624419,0.522061,-0.580992,0.000528,0.005632,-0.004279,-4.278742,1.276272,-3.48596,0.51402
522,0.100099,-0.003649,0.302562,0.633659,0.093879,-0.767924,0.419948,-0.875377,0.23944,-0.650533,-0.474337,-0.59316,0.001275,0.012576,-0.006441,0.033224,0.092019,-0.150214,0.503325,-0.227613,0.002985,0.260123,-0.494912,0.219269,0.840819,0.275138,-0.878219,0.391107,0.824776,0.424629,0.373228,-0.045857,0.031986,-0.025312,0.259626,-0.869889,-0.385928,-1.408797,0.012301,0.05513,-0.027946,0.498572,-0.205348,0.842174,-0.291049,0.875482,0.385772,-0.816526,-0.437449,0.376724,-0.022888,0.016151,-0.0124,0.262296,-0.887668,-0.386541,-0.889731,0.052713,0.048963,-0.05545,-0.618442,-0.116017,-0.777218,-0.461338,0.854266,0.239575,0.636156,0.506724,-0.581838,0.00067,0.006391,-0.003089,0.012198,-0.024679,-0.017481,0.502589
523,0.100137,-0.003164,0.302212,0.633141,0.081774,-0.769734,0.405496,-0.882076,0.239762,-0.660146,-0.464038,-0.59068,0.000631,0.010345,-0.008958,0.026612,0.16189,-0.10313,0.498586,-0.229074,0.004157,0.259254,-0.505606,0.169128,0.84602,0.297823,-0.886021,0.355248,0.810283,0.431368,0.396517,-0.030606,0.020919,-0.017505,0.31193,-1.117195,-0.332908,-1.409089,0.01157,0.055717,-0.028377,0.507994,-0.155527,0.847203,-0.313966,0.882464,0.350258,-0.802101,-0.443923,0.399456,-0.01527,0.010581,-0.008557,0.360148,-1.204466,-0.373682,-0.898712,0.052733,0.049211,-0.055619,-0.621481,-0.104658,-0.776406,-0.445241,0.862613,0.240118,0.644609,0.494918,-0.582697,0.000287,0.005064,-0.004594,-0.068324,-0.009736,0.019255,0.48969
524,0.100156,-0.002912,0.302031,0.634171,0.074008,-0.769671,0.395352,-0.886485,0.240442,-0.665297,-0.456873,-0.590486,0.000793,0.010903,-0.008325,-1.5e-05,-0.006853,-0.010419,0.498203,-0.229591,0.004775,0.258781,-0.507648,0.145008,0.849269,0.304025,-0.892089,0.334184,0.806695,0.427666,0.407687,-0.030568,0.032606,-0.024774,0.581005,-1.127132,-0.528533,-1.409144,0.011323,0.056016,-0.028601,0.508748,-0.132755,0.850618,-0.320434,0.887851,0.330215,-0.79906,-0.440563,0.409153,-0.007831,0.015943,-0.01295,0.458354,-0.347642,-0.671076,-0.904264,0.052743,0.049335,-0.055712,-0.623204,-0.097148,-0.776001,-0.434518,0.868016,0.240293,0.650238,0.486939,-0.583164,0.000373,0.005366,-0.004247,-0.106517,0.006137,-0.099459,0.48675
525,0.100232,-0.002446,0.301739,0.636576,0.051119,-0.769547,0.364304,-0.899395,0.241543,-0.680572,-0.434181,-0.590199,0.001135,0.012087,-0.006983,-4.2215,1.31736,-3.248713,0.497677,-0.230306,0.006179,0.257626,-0.519615,0.087674,0.849885,0.334866,-0.894161,0.297112,0.78661,0.438872,0.434164,-0.015817,0.042617,-0.034511,0.290617,-0.752263,-0.368592,-1.409363,0.010961,0.056702,-0.029158,0.520636,-0.073526,0.850606,-0.350983,0.889774,0.291739,-0.778298,-0.450439,0.437442,-0.007988,0.015098,-0.014127,-0.921925,-1.439896,-1.234907,-0.908183,0.052779,0.049561,-0.055857,-0.626782,-0.078882,-0.77519,-0.409124,0.880008,0.24125,0.663144,0.46836,-0.583847,0.000619,0.006221,-0.003275,-0.017478,-0.016347,-0.048788,0.484791
526,0.100256,-0.002163,0.301548,0.635571,0.031658,-0.771422,0.338366,-0.909513,0.241385,-0.694768,-0.414488,-0.587812,0.000803,0.010936,-0.008281,-0.005804,0.051451,0.028985,0.497175,-0.230403,0.007899,0.256126,-0.532192,0.025069,0.846247,0.366759,-0.893999,0.257268,0.763637,0.447254,0.465494,0.013461,0.039146,-0.039616,0.147421,-0.94045,-1.068697,-1.40947,0.010901,0.05758,-0.029918,0.531962,-0.012157,0.84668,-0.382651,0.888527,0.253174,-0.755376,-0.458662,0.468011,-0.000638,0.025962,-0.02257,-0.7793,-1.333346,-1.742249,-0.914878,0.052793,0.04971,-0.055952,-0.628542,-0.055934,-0.77576,-0.377028,0.894298,0.240997,0.680281,0.443961,-0.583194,0.00037,0.005364,-0.004241,-0.126871,-0.007944,-0.052324,0.483648
527,0.100256,-0.002001,0.301421,0.62722,0.018868,-0.778643,0.320619,-0.917329,0.235972,-0.7106,-0.397686,-0.580448,0.000813,0.010972,-0.008239,-4.335657,1.966272,-2.733277,0.497182,-0.230205,0.008838,0.255264,-0.533191,-0.004945,0.845976,0.38344,-0.892712,0.236587,0.754687,0.450535,0.476791,0.013566,0.051307,-0.046154,0.670474,-0.061259,-1.235707,-1.409202,0.011,0.058044,-0.030347,0.53347,0.018987,0.845605,-0.399744,0.886707,0.232278,-0.745395,-0.46194,0.480621,0.006701,0.025355,-0.023498,1.159422,0.970881,-2.569579,-0.915858,0.052793,0.04979,-0.056017,-0.623041,-0.046061,-0.780831,-0.363493,0.900974,0.23689,0.692598,0.431419,-0.578087,0.000383,0.005409,-0.004186,-0.06457,0.801692,0.560798,0.483321
528,0.100418,-0.001593,0.301087,0.596378,-0.001853,-0.80273,0.285634,-0.934057,0.214299,-0.750936,-0.357096,-0.555523,0.015358,0.009053,-0.009427,-4.544475,2.109281,-2.167704,0.497854,-0.229351,0.010735,0.253295,-0.542962,-0.072377,0.836627,0.424087,-0.883464,0.198936,0.725388,0.462911,0.509302,0.027433,0.046643,-0.052859,0.561954,-0.816232,-0.837128,-1.409222,0.011433,0.059015,-0.031343,0.541232,0.08672,0.836388,-0.440387,0.876577,0.19409,-0.716328,-0.473383,0.512622,0.013693,0.023158,-0.026674,0.612564,-0.891588,-0.894138,-0.909979,0.052868,0.04999,-0.056182,-0.593277,-0.023247,-0.804662,-0.328485,0.919566,0.215625,0.734928,0.392245,-0.553194,0.007676,0.004514,-0.004704,-0.47044,0.907638,0.556898,0.482995
529,0.100776,-0.0014,0.300894,0.555772,-0.011509,-0.831283,0.25333,-0.950003,0.182457,-0.792514,-0.311987,-0.524035,0.000113,0.000394,0.000446,-1.488379,1.177572,-0.035395,0.498175,-0.228026,0.012514,0.251118,-0.547792,-0.142465,0.82439,0.469213,-0.868078,0.161908,0.693232,0.475687,0.541308,0.041597,0.043645,-0.057389,-3.99945,-1.753503,-3.559404,-1.409249,0.012079,0.059888,-0.032411,0.545561,0.153681,0.823859,-0.480305,0.862919,0.15709,-0.686782,-0.481406,0.544588,0.020741,0.021473,-0.029215,0.647921,-1.077342,-0.75842,-0.908347,0.053052,0.050094,-0.056285,-0.550166,-0.009312,-0.835002,-0.292218,0.938861,0.182066,0.782256,0.344169,-0.519251,6.3e-05,0.000226,0.000253,-1.503511,1.172694,-0.055042,0.482668
530,0.101026,-0.001433,0.300872,0.53071,-0.015806,-0.847433,0.229452,-0.959808,0.161535,-0.816588,-0.280162,-0.504699,0.013519,-0.013643,0.006179,-4.896321,2.200858,-1.658701,0.498296,-0.227209,0.013354,0.249944,-0.547401,-0.175999,0.818149,0.489203,-0.860435,0.142357,0.679572,0.478391,0.556046,0.041238,0.042276,-0.05944,0.439261,-0.858576,-0.632346,-1.409072,0.012488,0.060308,-0.032997,0.543658,0.190306,0.817446,-0.505176,0.85197,0.137633,-0.670248,-0.487779,0.559319,0.027896,0.020232,-0.031144,0.268186,-1.11853,-0.994094,-0.909163,0.053173,0.050083,-0.056297,-0.527576,-0.00586,-0.849486,-0.27288,0.94815,0.162932,0.804486,0.317767,-0.501821,0.007234,-0.001093,-0.000725,-0.167349,0.864136,1.073067,0.483158
531,0.101445,-0.001597,0.300931,0.483508,-0.012683,-0.875274,0.189665,-0.974617,0.118834,-0.855167,-0.223458,-0.467741,0.014955,-0.000457,0.000439,-0.305398,1.076153,1.202472,0.495782,-0.225394,0.014798,0.247554,-0.541592,-0.245851,0.803882,0.538404,-0.835792,0.107266,0.646162,0.491219,0.583988,0.055315,0.027018,-0.057948,0.46442,-0.937468,-0.748669,-1.409059,0.01339,0.061035,-0.034194,0.536472,0.258724,0.80328,-0.553847,0.826121,0.103806,-0.63675,-0.500584,0.586485,0.020372,0.020096,-0.031381,-0.012859,-0.458267,-0.772796,-0.905571,0.053381,0.049993,-0.05627,-0.479327,-0.003943,-0.877627,-0.227918,0.966239,0.12014,0.847524,0.257614,-0.464044,0.00734,-0.000716,-0.000304,-0.636377,1.434059,0.974419,0.482831
532,0.101823,-0.001611,0.301016,0.430324,0.003575,-0.902693,0.153561,-0.985696,0.069241,-0.890071,-0.168427,-0.423595,0.01522,0.000498,0.001509,-0.392575,1.475493,1.449739,0.491214,-0.223502,0.015585,0.245335,-0.531113,-0.306586,0.789883,0.586072,-0.806126,0.081325,0.612455,0.506507,0.606805,0.040087,0.013323,-0.053889,-0.048667,-0.525513,-0.643851,-1.409056,0.014342,0.061434,-0.035304,0.52521,0.321191,0.788028,-0.600943,0.795648,0.076224,-0.602511,-0.513594,0.6109,0.027367,0.005942,-0.028166,-0.955308,-0.686735,-1.374478,-0.90704,0.053576,0.049987,-0.056226,-0.425607,-0.018198,-0.904724,-0.191915,0.978868,0.070593,0.884322,0.203675,-0.420106,0.007644,0.000342,0.00089,-0.387368,1.457627,1.434901,0.476626
533,0.102225,-0.001525,0.301075,0.378774,0.026107,-0.925145,0.113328,-0.993375,0.018309,-0.919013,-0.11182,-0.378073,0.000552,0.001954,0.002202,-0.705503,1.232246,1.121925,0.488662,-0.221489,0.015932,0.243176,-0.516772,-0.359856,0.776815,0.619666,-0.783258,0.049537,0.591245,0.507419,0.626751,0.054955,0.013041,-0.055174,0.406865,-0.608212,-0.416665,-1.409355,0.015327,0.061603,-0.036371,0.509586,0.372904,0.775412,-0.634388,0.771655,0.04581,-0.581268,-0.515257,0.62979,0.027423,-3.8e-05,-0.025088,0.407564,-0.693578,-0.572289,-0.909326,0.053772,0.050032,-0.056194,-0.374026,-0.038054,-0.926636,-0.153115,0.98798,0.02123,0.914691,0.149823,-0.375357,0.007366,-0.000442,-0.000328,-5.370718,1.497328,-0.877835,0.472707
534,0.102442,-0.001581,0.301086,0.353863,0.038436,-0.934531,0.088522,-0.996032,-0.007503,-0.931555,-0.080127,-0.3547,0.013586,-0.013448,0.006375,-5.548129,1.463357,-0.46339,0.489252,-0.220576,0.015931,0.242309,-0.502108,-0.391941,0.770883,0.643689,-0.764629,0.030649,0.578033,0.512092,0.635218,0.055285,-0.010191,-0.040942,-0.751044,-0.864906,-1.812104,-1.409318,0.015798,0.061609,-0.036832,0.495188,0.402775,0.769779,-0.656469,0.753837,0.027862,-0.569066,-0.519134,0.637701,0.02039,0.001491,-0.022796,-3.810415,-0.633636,-3.908374,-0.911612,0.053882,0.050012,-0.056187,-0.348863,-0.050869,-0.935791,-0.132606,0.991158,-0.004443,0.927744,0.122541,-0.352525,0.007237,-0.00107,-0.000716,-0.365731,1.204651,1.044303,0.471074
535,0.10293,-0.001668,0.30105,0.311733,0.065404,-0.94794,0.036309,-0.997702,-0.056953,-0.949879,-0.016753,-0.312213,0.014443,-0.002211,-0.001569,-0.284526,1.141712,1.290666,0.48887,-0.218757,0.015624,0.240826,-0.479504,-0.453412,0.751322,0.686232,-0.727337,-0.000821,0.547413,0.515758,0.658935,0.041336,-0.005841,-0.034556,0.490644,-0.876774,-0.74206,-1.409174,0.016697,0.061458,-0.037569,0.470895,0.464678,0.749888,-0.699593,0.714533,-0.003458,-0.537426,-0.522988,0.661555,0.020689,-0.002885,-0.017251,0.242183,-0.617253,-0.59061,-0.916511,0.054124,0.049963,-0.056204,-0.304116,-0.075004,-0.949677,-0.074393,0.995721,-0.054818,0.949725,0.053978,-0.308395,0.007224,-0.00115,-0.000807,-0.347564,1.342057,1.415066,0.470258
536,0.103558,-0.001594,0.300847,0.271366,0.101876,-0.957093,-0.012237,-0.993917,-0.109321,-0.96275,0.041244,-0.267279,0.014399,-0.002351,-0.00174,-0.320836,1.035478,1.215042,0.490197,-0.217056,0.015038,0.239818,-0.453324,-0.509257,0.731537,0.71899,-0.693966,-0.037397,0.527251,0.509656,0.679794,0.042268,-0.014071,-0.022546,0.441336,-0.748067,-0.762999,-1.409373,0.017562,0.061159,-0.038092,0.443645,0.520895,0.729279,-0.73181,0.680291,-0.040721,-0.517333,-0.515628,0.683003,0.021194,-0.006731,-0.010848,0.471838,-0.651318,-0.98056,-0.915695,0.054444,0.049998,-0.056307,-0.261016,-0.111122,-0.958916,-0.025515,0.993799,-0.108219,0.964996,-0.00378,-0.262233,0.007212,-0.001188,-0.000868,-0.325756,1.068516,1.234332,0.470911
537,0.103889,-0.001566,0.30076,0.252794,0.123087,-0.959682,-0.0288,-0.990457,-0.134675,-0.96742,0.061524,-0.245644,0.014438,-0.002204,-0.001579,-0.25857,0.880448,1.11828,0.493302,-0.216244,0.014779,0.239474,-0.437186,-0.539776,0.719376,0.73681,-0.673602,-0.057489,0.516128,0.50559,0.69127,0.028066,-0.010247,-0.016422,0.244059,-1.060217,-1.349885,-1.409296,0.017974,0.061027,-0.038269,0.427479,0.549189,0.718089,-0.748742,0.660211,-0.059199,-0.506602,-0.512357,0.693428,0.021605,-0.010991,-0.004949,-0.759519,-0.794364,-1.901716,-0.917328,0.054604,0.050012,-0.056351,-0.24175,-0.13114,-0.961435,-0.008641,0.991076,-0.13301,0.970299,-0.023848,-0.240726,0.007687,0.004631,-0.004613,-0.29399,1.126887,1.309681,0.47287
538,0.104535,-0.001632,0.300709,0.217778,0.164365,-0.962082,-0.082218,-0.979101,-0.185938,-0.972813,0.119383,-0.198517,0.014792,-0.000905,-0.000129,-0.854797,1.188413,1.292726,0.498136,-0.214879,0.014206,0.239136,-0.405813,-0.592352,0.696007,0.770885,-0.63091,-0.087314,0.491322,0.501854,0.711765,0.028979,-0.01835,-0.003958,0.297337,-0.649185,-0.621713,-1.409257,0.018657,0.060745,-0.03844,0.394512,0.603567,0.692867,-0.782607,0.615848,-0.090865,-0.481544,-0.506396,0.715316,0.014557,-0.008758,-0.001379,0.320008,-0.804211,-0.840123,-0.921247,0.054926,0.049977,-0.056379,-0.207187,-0.169545,-0.963497,0.044708,0.982198,-0.18245,0.977278,-0.080878,-0.195919,0.014644,-0.001424,-0.00072,-1.923238,0.799491,0.767336,0.479729
539,0.105082,-0.001622,0.300674,0.192154,0.204662,-0.95981,-0.148598,-0.960642,-0.234644,-0.970301,0.187453,-0.152987,0.015617,0.010382,-0.008019,-5.607826,-0.452747,0.277655,0.509012,-0.213764,0.013563,0.239145,-0.379148,-0.635484,0.672605,0.795281,-0.595364,-0.114035,0.473363,0.492473,0.730247,0.014927,-0.026525,0.009018,0.233625,-0.581223,-0.593127,-1.409362,0.01922,0.060427,-0.03844,0.367092,0.645867,0.669401,-0.806329,0.579743,-0.117179,-0.463763,-0.496742,0.7336,0.014844,-0.007191,0.000963,0.311543,-0.905537,-0.625577,-0.922716,0.055194,0.049979,-0.056391,-0.177521,-0.210436,-0.961354,0.106856,0.966972,-0.231397,0.978298,-0.143804,-0.149172,0.000229,0.0008,0.000913,-0.871142,1.258483,1.095299,0.490179
540,0.105467,-0.001548,0.30061,0.169979,0.247838,-0.953797,-0.210107,-0.936461,-0.280833,-0.963012,0.247821,-0.105921,0.014686,-0.001251,-0.000537,-0.40536,1.25544,1.136217,0.514823,-0.212858,0.012919,0.239442,-0.34553,-0.674156,0.652774,0.820634,-0.554465,-0.138068,0.455428,0.48883,0.743971,0.015508,-0.023263,0.013946,-0.108482,-0.428846,-0.846638,-1.409599,0.019673,0.060105,-0.038292,0.333012,0.683796,0.649249,-0.830667,0.538575,-0.141169,-0.4462,-0.492299,0.747359,0.015251,-0.011515,0.006839,-0.799843,-0.433446,-1.781777,-0.927451,0.055398,0.05002,-0.056426,-0.155105,-0.2524,-0.95511,0.175291,0.944437,-0.278046,0.972221,-0.210549,-0.102244,0.007363,-0.00061,-0.000238,-0.364677,1.156528,1.064255,0.503406
541,0.105627,-0.001533,0.30062,0.161249,0.269043,-0.949558,-0.235153,-0.923912,-0.301765,-0.958702,0.27161,-0.084534,0.014734,-0.001066,-0.000332,-0.390008,1.101268,1.271021,0.5165,-0.212535,0.012519,0.239681,-0.33031,-0.691866,0.642034,0.831354,-0.535336,-0.148997,0.447179,0.485413,0.751179,0.015426,-0.02387,0.013023,0.210813,-0.500942,-0.490666,-1.409463,0.019835,0.059909,-0.038166,0.317169,0.701231,0.638496,-0.841303,0.518794,-0.151856,-0.437735,-0.489005,0.754494,0.007733,-0.011706,0.006837,0.27534,-0.639539,-0.634899,-0.927778,0.055472,0.050028,-0.056421,-0.14625,-0.272109,-0.951087,0.200728,0.933261,-0.297876,0.968668,-0.234474,-0.081869,0.000192,0.000664,0.000759,-0.289708,0.89066,0.844584,0.507161
542,0.105945,-0.001541,0.300675,0.148069,0.306951,-0.940161,-0.273469,-0.900812,-0.337231,-0.950611,0.306651,-0.048273,0.014996,-8e-05,0.000769,-0.336588,0.960841,0.969597,0.517162,-0.212085,0.011783,0.240191,-0.302581,-0.728438,0.614666,0.852032,-0.495763,-0.16791,0.427395,0.473825,0.769862,0.01558,-0.023074,0.014227,0.253369,-0.854211,-0.499565,-1.409252,0.02006,0.059542,-0.03791,0.288985,0.736401,0.611718,-0.861213,0.479032,-0.169821,-0.418089,-0.477744,0.772632,0.000282,-0.00482,0.005116,0.114571,-0.892148,-0.732396,-0.929901,0.055631,0.050022,-0.056395,-0.131429,-0.309859,-0.941654,0.240018,0.911685,-0.333498,0.96183,-0.269845,-0.045451,0.000149,0.000529,0.000603,-0.195691,0.449045,0.78439,0.510917
543,0.106239,-0.001545,0.300702,0.140227,0.338935,-0.930325,-0.305187,-0.879011,-0.366297,-0.942097,0.334861,-0.018668,0.000338,0.001256,0.00141,-0.233904,0.580248,0.639042,0.517671,-0.211893,0.011395,0.240586,-0.275548,-0.757057,0.592392,0.869353,-0.459251,-0.182339,0.410419,0.465707,0.783924,0.00063,-0.009493,0.010504,0.231035,-0.457757,-0.45369,-1.409274,0.020162,0.059343,-0.037711,0.261295,0.764924,0.588739,-0.877896,0.441882,-0.18449,-0.401274,-0.468646,0.786986,0.000344,-0.004455,0.005675,0.332552,-0.762245,-0.418317,-0.932514,0.055784,0.050021,-0.05638,-0.121371,-0.342764,-0.931547,0.272889,0.8908,-0.363325,0.954358,-0.298306,-0.014581,0.00741,-0.000377,5e-06,-0.31778,0.711457,0.809057,0.512387
544,0.106392,-0.001542,0.300669,0.135477,0.353836,-0.925468,-0.312711,-0.871009,-0.378849,-0.940317,0.340284,-0.006204,0.000869,0.011499,-0.007641,-0.144041,0.422842,0.556758,0.518071,-0.21187,0.01123,0.240783,-0.26369,-0.769244,0.581998,0.877494,-0.441866,-0.186258,0.400748,0.462553,0.790765,0.000628,-0.009504,0.010485,0.165962,-0.469477,-0.15194,-1.409412,0.020173,0.05926,-0.037612,0.248841,0.777273,0.577861,-0.885755,0.423987,-0.18887,-0.391809,-0.464845,0.793979,0.000249,-0.005064,0.004764,0.201978,-0.510659,-0.226919,-0.933004,0.055861,0.050021,-0.056392,-0.115781,-0.357785,-0.926598,0.280849,0.883012,-0.376048,0.952742,-0.303773,-0.001753,0.007213,-0.001101,-0.000811,-0.206691,0.525111,0.636944,0.512713
545,0.10669,-0.001612,0.300622,0.126301,0.37897,-0.916775,-0.322216,-0.858335,-0.399261,-0.938371,0.345349,0.01484,-0.000265,-0.000992,-0.001114,-0.183647,0.548585,0.37387,0.518405,-0.211859,0.01071,0.241097,-0.241331,-0.790139,0.563409,0.889137,-0.412666,-0.197675,0.388967,0.454237,0.801396,0.000116,-0.012714,0.005646,0.109361,-0.462571,-0.330229,-1.409421,0.02018,0.059015,-0.037451,0.226797,0.796813,0.560045,-0.896629,0.395348,-0.199386,-0.380286,-0.456933,0.80411,2e-05,-0.006537,0.002534,-0.585524,-0.546307,-1.611994,-0.931534,0.05601,0.049991,-0.056417,-0.106425,-0.381882,-0.918062,0.290597,0.871049,-0.396013,0.950908,-0.308932,0.018272,0.007047,-0.001729,-0.001523,-0.249479,0.61017,0.697219,0.51353
546,0.106929,-0.001712,0.300586,0.118415,0.393669,-0.911618,-0.325271,-0.851988,-0.410228,-0.938335,0.344605,0.028293,0.01428,-0.002734,-0.002232,-0.090834,0.256484,0.214363,0.518592,-0.211831,0.009927,0.241424,-0.221399,-0.807982,0.546021,0.897058,-0.388352,-0.210722,0.38256,0.444175,0.810074,0.000247,-0.025344,0.01143,-0.15364,-0.296741,-0.559294,-1.409406,0.020193,0.058607,-0.037286,0.206019,0.815197,0.541303,-0.904155,0.370138,-0.213305,-0.374243,-0.445478,0.81332,0.000107,-0.012704,0.005662,-0.187478,-0.254115,-0.527976,-0.9348,0.056124,0.049939,-0.056437,-0.097479,-0.396827,-0.912702,0.294033,0.86465,-0.407338,0.950811,-0.308072,0.032394,-0.000102,-0.000385,-0.000436,-0.1069,0.318442,0.216659,0.514183
547,0.107106,-0.001768,0.300534,0.113706,0.397238,-0.910669,-0.326544,-0.850691,-0.411905,-0.93847,0.34371,0.034117,-0.000145,-0.000545,-0.000612,-0.002163,0.006428,0.004381,0.518212,-0.211678,0.008896,0.241855,-0.202808,-0.826074,0.525796,0.901398,-0.367294,-0.229151,0.382646,0.428517,0.818424,0.015413,-0.038043,0.016515,0.181803,-0.55483,-0.280695,-1.40976,0.020264,0.058104,-0.037078,0.187233,0.832287,0.521766,-0.908151,0.349128,-0.231021,-0.374439,-0.430588,0.821211,0.000113,-0.012664,0.005724,0.300973,-0.697698,-0.407939,-0.93578,0.056218,0.04991,-0.056464,-0.092555,-0.40031,-0.911693,0.295299,0.863394,-0.409081,0.95091,-0.307085,0.038299,-8.7e-05,-0.000322,-0.000365,0.010336,0.084833,-0.183662,0.515489
548,0.107199,-0.001799,0.300504,0.112267,0.396349,-0.911235,-0.326713,-0.851268,-0.410576,-0.938582,0.343308,0.035055,-0.000177,-0.000665,-0.000747,-0.001181,0.111785,-0.164507,0.518716,-0.211582,0.008285,0.242122,-0.19026,-0.835271,0.515864,0.904548,-0.353407,-0.23839,0.381642,0.422318,0.822107,0.015221,-0.025891,0.010013,-2.630568,0.745698,-4.808939,-1.4095,0.020312,0.057795,-0.036941,0.179457,0.840204,0.511714,-0.909031,0.340489,-0.240269,-0.376108,-0.422046,0.824875,0.000179,-0.018994,0.008602,0.262091,-0.672745,-0.415729,-0.937086,0.056264,0.049895,-0.056479,-0.091469,-0.399195,-0.912291,0.295339,0.864037,-0.407692,0.951003,-0.306727,0.038864,0.007118,-0.001453,-0.001217,0.002855,-0.020102,0.025848,0.515653
549,0.107313,-0.001884,0.300431,0.108244,0.393816,-0.912819,-0.327213,-0.85288,-0.406816,-0.938876,0.342226,0.037676,-0.000434,-0.001636,-0.00184,-0.001158,0.111688,-0.164573,0.518111,-0.211444,0.006952,0.242733,-0.17913,-0.848864,0.497327,0.900963,-0.344633,-0.263494,0.395264,0.401942,0.825877,0.000322,-0.024981,0.012026,0.258114,-0.501962,-0.51013,-1.409556,0.020386,0.057141,-0.036645,0.163707,0.853884,0.494046,-0.907298,0.326939,-0.264423,-0.387309,-0.40496,0.82825,0.000231,-0.018707,0.009054,0.31536,-0.772275,-0.515454,-0.941168,0.056316,0.049855,-0.056512,-0.08768,-0.396523,-0.913827,0.295739,0.865638,-0.403989,0.951235,-0.305676,0.041368,-0.000301,-0.001142,-0.001284,-0.000368,0.015995,-0.023883,0.514673
550,0.107452,-0.002003,0.300323,0.10564,0.388923,-0.915218,-0.32718,-0.855474,-0.401358,-0.939181,0.341352,0.038012,-0.000598,-0.002256,-0.00254,0.047462,-0.039976,-0.26791,0.517939,-0.211248,0.005573,0.243368,-0.16999,-0.858797,0.483282,0.899516,-0.335556,-0.279654,0.402521,0.388263,0.82891,0.000477,-0.03759,0.017893,0.065347,-0.2332,-0.295597,-1.409525,0.020485,0.056429,-0.036315,0.153633,0.864692,0.478229,-0.9056,0.31684,-0.281956,-0.395328,-0.389767,0.831743,0.000224,-0.018802,0.008932,0.028887,-0.186216,-0.256313,-0.942148,0.056391,0.049793,-0.056569,-0.084937,-0.391494,-0.916251,0.295603,0.868273,-0.398396,0.951526,-0.304686,0.041978,-0.00031,-0.001176,-0.001325,0.056838,-0.065151,-0.285442,0.513857
551,0.107521,-0.002084,0.300236,0.103907,0.387833,-0.915879,-0.327373,-0.856157,-0.399742,-0.939305,0.340882,0.039142,-0.001024,-0.003868,-0.004358,0.000429,0.014298,-0.025132,0.518359,-0.211115,0.004881,0.243681,-0.164216,-0.861762,0.479991,0.898224,-0.331799,-0.28816,0.407765,0.384904,0.827913,0.000555,-0.037149,0.018574,-0.001177,-0.125971,-0.199214,-1.409474,0.020551,0.056096,-0.036167,0.14783,0.867511,0.474941,-0.904205,0.31311,-0.290473,-0.400698,-0.386504,0.830695,0.007792,-0.018785,0.00865,-0.019805,-0.123403,-0.155022,-0.941984,0.056427,0.049758,-0.056606,-0.083591,-0.390186,-0.916933,0.295709,0.868993,-0.396744,0.951613,-0.30431,0.042741,-0.000507,-0.001924,-0.00217,-0.0054,0.028401,-0.01509,0.513693
552,0.107667,-0.002263,0.30006,0.103549,0.387886,-0.915897,-0.326722,-0.856427,-0.399697,-0.939571,0.340144,0.039186,0.013374,-0.006232,-0.006197,-0.000374,0.113151,-0.158871,0.518847,-0.21071,0.003474,0.244359,-0.153374,-0.866222,0.475528,0.895701,-0.325165,-0.303185,0.417415,0.380521,0.825125,0.015591,-0.03804,0.016611,0.117416,0.128807,-0.118886,-1.409257,0.020748,0.055395,-0.035824,0.136956,0.87181,0.470308,-0.901617,0.306356,-0.305338,-0.410279,-0.38222,0.827996,0.007772,-0.01908,0.00821,0.577095,0.6245,-0.230164,-0.936433,0.056493,0.049667,-0.056697,-0.083116,-0.390336,-0.916912,0.295096,0.869189,-0.39677,0.951845,-0.303556,0.042943,-0.000477,-0.001812,-0.002049,-0.000276,0.000407,-1.7e-05,0.513856
553,0.107769,-0.002433,0.299876,0.103004,0.387795,-0.915998,-0.326072,-0.856788,-0.399453,-0.939856,0.339338,0.039334,-0.000931,-0.003525,-0.003985,-0.001195,0.111685,-0.164575,0.518883,-0.210174,0.001851,0.245135,-0.142218,-0.871077,0.470095,0.894259,-0.316725,-0.3161,0.424389,0.376528,0.823397,0.015789,-0.037174,0.017938,-0.000863,-0.143103,-0.168983,-1.40936,0.021016,0.054581,-0.035438,0.125863,0.876043,0.465516,-0.900003,0.298227,-0.31789,-0.417316,-0.378955,0.825978,0.00043,-0.024502,0.012819,-0.025137,-0.147865,-0.238106,-0.930717,0.056549,0.049577,-0.056793,-0.082458,-0.390148,-0.917051,0.294443,0.869569,-0.396423,0.952104,-0.302708,0.043174,-0.000471,-0.00179,-0.002024,-0.001382,0.111939,-0.164983,0.513857
554,0.107786,-0.002587,0.29972,0.102099,0.38744,-0.916249,-0.325494,-0.857294,-0.398839,-0.940154,0.338467,0.039719,-0.000958,-0.003626,-0.004105,-0.001373,0.127863,-0.188425,0.517714,-0.20957,0.000372,0.245978,-0.133448,-0.876854,0.461856,0.894347,-0.307393,-0.324942,0.427037,0.3708,0.824627,0.016228,-0.034688,0.021707,0.136819,-0.379384,-0.372569,-1.409191,0.021323,0.053825,-0.035014,0.11737,0.880992,0.458341,-0.900109,0.289359,-0.32569,-0.419556,-0.37433,0.826951,0.008115,-0.017224,0.011025,0.216391,-0.508838,-0.468222,-0.929738,0.056558,0.049502,-0.056869,-0.081702,-0.389854,-0.917244,0.293829,0.869995,-0.395944,0.952359,-0.301863,0.04347,-0.000382,-0.001449,-0.001641,-0.000291,0.000418,-0.000737,0.513856
555,0.107783,-0.002638,0.299648,0.100771,0.386574,-0.916761,-0.325618,-0.857833,-0.397576,-0.940253,0.338092,0.040569,-0.00084,-0.00318,-0.003602,-0.000174,0.016183,-0.023847,0.5179,-0.209285,-0.000189,0.246408,-0.13087,-0.87803,0.460356,0.895061,-0.304369,-0.325822,0.426335,0.370511,0.82512,0.016528,-0.032848,0.024485,-0.086593,0.092933,-0.187478,-1.409225,0.021453,0.053563,-0.034817,0.114438,0.882965,0.455275,-0.900499,0.285734,-0.327806,-0.419529,-0.372462,0.827808,0.000583,-0.009879,0.010001,-0.073071,0.125229,-0.17841,-0.929574,0.056556,0.049476,-0.056906,-0.080285,-0.388849,-0.917796,0.29394,0.870586,-0.394561,0.952445,-0.301454,0.044403,-0.000305,-0.001163,-0.001317,-9.4e-05,4.7e-05,-0.000102,0.513367
556,0.10775,-0.002725,0.299564,0.097878,0.384688,-0.917867,-0.325962,-0.858974,-0.394822,-0.940435,0.33735,0.042458,-0.000374,-0.001415,-0.001605,0.0,-0.0,-0.0,0.518185,-0.208781,-0.000847,0.24715,-0.128053,-0.879137,0.459035,0.896068,-0.300975,-0.326204,0.425069,0.370662,0.825706,0.016384,-0.006154,0.014903,-0.032486,-0.018119,0.036202,-1.409286,0.021712,0.053217,-0.034435,0.111549,0.883735,0.454499,-0.901582,0.282362,-0.327751,-0.417979,-0.373208,0.828256,0.000738,-0.00887,0.011513,-0.074694,0.019872,-0.001456,-0.931371,0.056539,0.04943,-0.056951,-0.077445,-0.386837,-0.91889,0.294227,0.871741,-0.391786,0.952592,-0.300704,0.046305,-0.00021,-0.000793,-0.000899,-0.001241,0.111675,-0.164566,0.51353
557,0.107738,-0.002771,0.299512,0.095122,0.382885,-0.918911,-0.326257,-0.860064,-0.392196,-0.940612,0.336626,0.044249,-0.000101,-0.000382,-0.000433,0.0,-0.0,-0.0,0.517778,-0.208532,-0.001048,0.247864,-0.126652,-0.879042,0.459604,0.896843,-0.299499,-0.325434,0.423852,0.372082,0.825692,0.001516,-0.003714,0.019229,-0.044326,0.123334,-0.146396,-1.409537,0.021842,0.053116,-0.03408,0.110373,0.883572,0.4551,-0.90231,0.281068,-0.326859,-0.416718,-0.374565,0.828279,0.000665,0.004568,0.006841,0.00171,-0.018385,0.023067,-0.930881,0.056533,0.049406,-0.056978,-0.074756,-0.384926,-0.919914,0.294466,0.872837,-0.389157,0.952733,-0.299975,0.048098,-3e-05,-0.000114,-0.000128,-5.9e-05,-2e-06,-1.4e-05,0.51304
558,0.107745,-0.002793,0.299504,0.096077,0.383721,-0.918462,-0.325479,-0.859839,-0.393334,-0.940786,0.336248,0.043423,0.014443,-0.002278,-0.001739,0.00103,-0.014804,0.029704,0.518527,-0.208455,-0.000977,0.248227,-0.12808,-0.87952,0.458292,0.897867,-0.299148,-0.322922,0.421246,0.371232,0.827406,0.001827,-0.001588,0.022371,-0.033738,-0.021295,0.029538,-1.409467,0.02188,0.053149,-0.033901,0.111672,0.884076,0.453805,-0.903361,0.280599,-0.324348,-0.414085,-0.37373,0.829975,0.000764,0.005256,0.007855,0.005623,-0.015469,0.021896,-0.931207,0.056537,0.049396,-0.056981,-0.07572,-0.385832,-0.919456,0.293686,0.872571,-0.390343,0.952897,-0.299589,0.047242,0.007238,-0.001078,-0.0008,-0.000552,-0.011819,0.024631,0.513367
559,0.107744,-0.002798,0.299497,0.095979,0.383856,-0.918416,-0.324789,-0.860043,-0.393458,-0.941034,0.335572,0.043267,-0.0,-1e-06,-1e-06,0.0,-0.0,0.0,0.517679,-0.208443,-0.000672,0.24898,-0.130697,-0.881795,0.453152,0.899438,-0.297785,-0.319796,0.417072,0.366896,0.831446,0.001771,0.012041,0.01788,0.020521,-0.067052,0.018351,-1.409362,0.021886,0.053298,-0.03352,0.114189,0.886505,0.448406,-0.904862,0.279131,-0.321417,-0.410102,-0.369043,0.834039,0.000871,0.006007,0.008922,0.01303,-0.045955,0.030116,-0.932677,0.056536,0.049394,-0.056983,-0.075597,-0.385946,-0.919418,0.292998,0.872754,-0.390449,0.953119,-0.298905,0.047103,8e-06,2.9e-05,3.3e-05,-0.002024,0.113228,-0.167195,0.51353
560,0.107757,-0.002788,0.299509,0.101251,0.387913,-0.916143,-0.322106,-0.858435,-0.399135,-0.941411,0.33502,0.039169,2e-06,9e-06,1e-05,1e-06,-2e-06,4e-06,0.518271,-0.208458,-0.00026,0.249798,-0.134525,-0.884056,0.447592,0.900783,-0.297377,-0.316371,0.412935,0.361737,0.83576,0.002061,0.014064,0.020737,0.127995,-0.251218,-0.139299,-1.409607,0.021879,0.053503,-0.033114,0.118341,0.888204,0.443945,-0.906326,0.279271,-0.317143,-0.405669,-0.364828,0.838052,0.00105,0.007256,0.010699,0.217392,-0.393719,-0.248393,-0.932024,0.056543,0.0494,-0.056976,-0.080737,-0.390223,-0.917172,0.290402,0.871046,-0.396162,0.953492,-0.298334,0.042996,-0.0,4e-06,5e-06,-0.001513,0.00288,-0.004913,0.514183
561,0.107754,-0.002808,0.299502,0.102542,0.388962,-0.915554,-0.321281,-0.85807,-0.400582,-0.941554,0.334738,0.038114,-3.8e-05,-0.000144,-0.000163,0.0,-0.0,0.0,0.518148,-0.208439,0.000187,0.250732,-0.140229,-0.886754,0.440449,0.902916,-0.297125,-0.310472,0.406328,0.355268,0.841751,0.002253,0.015454,0.022604,0.00579,-0.070308,0.05817,-1.409495,0.021887,0.053726,-0.032657,0.123596,0.891586,0.435657,-0.908328,0.278427,-0.312118,-0.399578,-0.357143,0.844266,0.00109,0.007562,0.011066,-0.060929,-0.069141,0.063413,-0.934473,0.056542,0.04939,-0.05698,-0.081964,-0.391302,-0.916604,0.289612,0.87066,-0.397586,0.953627,-0.298047,0.041963,-2.7e-05,-0.000101,-0.000116,-0.000495,0.000914,-0.00157,0.515979
562,0.107752,-0.002814,0.299495,0.102051,0.38864,-0.915746,-0.321337,-0.858268,-0.400114,-0.941588,0.334606,0.038434,-3.2e-05,-0.00012,-0.000136,0.0,-0.0,0.0,0.518107,-0.208429,0.000375,0.251209,-0.141029,-0.889702,0.434202,0.903255,-0.295228,-0.311295,0.405298,0.349415,0.844693,0.002275,0.015644,0.022792,0.097839,-0.240796,-0.11467,-1.409456,0.021893,0.053822,-0.032406,0.124627,0.89419,0.429989,-0.908695,0.276884,-0.312424,-0.398423,-0.351793,0.847053,0.001291,0.002005,0.01507,0.0757,-0.35925,-0.163852,-0.93529,0.056541,0.049387,-0.056983,-0.081473,-0.390951,-0.916797,0.289663,0.870863,-0.397105,0.953654,-0.297916,0.042291,-1.5e-05,-5.2e-05,-6e-05,-8.4e-05,0.000114,-0.000197,0.515816
563,0.107752,-0.002814,0.299495,0.100155,0.387392,-0.916483,-0.32155,-0.859029,-0.398304,-0.941716,0.3341,0.039668,-0.0,-0.0,-0.0,0.0,0.0,0.0,0.51827,-0.208333,0.000798,0.252258,-0.142967,-0.893783,0.425093,0.90323,-0.29348,-0.313014,0.404675,0.340333,0.84869,0.002459,0.017028,0.024594,0.073891,-0.171954,-0.03339,-1.409855,0.021941,0.054033,-0.031882,0.126274,0.898513,0.42039,-0.908567,0.274865,-0.314569,-0.398195,-0.342231,0.851068,0.001317,0.002247,0.01532,0.045697,-0.151353,-0.084548,-0.937086,0.056541,0.049387,-0.056983,-0.079622,-0.389628,-0.917523,0.289837,0.87163,-0.395291,0.953757,-0.297406,0.043528,-2e-06,6e-06,1.1e-05,-0.00123,0.111718,-0.16457,0.515979
