frame,MLTx,MLTy,MLTz,MLTR1,MLTR2,MLTR3,MLTR4,MLTR5,MLTR6,MLTR7,MLTR8,MLTR9,MLTTVx,MLTTVy,MLTTVz,MLTRVx,MLTRVy,MLTRVz,MLGA,MRTx,MRTy,MRTz,MRTR1,MRTR2,MRTR3,MRTR4,MRTR5,MRTR6,MRTR7,MRTR8,MRTR9,MRTTVx,MRTTVy,MRTTVz,MRTRVx,MRTRVy,MRTRVz,MRGA,SLTx,SLTy,SLTz,SLTR1,SLTR2,SLTR3,SLTR4,SLTR5,SLTR6,SLTR7,SLTR8,SLTR9,SLTTVx,SLTTVy,SLTTVz,SLTRVx,SLTRVy,SLTRVz,SLGA,SRTx,SRTy,SRTz,SRTR1,SRTR2,SRTR3,SRTR4,SRTR5,SRTR6,SRTR7,SRTR8,SRTR9,SRTTVx,SRTTVy,SRTTVz,SRTRVx,SRTRVy,SRTRVz,SRGA
1,0.0923,0.025787,0.395004,-0.702076,0.073821,-0.708297,-0.369359,-0.888119,0.273478,-0.607995,0.453522,0.65168,-0.013038,0.007183,-0.010786,0.141755,-0.223382,0.31256,0.081042,-0.148794,0.025011,0.330399,0.691572,0.237447,0.682157,-0.420167,0.900381,0.112728,-0.588284,-0.364885,0.721557,-0.000472,0.001172,-0.015912,0.537615,0.489094,-0.186562,0.235601,0.020155,0.030723,-0.015919,-0.668031,-0.280616,0.689193,0.448231,-0.891039,0.071667,0.593988,0.356794,0.721023,0.006335,0.001576,-0.007805,1.682572,1.852123,-0.958439,0.258038,0.083367,0.037332,-0.043559,-0.678394,-0.0005,-0.734696,-0.214766,-0.956185,0.198958,-0.702606,0.29276,0.648563,-0.012394,0.005699,-0.004075,0.412659,-0.606368,0.762193,-0.03627
2,0.091876,0.026003,0.394863,-0.686167,0.054926,-0.725398,-0.337343,-0.907478,0.250313,-0.643685,0.416391,0.642117,-0.012359,0.002246,0.001498,1.225431,-0.578484,-0.743921,0.044993,-0.148546,0.02501,0.330349,0.699907,0.190793,0.688273,-0.359113,0.926942,0.108397,-0.618168,-0.323284,0.716393,0.000989,-0.00806,0.0104,0.381431,0.296905,0.244193,0.245154,0.020279,0.030721,-0.015958,-0.67705,-0.234618,0.697535,0.388068,-0.919154,0.067511,0.625304,0.3164,0.713361,-0.000184,0.002599,0.002074,1.537966,0.865443,0.768583,0.212643,0.083156,0.037445,-0.043631,-0.658819,-0.01398,-0.75217,-0.180505,-0.967682,0.176089,-0.730324,0.251781,0.635005,-4.9e-05,2.2e-05,-1.7e-05,4.048101,-1.565327,-3.228473,-0.107791
3,0.09177,0.026049,0.394869,-0.671964,0.016026,-0.74044,-0.274958,-0.93371,0.229249,-0.686852,0.357612,0.632752,8e-06,2.5e-05,1.4e-05,0.388519,-0.374668,0.221034,0.057493,-0.148472,0.024828,0.331122,0.698283,0.177714,0.693405,-0.350228,0.929591,0.114611,-0.625073,-0.323112,0.710455,0.00115,-0.005188,0.029517,-0.253288,0.327613,0.033072,0.301798,0.020316,0.030626,-0.015593,-0.67606,-0.222149,0.70256,0.378919,-0.922552,0.072915,0.631951,0.315508,0.707878,-0.006059,-0.002562,0.015414,-0.491541,0.257994,0.438979,0.245954,0.0831,0.037476,-0.043624,-0.637777,-0.049409,-0.768633,-0.113182,-0.981094,0.156979,-0.761859,0.187113,0.620128,-3.9e-05,9.4e-05,-0.0,4.114082,-1.533898,-2.971726,-0.133917
4,0.091762,0.026035,0.394907,-0.665165,0.003172,-0.746719,-0.252028,-0.942266,0.220429,-0.702086,0.334807,0.628496,4e-05,0.000134,7.6e-05,4.139662,-1.391742,-3.115703,0.089399,-0.148503,0.024581,0.33281,0.714458,0.160094,0.68111,-0.347576,0.926005,0.147106,-0.608039,-0.342047,0.716348,-0.011685,-0.005246,0.047385,-0.480745,0.227544,0.414705,0.343596,0.020306,0.030505,-0.014741,-0.693171,-0.205272,0.690924,0.377117,-0.920199,0.104954,0.614244,0.333311,0.715267,0.001242,-0.006846,0.028119,-0.80116,-0.3313,1.004092,0.297881,0.083098,0.037472,-0.043604,-0.628872,-0.057269,-0.775396,-0.09315,-0.98455,0.148264,-0.771908,0.165468,0.613822,3.7e-05,0.000102,6.6e-05,0.020224,-0.261873,0.543583,-0.100769
5,0.091798,0.026012,0.394916,-0.66274,-0.000583,-0.748879,-0.244885,-0.944853,0.217382,-0.706888,0.327452,0.626986,1e-06,2e-06,1e-06,4.151604,-1.374891,-3.107348,0.102444,-0.148568,0.024354,0.333898,0.729039,0.138354,0.670337,-0.328086,0.930086,0.165024,-0.601538,-0.340418,0.722586,0.00253,-0.013395,0.056366,0.53311,-0.288899,1.969683,0.362544,0.020267,0.030406,-0.014216,-0.705303,-0.187692,0.683606,0.364043,-0.923346,0.122081,0.608291,0.334966,0.719567,-0.005345,-0.007047,0.028541,-0.171299,0.12865,0.418252,0.321721,0.083115,0.037461,-0.043599,-0.625754,-0.060376,-0.777679,-0.085587,-0.985665,0.145391,-0.775309,0.157539,0.611617,0.006125,-0.001318,-0.000857,0.007509,-0.10252,0.214054,-0.081664
6,0.091887,0.025985,0.394898,-0.663192,-0.013717,-0.748354,-0.227207,-0.948963,0.218674,-0.712339,0.315065,0.627163,-9e-06,-3e-05,-1.7e-05,4.142242,-1.295258,-3.287192,0.120969,-0.148522,0.023818,0.336012,0.758641,0.074386,0.647241,-0.257844,0.946553,0.193616,-0.599183,-0.313874,0.736428,0.002591,-0.014224,0.055558,-0.157829,-0.701559,1.171323,0.366214,0.020291,0.03014,-0.013108,-0.740057,-0.118422,0.662035,0.28902,-0.944842,0.154072,0.607274,0.305364,0.733464,0.001243,-0.006965,0.027899,-0.185099,-0.754116,1.210681,0.345888,0.08316,0.037447,-0.043608,-0.623311,-0.075857,-0.778285,-0.063677,-0.987054,0.147203,-0.779376,0.141312,0.610412,-8e-05,-1.7e-05,-7.8e-05,4.141907,-1.305253,-3.280745,-0.051945
7,0.091894,0.026007,0.394911,-0.667843,-0.025272,-0.743903,-0.211652,-0.95172,0.222272,-0.712778,0.305917,0.631181,0.0003,0.00101,0.000573,0.037119,-0.002901,-0.024994,0.157209,-0.148291,0.023458,0.338298,0.764458,0.034747,0.64373,-0.210733,0.957087,0.198772,-0.610144,-0.28766,0.738132,0.01384,0.005922,0.053025,0.064917,-0.079078,0.296799,0.319188,0.020402,0.02995,-0.01199,-0.746978,-0.079009,0.660136,0.242424,-0.956921,0.159785,0.619074,0.279389,0.733953,0.000932,-0.002901,0.030913,0.385533,0.410645,-0.026617,0.319762,0.083163,0.037456,-0.043602,-0.625923,-0.089328,-0.774751,-0.046327,-0.987405,0.151274,-0.778507,0.130578,0.613901,0.0002,0.000667,0.000381,0.105985,-0.052329,-0.09376,-0.018634
8,0.091863,0.026045,0.394911,-0.670655,-0.027606,-0.741286,-0.211133,-0.950872,0.226356,-0.710286,0.308346,0.632806,0.000258,0.000868,0.000492,-0.03205,0.042043,-0.052604,0.181924,-0.148216,0.023543,0.3394,0.764232,0.023328,0.644513,-0.196487,0.960188,0.198409,-0.61517,-0.278307,0.737546,-0.000721,0.019158,0.047608,-0.046281,-0.16187,0.253592,0.285538,0.020445,0.029995,-0.01142,-0.747089,-0.067479,0.66129,0.228095,-0.960455,0.159682,0.624364,0.270134,0.732937,-0.000422,0.009872,0.024025,-0.054792,-0.174808,0.26032,0.278613,0.083148,0.037477,-0.043602,-0.628236,-0.092403,-0.772515,-0.046141,-0.986749,0.155551,-0.776652,0.133367,0.615648,0.000139,0.000467,0.000268,-0.034225,0.036793,-0.050371,0.011901
9,0.091772,0.026096,0.394885,-0.670576,-0.036028,-0.740996,-0.19939,-0.953317,0.22672,-0.713742,0.299819,0.633015,-0.00012,-0.000404,-0.000229,0.0,0.0,0.0,0.219629,-0.148285,0.024399,0.341307,0.750841,-0.006071,0.660448,-0.160693,0.968162,0.19176,-0.641513,-0.250113,0.725098,-0.002176,0.0332,0.041253,3.350852,1.463605,4.354404,0.287485,0.020411,0.030415,-0.010477,-0.734704,-0.044231,0.676943,0.198274,-0.9683,0.151923,0.648765,0.24584,0.720184,-0.007627,0.015996,0.020779,-0.259876,0.60286,0.228996,0.243995,0.083103,0.037504,-0.043614,-0.626602,-0.10063,-0.772814,-0.034219,-0.987119,0.15628,-0.778587,0.12437,0.615088,-8.1e-05,-0.000279,-0.000157,-0.001174,0.000621,0.001448,0.068563
10,0.091768,0.026104,0.394844,-0.670487,-0.035936,-0.741081,-0.199397,-0.953354,0.226561,-0.713823,0.299714,0.632973,-0.000145,-0.000487,-0.000277,0.0,0.0,0.0,0.251774,-0.148763,0.025476,0.342893,0.733812,-0.018674,0.679089,-0.15331,0.969216,0.192485,-0.662683,-0.245345,0.707474,-0.01471,0.02707,0.037402,-0.474303,0.65961,0.284485,0.31749,0.020175,0.030968,-0.009675,-0.717967,-0.027375,0.695538,0.185146,-0.970741,0.152909,0.671002,0.23856,0.702028,-0.007387,0.013564,0.018735,-0.168301,0.228644,0.003485,0.253139,0.083101,0.037507,-0.043634,-0.626537,-0.100477,-0.772887,-0.034273,-0.987144,0.156114,-0.778637,0.124301,0.615038,-9e-05,-0.000307,-0.000175,-0.000983,0.0002,0.000798,0.113795
11,0.091772,0.026127,0.394834,-0.670636,-0.0393,-0.740776,-0.198989,-0.952468,0.230607,-0.713798,0.302102,0.631865,7.2e-05,0.000241,0.000137,-0.007371,-0.004507,-0.008602,0.271432,-0.149088,0.025972,0.343552,0.72723,-0.023477,0.685985,-0.156249,0.967445,0.19892,-0.66922,-0.251825,0.698993,-0.015549,0.03391,0.025993,-0.476115,0.721926,0.316406,0.33995,0.020013,0.031218,-0.009338,-0.711383,-0.02257,0.702441,0.188229,-0.969088,0.159487,0.677129,0.245677,0.693641,-0.007216,0.011687,0.017262,-0.221052,0.402841,-0.127523,0.274367,0.083102,0.037517,-0.04364,-0.625952,-0.103989,-0.772896,-0.034226,-0.986451,0.16044,-0.779109,0.126881,0.613913,0.000493,0.00527,-0.004549,0.035155,0.006414,0.011282,0.138615
12,0.091782,0.026133,0.394826,-0.672362,-0.040982,-0.739117,-0.198316,-0.951997,0.23312,-0.712359,0.303365,0.632884,0.0,0.0,0.0,-1e-06,-2e-06,-1e-06,0.303492,-0.149611,0.027123,0.344514,0.714376,-0.034169,0.698921,-0.160751,0.964012,0.211599,-0.681878,-0.263479,0.682264,-0.015097,0.029015,0.022141,-0.346225,0.549242,0.198216,0.378905,0.019745,0.031805,-0.008847,-0.697672,-0.010728,0.716336,0.193042,-0.965719,0.173549,0.689919,0.259363,0.675826,-0.007547,0.014236,0.01088,-0.385456,0.597701,0.227659,0.325804,0.083108,0.037521,-0.043644,-0.627563,-0.105881,-0.771331,-0.03374,-0.986079,0.162811,-0.777833,0.1282,0.615255,0.0,1e-06,2e-06,0.000776,-0.000653,0.002373,0.186785
13,0.091783,0.026132,0.394837,-0.676216,-0.044917,-0.735363,-0.196533,-0.950973,0.23874,-0.709197,0.306013,0.635155,0.000196,0.000658,0.000373,-0.0,-0.0,-0.0,0.319297,-0.149856,0.028508,0.345246,0.704677,-0.060583,0.706931,-0.149815,0.961107,0.231866,-0.694351,-0.269232,0.667273,-0.002285,0.031114,0.02227,-0.373533,0.578833,0.258187,0.416837,0.019623,0.032491,-0.008487,-0.688562,0.015655,0.725007,0.182501,-0.963847,0.194139,0.701836,0.265992,0.660811,-0.001155,0.015524,0.011115,-0.417598,0.6361,0.290022,0.372995,0.083108,0.03752,-0.043639,-0.630795,-0.11067,-0.768016,-0.032392,-0.985157,0.168565,-0.775272,0.131208,0.617847,0.000109,0.000372,0.000213,0.000874,-0.00162,0.002403,0.222383
14,0.091786,0.026148,0.394835,-0.676629,-0.045539,-0.734945,-0.196012,-0.950937,0.23931,-0.708947,0.306033,0.635425,1e-06,4e-06,2e-06,-0.0,-0.0,-0.0,0.312744,-0.149895,0.029658,0.345988,0.6944,-0.077096,0.715441,-0.14553,0.958578,0.244707,-0.705527,-0.273954,0.653486,-0.001874,0.0254,0.017996,-0.19633,0.340988,0.061638,0.439879,0.019603,0.033072,-0.008111,-0.678117,0.032823,0.73422,0.178446,-0.961755,0.207806,0.712961,0.271936,0.646325,-0.000934,0.012504,0.00886,-0.165518,0.302327,0.037335,0.409572,0.08311,0.037529,-0.043639,-0.631094,-0.111357,-0.76767,-0.031926,-0.985074,0.169139,-0.775048,0.131251,0.618119,-3e-06,-9e-06,-6e-06,-0.000263,3.8e-05,0.000264,0.228261
15,0.091785,0.026148,0.394823,-0.676628,-0.045547,-0.734945,-0.195989,-0.950945,0.239299,-0.708954,0.306009,0.635428,-1.5e-05,-4.9e-05,-2.8e-05,-0.0,-0.0,-0.0,0.309284,-0.149899,0.030109,0.346329,0.689921,-0.082165,0.7192,-0.146509,0.957051,0.250043,-0.709705,-0.277783,0.647316,-0.001607,0.021738,0.015335,-0.143316,0.265957,0.010557,0.449501,0.019602,0.033284,-0.00795,-0.673898,0.037887,0.737851,0.179368,-0.960416,0.213136,0.71672,0.275979,0.640427,0.005555,0.011594,0.007629,-0.173794,0.287337,0.100267,0.423941,0.083109,0.037529,-0.043645,-0.631092,-0.11136,-0.767672,-0.031908,-0.985076,0.169128,-0.77505,0.13123,0.618121,-8e-06,-3e-05,-1.7e-05,-0.000232,3.7e-05,0.000198,0.225812
16,0.091756,0.026146,0.394834,-0.676531,-0.045393,-0.735044,-0.19613,-0.950948,0.239171,-0.709008,0.306022,0.635362,-0.0,-0.0,-0.0,-0.0,-0.0,-0.0,0.307897,-0.149789,0.030814,0.34681,0.682342,-0.090647,0.725385,-0.148167,0.954463,0.258807,-0.716652,-0.283966,0.636896,0.011527,0.017292,0.011021,-0.123211,0.139955,0.204179,0.462251,0.019656,0.033652,-0.007699,-0.666331,0.046186,0.744223,0.181279,-0.9581,0.221764,0.723284,0.282681,0.63004,0.005783,0.008295,0.005262,-0.106303,0.118135,0.190162,0.444026,0.083095,0.037528,-0.043639,-0.631022,-0.111178,-0.767756,-0.032052,-0.985095,0.168994,-0.775102,0.131247,0.618053,2e-06,0.0,-0.0,-0.00015,4.6e-05,0.000129,0.221403
17,0.091708,0.026141,0.394844,-0.676614,-0.045504,-0.734961,-0.196056,-0.950932,0.239295,-0.708949,0.306055,0.635412,-3e-06,-1e-05,-5e-06,-0.0,-0.0,-0.0,0.310583,-0.149606,0.031323,0.347147,0.677155,-0.095028,0.729673,-0.149909,0.952938,0.263381,-0.721194,-0.287622,0.630093,-0.000832,0.01104,0.007705,-0.058586,0.157948,-0.09766,0.472047,0.019743,0.033896,-0.007537,-0.661156,0.050701,0.748532,0.183044,-0.956662,0.226475,0.727576,0.28675,0.623222,-0.000418,0.005476,0.003817,-0.044802,0.130745,-0.079633,0.459212,0.08307,0.037525,-0.043635,-0.631087,-0.111304,-0.767684,-0.031992,-0.985075,0.169122,-0.77505,0.131291,0.618108,1e-06,2e-06,3e-06,-0.000112,1.6e-05,8.1e-05,0.221893
18,0.091689,0.026137,0.394853,-0.67665,-0.045547,-0.734925,-0.196037,-0.950921,0.239354,-0.70892,0.306083,0.635431,0.000198,0.000663,0.000376,-0.0,-0.0,-0.0,0.314114,-0.149525,0.031512,0.347271,0.675394,-0.096472,0.731114,-0.150517,0.952427,0.264878,-0.722716,-0.288828,0.627793,-0.000729,0.009631,0.00671,-0.029056,0.02968,0.054892,0.474262,0.019788,0.033994,-0.007473,-0.659382,0.052028,0.750005,0.183723,-0.956204,0.227855,0.729013,0.288037,0.620945,0.005999,0.005192,0.003067,-0.018641,0.092489,-0.101045,0.463621,0.08306,0.037521,-0.043631,-0.631117,-0.111353,-0.767652,-0.03198,-0.985065,0.169183,-0.775027,0.131324,0.61813,0.000136,0.00046,0.000263,-9e-05,1.2e-05,6.9e-05,0.223526
19,0.091644,0.026124,0.394903,-0.676676,-0.045534,-0.734902,-0.196129,-0.950882,0.239434,-0.70887,0.306206,0.635428,6.5e-05,0.000217,0.000123,-0.0,-0.0,-0.0,0.322103,-0.149303,0.031874,0.347501,0.670952,-0.101915,0.734457,-0.151316,0.95077,0.27032,-0.726674,-0.292386,0.621545,0.012048,0.009551,0.005542,-0.155203,0.200639,0.210579,0.478016,0.019895,0.034168,-0.007363,-0.655683,0.056357,0.752929,0.184596,-0.954981,0.232235,0.732122,0.291261,0.615762,0.00605,0.004389,0.002499,-0.315352,0.500563,0.168167,0.468193,0.083039,0.037517,-0.043605,-0.631146,-0.111344,-0.76763,-0.032084,-0.985048,0.16926,-0.774999,0.131457,0.618137,-0.000397,-0.004944,0.004737,-0.02831,-0.069239,0.162756,0.23169
20,0.091571,0.026061,0.394971,-0.676878,-0.045741,-0.734704,-0.196107,-0.950796,0.239795,-0.708684,0.306443,0.635521,-1e-05,-3.5e-05,-2e-05,-0.0,-0.0,-0.0,0.326856,-0.149068,0.032169,0.347636,0.669033,-0.103246,0.736021,-0.151992,0.950293,0.271617,-0.7283,-0.293467,0.619128,0.012252,0.006689,0.003545,0.001318,-0.02654,0.056276,0.483001,0.020012,0.034321,-0.007291,-0.653185,0.058629,0.754925,0.185314,-0.9543,0.234453,0.734171,0.293039,0.61247,-0.000177,0.002271,0.00157,-0.00069,0.088811,-0.178534,0.473582,0.083002,0.037485,-0.043571,-0.631314,-0.111595,-0.767455,-0.032094,-0.984985,0.169626,-0.774862,0.131718,0.618254,-8e-06,-2e-05,-1.1e-05,-4.9e-05,-1.6e-05,2.3e-05,0.239528
21,0.091475,0.026028,0.395033,-0.677081,-0.045971,-0.734502,-0.196034,-0.950724,0.24014,-0.708509,0.306633,0.635624,3.1e-05,0.000104,5.9e-05,-0.0,-0.0,-0.0,0.32774,-0.148885,0.032472,0.347662,0.665906,-0.106761,0.738351,-0.152413,0.949288,0.274875,-0.731071,-0.295447,0.614906,-0.000328,0.004207,0.002912,-0.041714,0.060804,0.041331,0.480904,0.020108,0.034471,-0.007279,-0.65012,0.062162,0.757284,0.185811,-0.953381,0.237776,0.736761,0.295295,0.608261,-0.000187,0.002398,0.001657,-0.033811,0.03939,0.062304,0.474888,0.082954,0.037468,-0.04354,-0.631481,-0.111869,-0.767278,-0.032049,-0.984925,0.169979,-0.774728,0.131929,0.618377,1.6e-05,5.9e-05,3.4e-05,-2.9e-05,-1e-06,1.5e-05,0.243447
22,0.091421,0.026032,0.395059,-0.677095,-0.045969,-0.734489,-0.196068,-0.950708,0.240175,-0.708487,0.306683,0.635625,-0.012202,0.002775,0.001797,-0.000984,0.014715,-0.029553,0.328392,-0.148807,0.032659,0.347665,0.664595,-0.108849,0.739227,-0.15226,0.948768,0.276747,-0.732294,-0.296349,0.613013,0.012257,0.006377,0.003321,-0.018326,0.002076,0.075744,0.477898,0.020148,0.034564,-0.007279,-0.648768,0.064379,0.758258,0.185699,-0.952899,0.239789,0.737981,0.296375,0.606255,0.006132,0.003152,0.00163,0.008348,-0.0315,0.054589,0.472112,0.082932,0.03747,-0.043528,-0.631486,-0.11185,-0.767276,-0.0321,-0.984921,0.169996,-0.774721,0.131979,0.618374,1.9e-05,6.4e-05,3.7e-05,-1.6e-05,1e-05,2.4e-05,0.2441
23,0.091262,0.026059,0.395077,-0.677574,-0.042274,-0.734269,-0.201435,-0.949509,0.240475,-0.706522,0.310894,0.635766,-2.8e-05,-9.3e-05,-5.3e-05,-0.0,0.0,0.0,0.328914,-0.1486,0.033015,0.347665,0.660652,-0.115087,0.741813,-0.152059,0.9471,0.282513,-0.735894,-0.299304,0.607239,-0.000283,0.003573,0.002467,-0.019905,0.028976,0.019732,0.473315,0.020251,0.034744,-0.007277,-0.644893,0.070704,0.760994,0.185603,-0.951415,0.245682,0.741393,0.299682,0.600438,-0.000138,0.001753,0.001209,0.013254,-0.012564,-0.006422,0.465254,0.082848,0.037484,-0.043518,-0.632634,-0.108328,-0.766836,-0.037605,-0.984703,0.170129,-0.773536,0.136466,0.618884,-0.006134,0.001276,0.000839,-0.000894,0.014667,-0.029653,0.245407
24,0.091057,0.026095,0.39509,-0.677854,-0.042685,-0.733987,-0.20108,-0.94949,0.240847,-0.706355,0.310897,0.63595,-0.012241,0.002648,0.001724,-0.000984,0.014715,-0.029553,0.329782,-0.148216,0.033306,0.347689,0.656475,-0.127012,0.743572,-0.140787,0.947697,0.286329,-0.741853,-0.2925,0.603292,0.012328,0.005138,0.002455,0.032614,0.001565,0.058945,0.47205,0.020438,0.034886,-0.007267,-0.641112,0.082475,0.763002,0.17444,-0.952524,0.249533,0.747359,0.293077,0.596288,0.005515,0.008499,-0.002554,0.166993,-0.014515,0.152121,0.461825,0.082749,0.037501,-0.043513,-0.632836,-0.108783,-0.766605,-0.037282,-0.984651,0.170501,-0.773387,0.13648,0.619067,-1e-06,-1e-06,3e-06,7.2e-05,-1.1e-05,-5.8e-05,0.247366
25,0.090964,0.026108,0.39511,-0.677988,-0.042868,-0.733853,-0.200945,-0.94947,0.24104,-0.706264,0.310934,0.636033,-0.0,-0.0,-0.0,0.0,0.0,0.0,0.329526,-0.147916,0.033492,0.347754,0.655473,-0.12958,0.744013,-0.140356,0.947027,0.288745,-0.74282,-0.293535,0.601597,0.012032,0.008645,0.004866,-0.207641,0.276886,0.26317,0.470292,0.020584,0.034968,-0.007241,-0.641388,0.083166,0.762695,0.17388,-0.952482,0.250084,0.747252,0.293019,0.59645,0.012361,0.00459,0.002066,-0.284668,0.375843,0.37018,0.459702,0.082699,0.037508,-0.043502,-0.632949,-0.109018,-0.766478,-0.037145,-0.984619,0.170719,-0.773301,0.136527,0.619164,-0.006114,0.001346,0.00088,-0.000923,0.014709,-0.029599,0.247856
26,0.090706,0.026149,0.395161,-0.678282,-0.043269,-0.733558,-0.200647,-0.949426,0.241458,-0.706067,0.311011,0.636214,-0.0,-0.0,-0.0,0.0,0.0,0.0,0.330157,-0.147174,0.033976,0.347984,0.656795,-0.131494,0.74251,-0.13857,0.946784,0.290399,-0.741988,-0.293464,0.602657,0.011664,0.01262,0.007577,0.003947,-0.030383,0.053667,0.468399,0.02096,0.035211,-0.007126,-0.64169,0.086811,0.762034,0.172261,-0.951875,0.253494,0.747368,0.293934,0.595855,0.012107,0.007329,0.003931,0.00817,-0.048995,0.08048,0.456109,0.08257,0.037529,-0.043476,-0.633177,-0.109486,-0.766224,-0.036872,-0.984554,0.171152,-0.773128,0.136621,0.61936,-0.006117,0.001346,0.000879,-0.00095,0.014706,-0.029587,0.248346
27,0.090389,0.026211,0.39518,-0.678706,-0.0439,-0.733128,-0.200095,-0.9494,0.242019,-0.705816,0.311004,0.636496,-0.012442,0.001986,0.001347,-0.000984,0.014715,-0.029553,0.334352,-0.146429,0.034515,0.348296,0.657274,-0.137248,0.741043,-0.131302,0.947308,0.292065,-0.742887,-0.289101,0.603658,0.011647,0.012272,0.007305,1.232624,0.453772,1.054454,0.470777,0.021332,0.035487,-0.006965,-0.642595,0.091379,0.760737,0.166745,-0.952388,0.255249,0.747842,0.290871,0.596762,0.012205,0.006873,0.003557,4.099147,1.576138,3.419715,0.455946,0.082416,0.03756,-0.043467,-0.633487,-0.11019,-0.765866,-0.036365,-0.984473,0.171723,-0.772897,0.136635,0.619645,-0.006278,0.000805,0.00057,-0.000966,0.014705,-0.029575,0.250959
28,0.090109,0.026217,0.3952,-0.67899,-0.044297,-0.732841,-0.199783,-0.949364,0.242415,-0.70563,0.311056,0.636676,-0.000291,-0.000959,-0.000545,0.0,0.0,0.0,0.342557,-0.145857,0.03495,0.348564,0.658198,-0.138616,0.739968,-0.13011,0.94709,0.293303,-0.74228,-0.289161,0.604376,0.011807,0.010038,0.005756,0.004009,-0.030457,0.053616,0.475204,0.021613,0.035705,-0.006831,-0.643352,0.093895,0.75979,0.163931,-0.952534,0.256523,0.747813,0.289588,0.597422,0.005928,0.004713,0.002658,0.00373,-0.030589,0.053365,0.458885,0.082276,0.037563,-0.043457,-0.633706,-0.110651,-0.765618,-0.036078,-0.984412,0.172134,-0.772731,0.136705,0.619836,-0.000214,-0.000704,-0.000395,1e-05,-1.1e-05,-8e-06,0.259123
29,0.090006,0.026201,0.395192,-0.679092,-0.044443,-0.732737,-0.199662,-0.949354,0.242554,-0.705566,0.311066,0.636742,-0.00057,-0.00188,-0.001068,0.0,0.0,0.0,0.344933,-0.145642,0.035104,0.348649,0.65859,-0.139191,0.739511,-0.12959,0.947003,0.29381,-0.742023,-0.289165,0.604688,0.011944,0.008376,0.004617,0.00401,-0.030457,0.053616,0.47588,0.021725,0.035787,-0.006785,-0.643795,0.0945,0.759339,0.1634,-0.952477,0.257073,0.747547,0.289579,0.597759,0.006007,0.003776,0.002018,-0.009787,0.0747,-0.114777,0.460355,0.08222,0.037557,-0.04346,-0.633794,-0.110841,-0.765518,-0.035952,-0.984388,0.172297,-0.772665,0.136723,0.619914,-0.006477,0.000162,0.000206,-0.000985,0.014722,-0.029576,0.263369
30,0.089853,0.026171,0.395132,-0.679343,-0.044847,-0.73248,-0.199265,-0.949359,0.242863,-0.705437,0.310995,0.63692,-0.000629,-0.002071,-0.001177,0.0,0.0,0.0,0.347932,-0.145272,0.035314,0.348723,0.657834,-0.142104,0.73963,-0.128843,0.94625,0.296552,-0.742823,-0.290206,0.603205,-0.000241,0.002664,0.001812,-0.006371,-0.003418,0.032461,0.476317,0.021915,0.035897,-0.006746,-0.643004,0.097647,0.759611,0.162726,-0.951772,0.260094,0.748375,0.29085,0.596104,-9.8e-05,0.001074,0.000723,0.012073,-0.025782,0.018325,0.461825,0.082144,0.037541,-0.04349,-0.633977,-0.111299,-0.7653,-0.035572,-0.984344,0.172623,-0.772532,0.136662,0.620093,-0.000388,-0.001276,-0.000722,2e-06,5e-06,-8e-06,0.269247
31,0.089775,0.026101,0.395037,-0.677842,-0.043571,-0.733946,-0.199554,-0.94987,0.240617,-0.706798,0.30961,0.636085,0.000101,0.007529,-0.010819,0.034664,-0.017679,0.01605,0.351879,-0.145135,0.035277,0.348686,0.655444,-0.147825,0.74063,-0.123545,0.946382,0.298382,-0.745831,-0.286894,0.601075,0.00031,-0.003414,-0.002322,-0.032561,0.058696,0.00533,0.472736,0.021983,0.035883,-0.006761,-0.640759,0.103405,0.760745,0.157475,-0.952117,0.262055,0.751417,0.287712,0.593795,0.000126,-0.0014,-0.000956,-0.019801,0.031401,0.022703,0.460845,0.082104,0.037502,-0.043534,-0.632684,-0.109687,-0.766602,-0.035695,-0.984735,0.170357,-0.773587,0.135146,0.61911,-0.000495,-0.00163,-0.000927,-0.000382,0.000493,-0.000606,0.274962
32,0.089774,0.026045,0.394982,-0.678209,-0.039753,-0.733824,-0.204982,-0.948676,0.240766,-0.704893,0.313754,0.63617,-0.00099,-0.003256,-0.001854,-2e-06,1e-06,2e-06,0.352199,-0.145147,0.035202,0.348637,0.655313,-0.14765,0.74078,-0.123707,0.94641,0.298225,-0.745918,-0.286891,0.600967,0.000422,-0.004644,-0.003161,-0.002416,0.015889,-0.023935,0.464205,0.021977,0.035845,-0.006786,-0.64071,0.103119,0.760825,0.157581,-0.952181,0.261757,0.751437,0.287603,0.593823,0.000191,-0.002105,-0.001435,0.006133,-0.007726,-0.004927,0.456436,0.082104,0.037479,-0.043564,-0.633727,-0.105986,-0.766261,-0.041257,-0.984528,0.170298,-0.772455,0.139536,0.619549,-0.000577,-0.001906,-0.001083,-0.001104,0.012064,-0.026303,0.276759
33,0.089766,0.025937,0.394886,-0.678317,-0.039942,-0.733713,-0.204779,-0.948688,0.24089,-0.704847,0.313693,0.63625,-0.000715,-0.002353,-0.001342,-0.0,0.0,0.0,0.35058,-0.14532,0.035001,0.348446,0.65405,-0.150991,0.741223,-0.11847,0.94726,0.297653,-0.747876,-0.282309,0.600705,-0.013283,0.00336,-0.012259,0.034428,0.006437,-0.010164,0.430722,0.021895,0.035738,-0.00688,-0.639572,0.106401,0.761331,0.152366,-0.95318,0.261211,0.753479,0.283065,0.593415,0.000367,-0.004055,-0.002765,-0.00206,0.014786,-0.02472,0.430963,0.082099,0.037422,-0.043614,-0.6338,-0.106206,-0.76617,-0.041055,-0.984513,0.170434,-0.772406,0.139476,0.619624,-0.000419,-0.001386,-0.000791,9.7e-05,-3.2e-05,-9.7e-05,0.277248
34,0.089689,0.025843,0.394834,-0.678455,-0.040139,-0.733576,-0.204616,-0.948675,0.241078,-0.704762,0.313706,0.636337,-0.012968,0.000334,0.000401,-0.000984,0.014715,-0.029553,0.349238,-0.145578,0.034865,0.348165,0.651866,-0.158225,0.741638,-0.107338,0.948814,0.296925,-0.751457,-0.272969,0.600552,-0.012106,-0.006719,-0.003504,-0.002045,0.015205,-0.029245,0.357478,0.021766,0.035668,-0.007028,-0.637585,0.113691,0.761943,0.141226,-0.955039,0.260679,0.757323,0.273812,0.592863,-0.000358,0.002422,-0.006167,0.034271,0.005917,-0.005647,0.361727,0.082066,0.037375,-0.04364,-0.633894,-0.106416,-0.766062,-0.040913,-0.984488,0.170612,-0.772336,0.139492,0.619707,-0.000402,-0.001321,-0.000752,-0.000872,0.012557,-0.025982,0.276269
35,0.089645,0.025829,0.394826,-0.678462,-0.040149,-0.733568,-0.204608,-0.948675,0.241088,-0.704757,0.313707,0.636343,-0.000185,-0.000608,-0.000347,0.0,0.0,0.0,0.349383,-0.14572,0.034827,0.348022,0.651678,-0.15796,0.74186,-0.107359,0.94894,0.296516,-0.751617,-0.272686,0.60048,0.000518,-0.005828,-0.003989,-0.001968,0.015276,-0.024355,0.296311,0.021691,0.03565,-0.007099,-0.637387,0.113413,0.762151,0.141252,-0.955149,0.260262,0.757486,0.273543,0.59278,-0.006707,0.002388,-0.005646,0.034117,0.00622,-0.010449,0.304739,0.082038,0.037366,-0.043645,-0.63391,-0.106449,-0.766045,-0.040889,-0.984484,0.17064,-0.772324,0.139493,0.619721,-8e-05,-0.000266,-0.000151,6e-05,-8e-06,-4.5e-05,0.275779
36,0.089532,0.025839,0.394845,-0.678632,-0.040383,-0.733397,-0.204431,-0.948651,0.241328,-0.704644,0.313747,0.636448,-0.0,-1e-06,-0.0,0.0,0.0,0.0,0.350176,-0.146077,0.034719,0.347757,0.652481,-0.155105,0.741756,-0.107628,0.949862,0.29345,-0.750882,-0.271117,0.602109,-0.01207,-0.007331,-0.003937,-0.001772,0.014815,-0.029513,0.163996,0.021517,0.035597,-0.007231,-0.638157,0.110476,0.761938,0.141478,-0.955971,0.257103,0.756795,0.271869,0.59443,-0.00662,0.001361,-0.006352,0.027096,0.02779,-0.030788,0.13655,0.081982,0.037372,-0.043635,-0.634041,-0.106722,-0.765898,-0.040726,-0.984447,0.17089,-0.772225,0.139543,0.619834,1.5e-05,5.2e-05,3.2e-05,2.5e-05,-1.9e-05,-3.9e-05,0.276269
37,0.089432,0.025869,0.394853,-0.677293,-0.034991,-0.734912,-0.210492,-0.947903,0.239049,-0.704151,0.316637,0.635562,-3.3e-05,-0.000109,-6.2e-05,1.177729,-1.561405,1.95057,0.349996,-0.146329,0.034612,0.347506,0.654829,-0.150486,0.740638,-0.107623,0.951345,0.288607,-0.748837,-0.268516,0.60581,0.000458,-0.005271,-0.003622,0.078946,-0.100712,-0.103889,0.112624,0.021387,0.035541,-0.007358,-0.640334,0.105939,0.760755,0.141371,-0.957267,0.252297,0.754974,0.269103,0.597994,-0.006108,-0.002848,-0.001406,0.103866,-0.135386,-0.131984,0.019307,0.081932,0.037389,-0.04363,-0.63502,-0.102893,-0.765612,-0.0464,-0.984219,0.170758,-0.771101,0.143959,0.620224,-1.6e-05,-5.3e-05,-2.7e-05,0.000125,-9.3e-05,-0.000143,0.276922
38,0.089313,0.025832,0.394834,-0.677713,-0.031295,-0.734691,-0.21584,-0.946624,0.239351,-0.702128,0.32082,0.635703,-0.012941,0.000446,0.000462,-0.000984,0.014715,-0.029553,0.350278,-0.146464,0.034511,0.347378,0.653532,-0.153792,0.741104,-0.102379,0.952103,0.288014,-0.750703,-0.263914,0.605522,-0.012353,-0.004271,-0.001846,-0.002003,0.01519,-0.029243,0.097273,0.021324,0.035489,-0.007423,-0.639153,0.109184,0.761289,0.136186,-0.95816,0.251757,0.756925,0.264588,0.597542,0.000145,-0.001655,-0.001135,-0.003354,0.016665,-0.023142,-0.025108,0.081879,0.037373,-0.043638,-0.6347,-0.097504,-0.766582,-0.052273,-0.984318,0.168478,-0.770988,0.147005,0.61965,-0.000418,-0.001369,-0.000779,-0.000836,0.012576,-0.02628,0.277575
39,0.089272,0.025802,0.394805,-0.676174,-0.029988,-0.736162,-0.216238,-0.947093,0.237126,-0.703488,0.319557,0.634835,-0.000933,-0.003052,-0.001744,-0.000929,0.012565,-0.025903,0.350194,-0.146498,0.034462,0.347371,0.653506,-0.153738,0.741138,-0.102463,0.952098,0.288001,-0.750714,-0.263964,0.605487,0.000112,-0.0013,-0.000894,0.0,-0.0,-0.0,0.095448,0.021302,0.035462,-0.007428,-0.639107,0.109124,0.761337,0.136289,-0.95815,0.251741,0.756945,0.264651,0.597488,5.9e-05,-0.00067,-0.000459,-0.000253,0.000175,0.000104,-0.035395,0.081854,0.03736,-0.043651,-0.633343,-0.095824,-0.767914,-0.052498,-0.984697,0.166173,-0.772087,0.145559,0.618621,-0.000297,-0.000972,-0.000551,-0.002264,0.00316,-0.004051,0.277575
40,0.089202,0.025699,0.394748,-0.676162,-0.02997,-0.736174,-0.216253,-0.947093,0.237109,-0.703494,0.319555,0.634828,-0.000889,-0.002907,-0.001663,0.0,-0.0,0.0,0.350135,-0.146582,0.034454,0.347432,0.653512,-0.153703,0.74114,-0.102583,0.952068,0.288056,-0.750693,-0.264091,0.605458,-0.000169,0.00196,0.001349,0.0,-0.0,-0.0,0.117582,0.021261,0.035456,-0.007399,-0.639111,0.109089,0.761338,0.136413,-0.958118,0.251796,0.75692,0.264782,0.597462,-0.005788,-0.004888,0.005034,-0.038565,0.024091,-0.048289,-0.032619,0.081819,0.037307,-0.043681,-0.633359,-0.095839,-0.7679,-0.052499,-0.984693,0.166197,-0.772075,0.145576,0.618633,-0.000354,-0.001159,-0.000662,8.7e-05,3.8e-05,-0.000166,0.277738
41,0.089158,0.025598,0.394667,-0.676175,-0.030007,-0.736161,-0.21619,-0.947108,0.237108,-0.703501,0.319508,0.634844,-0.000844,-0.002758,-0.00158,0.0,0.0,0.0,0.350354,-0.146604,0.034413,0.347571,0.652583,-0.157509,0.74116,-0.097265,0.952573,0.288234,-0.752208,-0.259995,0.60535,-0.000163,0.001893,0.001301,0.033178,0.012903,0.027098,0.184967,0.021249,0.035439,-0.007327,-0.638286,0.112895,0.761475,0.131152,-0.958777,0.252081,0.758544,0.260768,0.597168,0.000529,-0.004414,0.004814,0.075287,0.051912,0.072182,0.016368,0.081796,0.037254,-0.043723,-0.633373,-0.0959,-0.76788,-0.052417,-0.984695,0.166214,-0.772068,0.145526,0.618653,-5.5e-05,0.003414,-0.005613,0.034736,-0.017745,0.015968,0.277412
42,0.089126,0.025479,0.394565,-0.676183,-0.030048,-0.736152,-0.216108,-0.947131,0.237091,-0.703519,0.319437,0.634861,-0.00092,-0.003008,-0.001725,0.0,0.0,0.0,0.351519,-0.146644,0.034173,0.347718,0.650485,-0.16486,0.741405,-0.086801,0.95355,0.288344,-0.755301,-0.251719,0.604997,0.001412,-0.012878,0.006845,-0.036477,0.008893,-0.019015,0.311652,0.021229,0.035325,-0.007249,-0.636386,0.120327,0.761927,0.120658,-0.960071,0.252396,0.761875,0.252554,0.596457,0.000714,-0.006577,0.003331,-0.036676,0.008551,-0.019271,0.150919,0.08178,0.037194,-0.043774,-0.633373,-0.095945,-0.767874,-0.052329,-0.984702,0.1662,-0.772074,0.145449,0.618664,-0.000555,-0.001821,-0.001044,6.6e-05,-4e-06,-3.5e-05,0.277738
43,0.089105,0.02542,0.394508,-0.676193,-0.030082,-0.736141,-0.216049,-0.947146,0.237087,-0.703528,0.31939,0.634874,-0.001046,-0.003418,-0.001962,0.0,0.0,0.0,0.352978,-0.146704,0.034008,0.347741,0.650311,-0.164553,0.741626,-0.087281,0.953531,0.28826,-0.755396,-0.251989,0.604766,0.000288,-0.003371,-0.002319,0.0,-0.0,-0.0,0.360387,0.021199,0.035244,-0.007237,-0.636199,0.120014,0.762133,0.121141,-0.960035,0.252301,0.761954,0.252839,0.596235,-0.005501,-0.008333,0.002668,-0.040704,0.039268,-0.072844,0.223257,0.081769,0.037165,-0.043802,-0.633378,-0.095981,-0.767867,-0.052266,-0.984706,0.166197,-0.772075,0.145399,0.618674,-0.000531,-0.001742,-0.001,4.4e-05,-1.1e-05,-3.8e-05,0.278718
44,0.089084,0.025291,0.394423,-0.676276,-0.030211,-0.73606,-0.215927,-0.947147,0.237191,-0.703485,0.319374,0.63493,-0.000847,-0.002766,-0.00159,0.0,0.0,0.0,0.358154,-0.147039,0.033602,0.347647,0.647541,-0.170952,0.742602,-0.077349,0.954657,0.287371,-0.758851,-0.243317,0.603991,-0.010642,-0.021138,0.002244,-0.040209,0.039485,-0.072397,0.395032,0.021035,0.035052,-0.007283,-0.633606,0.126507,0.763242,0.111152,-0.961419,0.251628,0.765629,0.244269,0.595099,-0.005941,-0.005105,-0.002966,-0.003096,0.029821,-0.053319,0.317639,0.081758,0.0371,-0.043846,-0.633439,-0.096129,-0.767797,-0.052148,-0.984693,0.166308,-0.772032,0.145385,0.618731,-0.000504,-0.00165,-0.000949,3.1e-05,-9e-06,-1.8e-05,0.282964
45,0.089034,0.025192,0.394366,-0.676378,-0.030355,-0.73596,-0.215808,-0.94714,0.23733,-0.703423,0.319383,0.634994,-0.000855,-0.002792,-0.001607,-0.000935,0.012579,-0.025912,0.360798,-0.147643,0.032896,0.34756,0.643255,-0.180385,0.744094,-0.062675,0.956108,0.286118,-0.763835,-0.230464,0.602749,-0.010599,-0.022283,0.001435,-0.040473,0.039401,-0.072609,0.407654,0.020733,0.034694,-0.00733,-0.629547,0.13601,0.764965,0.096475,-0.963255,0.250662,0.770949,0.231604,0.593292,-0.011619,-0.011867,0.000773,-0.042791,0.053818,-0.102431,0.348011,0.081734,0.037052,-0.043873,-0.633509,-0.096279,-0.767721,-0.052048,-0.984677,0.166436,-0.771982,0.145397,0.618791,-0.000215,-0.00071,-0.000408,2.7e-05,1.6e-05,-1e-05,0.287536
46,0.089016,0.025165,0.39435,-0.676359,-0.030328,-0.735978,-0.215831,-0.947141,0.237304,-0.703435,0.319381,0.634982,-0.000451,-0.001474,-0.000848,0.0,0.0,0.0,0.361467,-0.147973,0.032452,0.347616,0.643334,-0.181526,0.743748,-0.058042,0.957047,0.283946,-0.764135,-0.225621,0.604199,-0.023433,-0.021822,0.002844,0.205258,-0.307858,-0.348155,0.413087,0.020574,0.034467,-0.007305,-0.62839,0.138775,0.765419,0.091984,-0.963799,0.250259,0.77244,0.227666,0.592877,-0.005393,-0.010211,0.001372,0.252649,-0.403129,-0.338591,0.357808,0.081724,0.037036,-0.043882,-0.633503,-0.096266,-0.767727,-0.052056,-0.984678,0.166424,-0.771986,0.145396,0.618785,-0.000257,-0.000845,-0.000486,1.7e-05,-2e-06,-1.2e-05,0.289495
47,0.088988,0.025108,0.394318,-0.676309,-0.030256,-0.736028,-0.21589,-0.947145,0.237235,-0.703465,0.319376,0.634951,-0.000627,-0.002046,-0.001179,-0.000935,0.012579,-0.025912,0.362445,-0.148596,0.031427,0.348093,0.641658,-0.185111,0.744312,-0.050197,0.958148,0.281721,-0.766098,-0.217907,0.604544,-0.010169,-0.024343,0.015802,-0.053133,0.001416,-0.088493,0.419576,0.020258,0.033946,-0.007078,-0.628263,0.140547,0.7652,0.083869,-0.96558,0.246211,0.773466,0.218862,0.594851,-0.011459,-0.012532,0.00821,-0.071991,0.03633,-0.105543,0.370055,0.081711,0.03701,-0.043897,-0.633456,-0.096165,-0.767779,-0.052123,-0.98469,0.166337,-0.77202,0.145386,0.618745,-8.3e-05,-0.000276,-0.00016,1.4e-05,2.2e-05,-1.6e-05,0.290965
48,0.088976,0.025063,0.394303,-0.6763,-0.030234,-0.736037,-0.215924,-0.947138,0.237232,-0.703463,0.3194,0.634942,-0.000187,-0.00061,-0.000352,0.0,0.0,0.0,0.362458,-0.149216,0.030252,0.349051,0.63883,-0.193497,0.744611,-0.03254,0.960119,0.277571,-0.769408,-0.201317,0.60609,-0.009432,-0.02976,0.027903,4.014021,1.548435,3.279398,0.433372,0.019948,0.033361,-0.006604,-0.626725,0.145135,0.765604,0.071835,-0.967557,0.242223,0.775922,0.206805,0.595966,-0.010475,-0.021145,0.018073,-0.166039,0.08321,-0.125183,0.383445,0.081704,0.036985,-0.043906,-0.633459,-0.09616,-0.767777,-0.052145,-0.984687,0.166349,-0.772016,0.145411,0.618745,-0.0001,-0.00033,-0.000191,1e-05,5e-06,-3e-06,0.292271
49,0.088955,0.024989,0.394272,-0.676335,-0.030273,-0.736003,-0.215907,-0.947127,0.237289,-0.703435,0.319427,0.634959,-0.000794,-0.002591,-0.001494,-0.000935,0.012578,-0.025913,0.363861,-0.149852,0.028989,0.350295,0.643818,-0.183122,0.742937,-0.037812,0.962067,0.270056,-0.764999,-0.201738,0.611507,-0.00962,-0.027752,0.029358,-0.019628,-0.108932,-0.151706,0.455227,0.019637,0.032749,-0.005992,-0.630374,0.138724,0.763795,0.071135,-0.96944,0.234783,0.773024,0.202334,0.601242,-0.004866,-0.013407,0.015015,0.010496,-0.157252,-0.184551,0.407286,0.081696,0.036953,-0.043918,-0.633479,-0.096189,-0.767756,-0.052144,-0.984679,0.166391,-0.772,0.14544,0.618758,-0.000245,-0.000798,-0.000458,4e-06,-7e-06,-4e-06,0.292924
50,0.088944,0.024952,0.394251,-0.676314,-0.030244,-0.736023,-0.215931,-0.947129,0.23726,-0.703447,0.319425,0.634946,-0.000656,-0.002141,-0.001235,0.0,0.0,0.0,0.365171,-0.150166,0.02845,0.35088,0.646382,-0.178108,0.741929,-0.04016,0.963012,0.266323,-0.762715,-0.201728,0.614357,-0.009771,-0.025882,0.030676,-0.015021,-0.116693,-0.156372,0.462434,0.019469,0.032453,-0.005675,-0.632942,0.133322,0.762632,0.073656,-0.970222,0.230742,0.770686,0.202219,0.604275,-0.004921,-0.012764,0.015471,-0.042528,-0.082401,-0.136233,0.421002,0.081689,0.036932,-0.043931,-0.633472,-0.096173,-0.767765,-0.052155,-0.984681,0.166377,-0.772005,0.145438,0.618752,-0.000344,-0.001121,-0.000646,4e-06,-1e-06,-6e-06,0.293904
51,0.088896,0.024861,0.394198,-0.676405,-0.030373,-0.735934,-0.215825,-0.947122,0.237384,-0.703392,0.319433,0.635004,-0.000803,-0.00262,-0.001513,0.0,0.0,0.0,0.36692,-0.150806,0.027811,0.351961,0.651898,-0.168891,0.739254,-0.043575,0.964856,0.259014,-0.757819,-0.200861,0.620668,-0.012508,0.001301,0.017772,0.101136,-0.201972,-0.161612,0.467673,0.019154,0.032131,-0.005143,-0.637855,0.124519,0.760022,0.077015,-0.971583,0.223815,0.766295,0.201295,0.61014,-0.005723,-0.004312,0.013393,0.11688,-0.280513,-0.201816,0.434718,0.081665,0.036887,-0.043956,-0.633542,-0.096322,-0.767688,-0.052056,-0.984665,0.166506,-0.771955,0.145451,0.618812,-0.000466,-0.001522,-0.000878,-0.000941,0.01257,-0.025926,0.297496
52,0.088747,0.024823,0.394179,-0.676604,-0.03065,-0.73574,-0.215596,-0.947108,0.23765,-0.703271,0.31945,0.635129,-0.000179,-0.000583,-0.000337,0.0,0.0,0.0,0.366684,-0.151108,0.028083,0.352811,0.653636,-0.16711,0.738123,-0.044447,0.965086,0.258009,-0.75627,-0.201251,0.622428,-0.000356,0.010942,0.023218,-0.029923,-0.036767,0.054081,0.470116,0.018999,0.032259,-0.004723,-0.639759,0.122375,0.758769,0.077981,-0.971812,0.222484,0.764608,0.201506,0.612183,-0.007123,0.010163,0.007475,-0.008355,-0.001015,0.02802,0.44174,0.081589,0.036864,-0.043969,-0.633694,-0.096643,-0.767522,-0.051843,-0.984629,0.166783,-0.771844,0.14548,0.618944,-0.006225,0.001101,0.000733,-0.000986,0.014721,-0.029562,0.29815
53,0.088615,0.024837,0.3942,-0.676802,-0.030917,-0.735546,-0.215391,-0.947086,0.237925,-0.703143,0.319491,0.63525,-9e-06,-2.9e-05,-1.7e-05,0.0,0.0,0.0,0.368001,-0.151139,0.028531,0.35314,0.653896,-0.167546,0.737793,-0.044118,0.964996,0.258399,-0.756065,-0.201315,0.622657,-0.001661,0.023799,0.016161,0.005698,-0.044398,0.073959,0.472157,0.018984,0.032468,-0.004557,-0.639921,0.122853,0.758556,0.077765,-0.971716,0.222978,0.764495,0.201678,0.612268,-0.00085,0.011978,0.008141,0.004306,-0.042227,0.075417,0.443863,0.081528,0.036869,-0.043959,-0.633839,-0.096933,-0.767366,-0.051668,-0.984593,0.167051,-0.771736,0.145532,0.619065,1.8e-05,6.1e-05,3.9e-05,-7e-06,-1.1e-05,-1e-05,0.298639
54,0.088335,0.024908,0.394269,-0.677108,-0.03132,-0.735248,-0.215088,-0.947048,0.238349,-0.702942,0.319564,0.635436,-0.012245,0.00287,0.001847,-0.000984,0.014715,-0.029553,0.373076,-0.150997,0.029593,0.353733,0.651207,-0.172055,0.739133,-0.0435,0.963824,0.26284,-0.758417,-0.203109,0.619204,0.010853,0.026709,0.016921,-0.270474,0.459476,0.17039,0.475128,0.019049,0.033016,-0.004254,-0.638556,0.126199,0.759156,0.076977,-0.971041,0.22617,0.765714,0.20286,0.61035,0.004774,0.019624,0.004853,-0.247301,0.38124,0.41683,0.447945,0.081389,0.036907,-0.043923,-0.634078,-0.097404,-0.767108,-0.051392,-0.984532,0.167491,-0.771558,0.145626,0.619265,2.3e-05,7.9e-05,5.1e-05,0.0,1.4e-05,-7e-06,0.303702
55,0.08804,0.024935,0.394301,-0.677402,-0.031718,-0.73496,-0.214773,-0.947018,0.23875,-0.702754,0.319613,0.635619,-0.012564,0.001842,0.001253,-0.000984,0.014715,-0.029553,0.374642,-0.150712,0.030766,0.354382,0.646936,-0.178449,0.741365,-0.043017,0.962071,0.269266,-0.762089,-0.205874,0.613758,0.01064,0.028585,0.018005,-0.091897,0.174326,0.018995,0.481962,0.019192,0.033604,-0.003929,-0.633072,0.13416,0.762378,0.0768,-0.969121,0.234316,0.770273,0.20689,0.60322,0.005312,0.014292,0.009,-0.083198,0.094726,0.170683,0.45366,0.081241,0.036922,-0.043906,-0.634307,-0.097866,-0.76686,-0.051102,-0.984477,0.167907,-0.771389,0.145693,0.61946,-0.006324,0.000788,0.000554,-0.000985,0.014719,-0.029555,0.307784
56,0.087903,0.024934,0.394314,-0.675917,-0.030465,-0.736378,-0.215156,-0.947467,0.236616,-0.704066,0.318401,0.634776,-0.000322,-0.00104,-0.000601,2e-06,-3e-06,3e-06,0.375532,-0.150557,0.031373,0.354722,0.643713,-0.182088,0.743282,-0.043283,0.960988,0.273061,-0.764797,-0.207724,0.609753,0.010515,0.029728,0.01867,-0.061197,0.127574,-0.011473,0.485568,0.019269,0.033906,-0.003759,-0.629708,0.138062,0.764464,0.077142,-0.968102,0.238382,0.772992,0.209084,0.598971,0.005248,0.014889,0.009348,-0.033121,0.094125,-0.030472,0.459865,0.081169,0.036923,-0.043899,-0.633007,-0.096268,-0.768136,-0.051313,-0.984838,0.165712,-0.772443,0.144312,0.618469,-0.006344,0.000729,0.000519,0.00321,-0.069075,0.145676,0.308763
