frame,MLTx,MLTy,MLTz,MLTR1,MLTR2,MLTR3,MLTR4,MLTR5,MLTR6,MLTR7,MLTR8,MLTR9,MLTTVx,MLTTVy,MLTTVz,MLTRVx,MLTRVy,MLTRVz,MLGA,MRTx,MRTy,MRTz,MRTR1,MRTR2,MRTR3,MRTR4,MRTR5,MRTR6,MRTR7,MRTR8,MRTR9,MRTTVx,MRTTVy,MRTTVz,MRTRVx,MRTRVy,MRTRVz,MRGA,SLTx,SLTy,SLTz,SLTR1,SLTR2,SLTR3,SLTR4,SLTR5,SLTR6,SLTR7,SLTR8,SLTR9,SLTTVx,SLTTVy,SLTTVz,SLTRVx,SLTRVy,SLTRVz,SLGA,SRTx,SRTy,SRTz,SRTR1,SRTR2,SRTR3,SRTR4,SRTR5,SRTR6,SRTR7,SRTR8,SRTR9,SRTTVx,SRTTVy,SRTTVz,SRTRVx,SRTRVy,SRTRVz,SRGA
243,0.144186,-0.05506,0.277657,-0.624029,0.351909,-0.697706,-0.617831,-0.768845,0.164722,-0.47769,0.533415,0.698075,-2e-06,-1.4e-05,-2.2e-05,3.761001,-1.086666,-3.958147,0.521695,-0.190292,-0.069408,0.301579,-0.551367,-0.796202,0.249096,0.821897,-0.467522,0.325334,-0.141885,0.385114,0.911822,-0.000718,0.009918,-0.009791,0.020562,0.082281,-0.156999,-0.377557,0.031618,0.019664,-0.005207,0.60544,0.766005,0.216049,-0.77615,0.508171,0.373299,0.176159,-0.393697,0.902202,-0.000363,0.004881,-0.005006,0.051978,-0.019751,0.020092,-0.486241,0.074684,0.021988,-0.065566,0.627654,-0.343879,-0.698424,0.597441,0.787959,0.148941,0.499112,-0.510751,0.700013,-2e-06,-5e-06,-9e-06,-0.146866,-0.259577,-0.141926,0.519735
244,0.144243,-0.055097,0.277602,-0.63186,0.334769,-0.699091,-0.599215,-0.783058,0.166536,-0.490898,0.523713,0.696255,-0.000203,-0.001262,-0.001972,0.062312,-0.102898,-0.148254,0.521973,-0.190276,-0.069123,0.301284,-0.544203,-0.80021,0.25199,0.825822,-0.458331,0.328458,-0.146661,0.387856,0.909902,-0.000748,0.009603,-0.010244,0.023419,0.002754,0.025866,-0.542202,0.031625,0.019807,-0.005354,0.598586,0.770386,0.219544,-0.780414,0.499012,0.376749,0.180688,-0.396852,0.899922,-0.000381,0.004674,-0.0053,0.053559,-0.016705,0.027089,-0.638754,0.074712,0.021972,-0.06559,0.636745,-0.322332,-0.700468,0.573747,0.804967,0.151133,0.515139,-0.498125,0.697496,-0.000131,-0.000818,-0.001283,0.307019,-0.166919,-0.396884,0.520225
245,0.144303,-0.055186,0.277464,-0.641257,0.313571,-0.700363,-0.575431,-0.800292,0.16848,-0.506872,0.510656,0.694506,-0.000415,-0.002576,-0.004031,3.870302,-0.931635,-3.838509,0.521922,-0.190255,-0.068727,0.300893,-0.533739,-0.805972,0.255974,0.831263,-0.444756,0.333359,-0.154166,0.391725,0.906999,-0.000747,0.009621,-0.010222,-0.084779,0.084719,0.041108,-0.715187,0.031636,0.020005,-0.005549,0.588479,0.776859,0.224012,-0.786394,0.485609,0.381795,0.187819,-0.400841,0.896688,-0.000377,0.004687,-0.005282,-0.130444,0.069933,-0.041955,-0.80482,0.074742,0.021928,-0.065657,0.643761,-0.304588,-0.701994,0.554049,0.818295,0.153039,0.527825,-0.48746,0.695543,0.00793,-0.002062,-0.002976,0.004924,0.009372,0.010652,0.520715
246,0.144328,-0.055259,0.277351,-0.644215,0.301347,-0.703009,-0.565361,-0.806645,0.172232,-0.514382,0.508029,0.690902,-0.000652,-0.004053,-0.006349,-0.136631,-0.238257,-0.168765,0.522223,-0.190236,-0.068483,0.300646,-0.531574,-0.806577,0.258563,0.832122,-0.440617,0.336695,-0.15698,0.395151,0.905028,-0.001462,0.019599,-0.019938,-0.231294,0.294966,0.185745,-0.80247,0.031646,0.020124,-0.005668,0.585862,0.778247,0.226045,-0.787786,0.481459,0.384174,0.190151,-0.403148,0.89516,-0.000343,0.005039,-0.004784,-0.462464,0.443154,0.229329,-0.88369,0.074755,0.021895,-0.065708,0.648203,-0.289454,-0.704306,0.539102,0.827666,0.156006,0.537774,-0.480817,0.692541,0.007915,-0.002183,-0.003171,-0.267922,-0.488295,-0.229088,0.520551
247,0.144389,-0.055424,0.277094,-0.65386,0.273542,-0.705469,-0.535651,-0.82584,0.176175,-0.533606,0.492735,0.687389,-0.00067,-0.004162,-0.006536,-0.079453,-0.167154,-0.102884,0.521446,-0.190191,-0.067848,0.300073,-0.517538,-0.815389,0.259397,0.838585,-0.423368,0.342738,-0.168998,0.395934,0.902518,-0.001334,0.02098,-0.017975,-0.149372,0.192819,0.151139,-0.97554,0.031668,0.020431,-0.005952,0.572543,0.787552,0.227938,-0.794594,0.464508,0.390961,0.202023,-0.40496,0.891735,-0.000655,0.010507,-0.008955,-0.369514,0.299737,0.079572,-0.900835,0.074785,0.021808,-0.065843,0.656686,-0.26044,-0.707766,0.5087,0.845802,0.160753,0.556764,-0.465605,0.687913,-0.000404,-0.002515,-0.003952,-0.081863,-0.197034,-0.170051,0.520878
248,0.144433,-0.055596,0.276788,-0.661047,0.249219,-0.70778,-0.510121,-0.840989,0.18024,-0.549499,0.479886,0.68395,-0.000677,-0.004204,-0.00662,-0.003,-0.025545,-0.022328,0.521976,-0.190124,-0.066951,0.299312,-0.488203,-0.832354,0.262365,0.852644,-0.391043,0.346433,-0.18515,0.393882,0.900244,-0.001317,0.021209,-0.017662,-0.013117,0.062027,0.082233,-1.158465,0.031696,0.020875,-0.006329,0.544824,0.805452,0.233267,-0.809624,0.432834,0.396437,0.218345,-0.404846,0.887932,-0.000637,0.010645,-0.008758,-0.029018,0.063505,0.066177,-0.903938,0.074807,0.021723,-0.065995,0.662903,-0.23552,-0.710695,0.48266,0.86009,0.165174,0.572361,-0.452519,0.683833,-0.000378,-0.002364,-0.003726,0.116957,0.000262,-0.122903,0.520551
249,0.144483,-0.055722,0.276514,-0.667766,0.218686,-0.711554,-0.479077,-0.857851,0.185873,-0.568935,0.464733,0.678501,-0.000493,-0.003062,-0.004832,-0.041045,-0.09594,-0.062233,0.521647,-0.190066,-0.065723,0.29825,-0.445496,-0.854097,0.26841,0.870349,-0.343141,0.353101,-0.208925,0.391991,0.895855,-0.001997,0.031642,-0.026765,-0.286393,0.122845,-0.435479,-1.337163,0.03173,0.021498,-0.006866,0.503829,0.829403,0.241341,-0.829329,0.386315,0.403698,0.241595,-0.403546,0.882485,0.006832,0.021134,-0.018388,-0.651401,-0.340661,-1.266466,-0.905734,0.074832,0.021653,-0.066134,0.66864,-0.205055,-0.714753,0.451126,0.87598,0.170711,0.591105,-0.436588,0.678222,0.007952,-0.002027,-0.002945,0.0424,-0.16279,-0.140059,0.520878
250,0.144487,-0.055754,0.276406,-0.670939,0.204482,-0.712792,-0.463453,-0.86599,0.187735,-0.578053,0.456045,0.676686,-0.000309,0.008355,-0.012558,0.122264,-0.07803,-0.103667,0.521791,-0.190006,-0.064909,0.29757,-0.419774,-0.86603,0.271614,0.879533,-0.314483,0.35701,-0.22324,0.389847,0.893334,0.013652,0.04273,-0.036152,-0.311772,0.076195,-0.166589,-1.369329,0.031754,0.0219,-0.007203,0.478632,0.842834,0.246052,-0.839943,0.357903,0.407922,0.255748,-0.401914,0.879237,-0.001619,0.026653,-0.021897,-0.74645,-0.233575,-1.219289,-0.912102,0.074833,0.021635,-0.06619,0.671232,-0.190583,-0.716327,0.435295,0.883544,0.17282,0.59997,-0.427816,0.676023,-0.000236,-0.00148,-0.002342,0.360055,-0.081405,-0.367318,0.520715
251,0.144553,-0.055716,0.276237,-0.669079,0.18983,-0.718571,-0.44849,-0.874072,0.186616,-0.59183,0.446892,0.670859,-4.2e-05,-0.00026,-0.000412,-0.007586,-0.014021,-0.007961,0.522002,-0.189832,-0.062939,0.295932,-0.361903,-0.889179,0.279958,0.897475,-0.251317,0.362368,-0.251402,0.383517,0.88858,0.012931,0.053285,-0.04514,-0.130909,0.143432,0.147046,-1.399413,0.031843,0.022862,-0.008001,0.422669,0.868831,0.257842,-0.860648,0.295656,0.414573,0.283962,-0.397139,0.872723,0.006493,0.026612,-0.022595,-0.74319,-0.260493,-1.149166,-0.924676,0.074866,0.021656,-0.066282,0.668815,-0.176054,-0.722281,0.419936,0.891177,0.17163,0.613465,-0.418101,0.669964,0.008254,0.00498,-0.00476,0.047894,-0.003188,0.05439,0.520878
252,0.144645,-0.055508,0.276123,-0.656749,0.180993,-0.732098,-0.440599,-0.879937,0.177637,-0.611238,0.438996,0.658558,0.016681,0.011093,-0.007729,1.068062,-2.065206,1.663048,0.521626,-0.189472,-0.060721,0.294021,-0.289122,-0.912803,0.28843,0.913076,-0.172622,0.369361,-0.287005,0.371296,0.882967,0.012147,0.063413,-0.054774,-2.035135,-1.725315,-5.060857,-1.405733,0.032017,0.023965,-0.008948,0.357407,0.89416,0.269698,-0.878698,0.224089,0.421511,0.316462,-0.387634,0.865788,0.0064,0.026243,-0.023437,-1.503513,-2.02388,-4.703648,-0.928921,0.074906,0.021757,-0.066334,0.658637,-0.168345,-0.733386,0.411428,0.896624,0.163678,0.630018,-0.40954,0.659813,0.000122,0.00074,0.001164,-0.333213,-0.560523,-0.318174,0.519898
253,0.144687,-0.055358,0.276071,-0.649242,0.182095,-0.738493,-0.442239,-0.880301,0.171659,-0.618036,0.437808,0.65298,0.000423,0.012925,-0.005342,0.001227,-0.125061,0.010132,0.521641,-0.189219,-0.059546,0.292989,-0.256341,-0.92039,0.295234,0.918985,-0.137575,0.369424,-0.299079,0.36717,0.880682,0.012075,0.063091,-0.055283,-0.078189,0.859451,-0.393365,-1.406129,0.032144,0.024553,-0.009463,0.320551,0.906061,0.276222,-0.886929,0.184715,0.423363,0.33257,-0.3807,0.862823,0.00609,0.031977,-0.027287,-1.565522,-2.050954,-4.756342,-0.927778,0.074933,0.021831,-0.066362,0.648482,-0.169362,-0.74215,0.413482,0.896942,0.15661,0.639142,-0.408425,0.651679,0.0083,0.000153,0.000493,-0.000676,-0.21985,0.203427,0.521041
254,0.144788,-0.054987,0.275945,-0.63314,0.179843,-0.752885,-0.441893,-0.882536,0.160727,-0.63476,0.434229,0.63918,0.000407,0.012839,-0.005483,0.348848,-0.444281,-0.009245,0.521451,-0.188523,-0.057149,0.290902,-0.167703,-0.937713,0.304239,0.9281,-0.046269,0.369356,-0.332067,0.345484,0.877631,0.028135,0.063305,-0.056331,-1.850824,-1.848905,-4.640973,-1.406188,0.03249,0.025775,-0.010527,0.237832,0.926002,0.29318,-0.900878,0.097457,0.422988,0.363115,-0.36472,0.857394,0.006063,0.03198,-0.027032,-0.455095,0.196105,-0.063516,-0.927125,0.074984,0.022014,-0.066419,0.632394,-0.168997,-0.755988,0.414373,0.898351,0.145807,0.654502,-0.405468,0.638139,0.000169,0.006094,-0.003196,4.088399,-1.194781,-3.462934,0.521368
255,0.145039,-0.05467,0.275699,-0.619627,0.162896,-0.767836,-0.423612,-0.892926,0.152342,-0.66004,0.419453,0.623245,6.8e-05,0.010736,-0.008804,-0.107151,-0.646419,0.335311,0.520922,-0.187631,-0.05474,0.288704,-0.088803,-0.944703,0.315661,0.929189,0.035434,0.367812,-0.358551,0.327157,0.874227,0.02787,0.061935,-0.058416,0.110893,0.645974,-0.521698,-1.405961,0.032947,0.027005,-0.011645,0.155202,0.938134,0.309541,-0.90648,0.010688,0.422112,0.39269,-0.346106,0.852059,0.013962,0.030878,-0.029306,0.099189,0.73589,-0.55876,-0.927452,0.07511,0.022185,-0.066541,0.618365,-0.152155,-0.77102,0.394254,0.908753,0.136859,0.679844,-0.388607,0.621929,2.8e-05,0.005304,-0.004507,-0.144852,-0.707024,0.303399,0.521204
256,0.145211,-0.054471,0.275497,-0.612097,0.151203,-0.776222,-0.412453,-0.898503,0.150153,-0.673979,0.41187,0.613305,3.7e-05,0.010554,-0.009093,-0.140011,-0.844416,-0.079898,0.521065,-0.187121,-0.053559,0.287582,-0.042847,-0.946194,0.320737,0.92692,0.082003,0.366099,-0.372653,0.314171,0.873092,0.027813,0.062159,-0.058159,-1.625723,-1.86428,-4.833671,-1.405874,0.033191,0.02757,-0.012186,0.115789,0.94119,0.317415,-0.906539,-0.030462,0.42102,0.40593,-0.336499,0.849699,0.013908,0.030662,-0.029653,0.326254,0.548298,-0.657819,-0.924186,0.075196,0.02228,-0.06664,0.611284,-0.142062,-0.778556,0.382884,0.91405,0.133836,0.692626,-0.379908,0.613138,0.008254,0.010225,-0.009373,0.417278,-0.432697,0.032371,0.521204
257,0.145596,-0.053973,0.275059,-0.597048,0.127629,-0.792016,-0.388692,-0.909654,0.146356,-0.701044,0.395068,0.593705,0.000108,0.011036,-0.008337,1.217861,-0.868639,-0.631491,0.521151,-0.185926,-0.051276,0.285297,0.041523,-0.941566,0.334247,0.915977,0.169362,0.363643,-0.399059,0.292243,0.869028,0.027501,0.060132,-0.061214,-0.685162,-0.376205,-1.148034,-1.405893,0.033789,0.028714,-0.013324,0.027122,0.941579,0.335697,-0.900829,-0.122551,0.416518,0.433325,-0.313703,0.844878,0.021868,0.030182,-0.031285,-2.203724,-1.673118,-4.530309,-0.930554,0.075388,0.022531,-0.066865,0.59393,-0.117492,-0.79589,0.359189,0.923932,0.131649,0.719881,-0.364066,0.590953,6.1e-05,0.005527,-0.00416,1.247316,-0.841413,-0.624722,0.521531
258,0.146131,-0.053295,0.274482,-0.577758,0.100649,-0.810007,-0.368211,-0.917787,0.148529,-0.727751,0.383937,0.568331,0.016511,0.020846,-0.018159,-0.139056,-0.626359,-0.044815,0.521482,-0.184563,-0.049218,0.28303,0.146895,-0.926393,0.346712,0.894171,0.274116,0.353909,-0.423087,0.259193,0.868147,0.027969,0.047789,-0.054955,-1.915084,-2.189472,-5.106495,-1.406047,0.034481,0.029766,-0.014481,-0.076589,0.931765,0.35489,-0.884757,-0.227623,0.406684,0.459715,-0.282843,0.841819,0.014089,0.023845,-0.027746,-1.888114,-2.234885,-5.096439,-0.938719,0.075643,0.022855,-0.067139,0.574581,-0.091689,-0.813295,0.337782,0.931693,0.133601,0.745492,-0.351481,0.566304,0.00825,0.010325,-0.009245,-0.274098,-1.021756,-0.041193,0.521531
259,0.146786,-0.052499,0.273764,-0.557788,0.064385,-0.82751,-0.334922,-0.929667,0.153358,-0.758746,0.362607,0.541154,0.016463,0.020744,-0.018353,-0.080648,-0.935847,-0.06507,0.52142,-0.183009,-0.047397,0.280723,0.224149,-0.906888,0.356795,0.866957,0.352664,0.35206,-0.445393,0.231547,0.864797,0.043646,0.044659,-0.06111,-0.641567,-0.461145,-1.181371,-1.406272,0.035242,0.030662,-0.015607,-0.155056,0.916324,0.369197,-0.861944,-0.308089,0.402656,0.48271,-0.255793,0.837591,0.021922,0.022325,-0.030686,-2.15424,-1.766479,-4.498163,-0.958967,0.075977,0.023261,-0.067505,0.553308,-0.056779,-0.831038,0.304307,0.942493,0.138214,0.775401,-0.329366,0.538767,0.016458,0.015401,-0.013914,0.24385,-0.92962,-0.389985,0.521858
260,0.147156,-0.05203,0.273334,-0.547192,0.044941,-0.835827,-0.314927,-0.936231,0.15577,-0.774851,0.3484,0.527495,0.03277,0.030253,-0.028708,4.526312,-1.62553,-2.783563,0.521966,-0.182144,-0.046612,0.279512,0.256831,-0.896048,0.362116,0.852832,0.386279,0.351283,-0.45497,0.219725,0.862894,0.044221,0.031807,-0.055602,-0.177797,-0.111905,-0.237277,-1.405856,0.035658,0.031044,-0.01619,-0.187472,0.907109,0.376837,-0.849311,-0.34243,0.401761,0.493482,-0.244733,0.834614,0.022195,0.015593,-0.028365,-2.065771,-1.858968,-4.565041,-0.969091,0.076156,0.023493,-0.067714,0.541159,-0.03997,-0.839969,0.289605,0.946623,0.141536,0.789477,-0.319853,0.523849,0.008254,0.01048,-0.00903,-0.178662,-0.752332,-0.122702,0.522184
261,0.148007,-0.050892,0.272329,-0.520744,0.006138,-0.853718,-0.279474,-0.946097,0.163607,-0.806053,0.323776,0.495455,0.03273,0.030489,-0.028414,4.48781,-1.936688,-2.966533,0.521877,-0.180356,-0.045315,0.277154,0.347693,-0.86153,0.369955,0.80248,0.477394,0.357848,-0.48535,0.173537,0.856845,0.044081,0.030118,-0.058437,-2.327624,-2.01799,-4.923623,-1.402345,0.036551,0.031695,-0.017374,-0.27443,0.879161,0.389566,-0.80607,-0.431223,0.405335,0.524345,-0.202782,0.827006,0.022139,0.014965,-0.029402,-2.351434,-1.710495,-4.741631,-0.980684,0.076575,0.02405,-0.068207,0.515128,-0.004151,-0.857102,0.253914,0.955839,0.147976,0.818638,-0.293857,0.493434,0.008278,0.016017,-0.013198,-0.137493,-0.801327,-0.131908,0.522184
262,0.148871,-0.049531,0.27117,-0.491844,-0.027908,-0.870262,-0.24275,-0.955456,0.167774,-0.835573,0.293803,0.464246,0.032733,0.041684,-0.03661,0.023695,-0.858925,-0.190951,0.522209,-0.178535,-0.044209,0.274882,0.436041,-0.817196,0.376896,0.74237,0.563259,0.36271,-0.509245,0.122661,0.851755,0.044794,0.017943,-0.052201,-1.206655,0.230703,-6.04356,-1.40101,0.037478,0.032262,-0.018535,-0.365857,0.84064,0.399339,-0.749996,-0.520372,0.40831,0.551047,-0.15012,0.820859,0.022035,0.014695,-0.029973,-0.275731,0.02243,-0.393309,-0.984114,0.077013,0.024738,-0.068793,0.483448,0.033225,-0.874741,0.211486,0.965244,0.153545,0.849441,-0.259227,0.459619,0.008271,0.016135,-0.013038,0.211618,-1.204166,-0.328162,0.522511
263,0.149328,-0.048751,0.270516,-0.474416,-0.045675,-0.879141,-0.221335,-0.960379,0.169275,-0.851455,0.274942,0.446607,0.032702,0.041838,-0.036413,0.72053,-2.458523,2.239638,0.522259,-0.177511,-0.043726,0.273785,0.476297,-0.794695,0.376287,0.713119,0.59938,0.363508,-0.515017,0.096192,0.851685,0.04407,0.030238,-0.05886,-0.521681,-0.655493,-1.324021,-1.40184,0.03799,0.032497,-0.019086,-0.410215,0.817619,0.404007,-0.720485,-0.562137,0.406082,0.559128,-0.1245,0.819679,0.030521,0.009418,-0.026348,-2.00901,-2.128474,-4.720433,-0.986399,0.077241,0.025127,-0.069121,0.46698,0.052759,-0.882691,0.189386,0.969087,0.158116,0.863748,-0.241007,0.442553,0.008226,0.021237,-0.017895,-0.08257,-0.867422,-0.197041,0.522837
264,0.150249,-0.047108,0.269123,-0.435863,-0.07891,-0.896572,-0.189493,-0.965771,0.177062,-0.879318,0.247162,0.40711,0.016311,0.042426,-0.035908,0.246847,-1.211273,-0.548135,0.522898,-0.175467,-0.042991,0.271826,0.541936,-0.752197,0.374828,0.660643,0.656871,0.363324,-0.520187,0.051669,0.852408,0.044959,0.020409,-0.049131,-0.514901,-0.655695,-1.332348,-1.402195,0.039012,0.032865,-0.020072,-0.478224,0.778632,0.406242,-0.671425,-0.622316,0.402379,0.566117,-0.080334,0.8204,0.030563,0.010235,-0.02532,-1.974613,-2.10022,-4.618512,-0.985746,0.077708,0.025949,-0.069817,0.426481,0.080951,-0.900866,0.158313,0.973931,0.162464,0.890533,-0.211907,0.402547,0.016357,0.021207,-0.017808,1.475102,-0.976966,-0.690218,0.523164
265,0.15102,-0.045363,0.267634,-0.399906,-0.105066,-0.910539,-0.167951,-0.968185,0.185423,-0.90056,0.227203,0.370673,0.016259,0.053326,-0.044573,-0.07634,-1.072233,-0.028034,0.522451,-0.173323,-0.042535,0.270381,0.604043,-0.703616,0.374229,0.602244,0.710451,0.363997,-0.522745,0.006385,0.852385,0.062916,0.003573,-0.026643,-2.044003,-1.966187,-4.779039,-1.401495,0.040077,0.033094,-0.02081,-0.539661,0.735802,0.409095,-0.61881,-0.676163,0.399845,0.570823,-0.037371,0.820221,0.031474,0.001662,-0.013563,0.034289,-0.063304,0.050094,-0.980848,0.078093,0.026818,-0.070558,0.388899,0.106794,-0.915069,0.136307,0.975657,0.171795,0.911141,-0.191541,0.364875,0.008095,0.020789,-0.018664,-0.212069,-1.185987,-0.390476,0.523491
266,0.15161,-0.043577,0.26599,-0.369761,-0.136684,-0.919043,-0.138456,-0.969969,0.199906,-0.918311,0.201328,0.340878,0.015918,0.04055,-0.039006,5.075089,-1.723306,-1.920028,0.522521,-0.171123,-0.042412,0.269506,0.655787,-0.656208,0.373264,0.547459,0.753709,0.363517,-0.520699,-0.033224,0.853013,0.047058,0.006662,-0.020458,-2.05137,-1.960118,-4.838679,-1.399352,0.041166,0.033156,-0.021246,-0.593955,0.691463,0.411211,-0.566796,-0.722408,0.396065,0.570927,0.002172,0.820997,0.032012,-0.001799,-0.006441,-0.180107,-0.225941,-0.333279,-0.979541,0.078383,0.027697,-0.071363,0.357749,0.135954,-0.923867,0.11282,0.975804,0.187285,0.926977,-0.171232,0.333755,-0.000146,0.020353,-0.019529,-0.10211,-0.611296,-0.384525,0.523327
267,0.15181,-0.042741,0.265163,-0.359066,-0.152945,-0.92072,-0.13122,-0.96841,0.211983,-0.923613,0.197116,0.328802,0.015701,0.039144,-0.041272,-0.505241,0.723582,-2.422703,0.522663,-0.170091,-0.042445,0.269317,0.674702,-0.636937,0.372936,0.525321,0.769227,0.363678,-0.519359,-0.048668,0.853089,0.064079,-0.001631,-0.009903,-0.023058,0.044509,-0.113388,-1.397423,0.041717,0.033141,-0.021352,-0.617989,0.669412,0.412281,-0.54112,-0.742599,0.394631,0.570331,0.020784,0.821151,0.03206,-0.000565,-0.004626,-0.023278,0.045784,-0.108476,-0.977255,0.078489,0.028136,-0.071791,0.344499,0.151035,-0.926557,0.100236,0.975413,0.196267,0.93342,-0.160488,0.320889,-0.000173,0.025587,-0.024186,-0.119289,-0.955125,-0.492888,0.523491
268,0.151989,-0.040968,0.26343,-0.340712,-0.181363,-0.922533,-0.115271,-0.965757,0.232375,-0.932668,0.185734,0.30929,-0.000453,0.04015,-0.040009,0.014614,-0.443736,-0.213445,0.521845,-0.167795,-0.042537,0.269169,0.727543,-0.577766,0.369944,0.461136,0.810983,0.359993,-0.508924,-0.090596,0.855951,0.065131,-0.008736,0.004149,-2.090156,-2.028254,-4.957093,-1.38963,0.042823,0.033097,-0.021427,-0.669975,0.617463,0.412154,-0.484629,-0.78433,0.387247,0.562376,0.059704,0.824722,0.032117,0.001356,-0.001817,-0.555957,-0.707364,-1.358041,-0.979705,0.078584,0.029001,-0.072644,0.32629,0.181332,-0.927713,0.084436,0.971913,0.219668,0.94149,-0.150008,0.301814,-0.000178,0.020209,-0.019786,-0.037101,-0.607413,-0.306319,0.523001
269,0.151925,-0.039402,0.261868,-0.32634,-0.20315,-0.923189,-0.104944,-0.96281,0.248909,-0.93902,0.178358,0.294036,-0.000489,0.039901,-0.040459,-0.069376,-0.585211,-0.546104,0.52207,-0.165798,-0.042511,0.269209,0.77031,-0.522909,0.364938,0.404563,0.843038,0.354329,-0.493905,-0.124652,0.860455,0.048188,0.004338,0.000693,-1.987496,-2.052352,-4.730661,-1.332212,0.043846,0.033108,-0.021403,-0.716489,0.564612,0.409701,-0.429962,-0.819907,0.377999,0.54934,0.094676,0.830217,0.024107,0.002479,0.000752,-0.052044,-0.122236,-0.031564,-0.965008,0.078552,0.029803,-0.073444,0.312722,0.200929,-0.928349,0.07409,0.969231,0.234735,0.94695,-0.142188,0.288212,-0.000215,0.019953,-0.02022,0.106477,-0.174232,-0.03636,0.523001
270,0.151833,-0.038642,0.261128,-0.320782,-0.209058,-0.923818,-0.09715,-0.962932,0.251585,-0.941775,0.170706,0.289734,-0.016451,0.04176,-0.03779,0.03358,-0.382269,-0.182354,0.521858,-0.164833,-0.042433,0.269246,0.793665,-0.489226,0.361588,0.370699,0.860096,0.350359,-0.483401,-0.143419,0.863492,0.064235,0.006131,0.001341,-0.027473,-0.359542,-0.41156,-1.290967,0.044322,0.033147,-0.021384,-0.744516,0.528344,0.408103,-0.392822,-0.840967,0.372107,0.539802,0.116728,0.833659,0.024098,0.002994,0.001518,-0.432156,-0.802244,-1.477749,-0.935943,0.078512,0.03018,-0.073818,0.305989,0.207622,-0.929119,0.066391,0.9689,0.238376,0.949716,-0.134626,0.282688,-0.000199,0.020066,-0.020051,-0.019593,-0.512498,-0.260747,0.523001
271,0.151506,-0.037203,0.259746,-0.317381,-0.213469,-0.923983,-0.086823,-0.963702,0.252411,-0.943936,0.160593,0.28848,-0.016486,0.030454,-0.029848,0.100304,0.096706,-0.167276,0.522145,-0.162993,-0.042163,0.269365,0.823842,-0.439476,0.357962,0.321738,0.882405,0.343191,-0.467726,-0.167019,0.867871,0.048143,0.006701,0.004053,-0.278854,-0.882387,-1.519704,-1.229939,0.045249,0.033283,-0.021323,-0.776074,0.481874,0.406823,-0.34644,-0.8648,0.363454,0.52696,0.141128,0.83809,0.015959,0.002647,0.0022,-1.461788,-2.345325,-5.02622,-0.903448,0.078349,0.030905,-0.074511,0.301829,0.212202,-0.929445,0.056102,0.96927,0.239513,0.951709,-0.124436,0.280649,-0.008193,0.0154,-0.014641,0.108282,0.002617,0.009229,0.523001
272,0.151077,-0.035936,0.258616,-0.317253,-0.213955,-0.923915,-0.082695,-0.964268,0.251638,-0.94435,0.156496,0.289377,-0.016247,0.031941,-0.027492,0.104772,-0.013341,-0.001644,0.521659,-0.161346,-0.041874,0.269552,0.839209,-0.410179,0.357034,0.292166,0.893724,0.34034,-0.459743,-0.180794,0.869375,0.032055,0.007412,0.00709,0.008318,-0.047733,0.081299,-1.191331,0.046078,0.033427,-0.021232,-0.794583,0.451176,0.406296,-0.316228,-0.87878,0.357412,0.518301,0.155512,0.840939,0.024052,0.004202,0.003196,-0.023048,0.055306,-0.045558,-0.893487,0.078134,0.031537,-0.075079,0.301931,0.21265,-0.929309,0.051996,0.96968,0.238781,0.95191,-0.120415,0.28172,-7.6e-05,0.010104,-0.009921,0.064672,0.082993,-0.129146,0.522184
273,0.15056,-0.034894,0.257808,-0.316979,-0.214218,-0.923948,-0.07951,-0.964729,0.250894,-0.944716,0.153251,0.289919,5e-05,0.021863,-0.017207,0.070875,-0.029676,0.034387,0.521395,-0.159845,-0.041542,0.269874,0.853522,-0.379838,0.356671,0.26158,0.904267,0.337358,-0.451739,-0.194173,0.870685,0.031986,0.009396,0.009995,0.049537,-0.08008,0.057574,-1.148942,0.046829,0.033592,-0.021073,-0.810363,0.421715,0.406777,-0.286597,-0.890813,0.35258,0.511051,0.169137,0.842744,0.024006,0.005368,0.0049,0.037998,-0.10377,0.117317,-0.891364,0.077875,0.032052,-0.075483,0.301679,0.212891,-0.929336,0.048888,0.970014,0.238079,0.952154,-0.117256,0.282225,-0.007927,0.011745,-0.007451,0.068316,-0.01456,0.005373,0.521858
274,0.150286,-0.034456,0.257525,-0.319089,-0.212575,-0.923601,-0.077986,-0.965327,0.249064,-0.94413,0.15176,0.2926,-0.015929,0.023077,-0.015596,0.085509,0.033656,0.03773,0.521497,-0.159089,-0.041339,0.270081,0.85969,-0.362724,0.359661,0.245196,0.910603,0.332591,-0.449225,-0.197288,0.871285,0.031937,0.010761,0.012003,0.393787,0.004682,-0.352902,-1.131313,0.047207,0.033693,-0.020971,-0.816427,0.406041,0.410582,-0.270898,-0.897248,0.348652,0.509961,0.173423,0.842533,0.015973,0.005126,0.005564,0.896555,0.294229,-0.602449,-0.891364,0.077739,0.03228,-0.075629,0.304056,0.211137,-0.928961,0.047234,0.97059,0.236058,0.951482,-0.115653,0.285141,-0.007948,0.011567,-0.007742,0.076543,0.037846,0.006419,0.522021
275,0.149663,-0.033549,0.257065,-0.319232,-0.213318,-0.92338,-0.075358,-0.965539,0.249053,-0.944294,0.149349,0.293308,-0.015589,0.025166,-0.012251,0.069859,-0.015217,0.004682,0.52118,-0.157681,-0.040861,0.270534,0.878153,-0.319118,0.356372,0.203743,0.923416,0.325153,-0.433944,-0.212531,0.875434,0.031846,0.011321,0.012713,-1.806715,-1.966927,-4.849181,-1.093402,0.047911,0.033934,-0.020741,-0.835763,0.3676,0.407882,-0.236172,-0.911272,0.33735,0.495702,0.185615,0.848425,0.015925,0.005959,0.006766,0.182559,-0.208004,-0.006404,-0.890874,0.077427,0.032731,-0.075862,0.303986,0.212036,-0.92878,0.044724,0.970665,0.236235,0.951625,-0.113351,0.285585,-0.007754,0.012794,-0.005774,0.064606,0.096396,-0.159696,0.521858
276,0.148974,-0.032653,0.256684,-0.321713,-0.21245,-0.92272,-0.07255,-0.966108,0.247677,-0.94367,0.146882,0.296548,-0.031504,0.026328,-0.010791,0.078509,0.029096,-0.00461,0.520686,-0.156297,-0.040408,0.271041,0.892724,-0.28426,0.349616,0.17297,0.93253,0.316866,-0.41722,-0.22205,0.881184,0.047717,0.012979,0.012843,0.111197,-0.154635,0.078469,-1.053836,0.048585,0.034156,-0.020491,-0.854777,0.328168,0.40207,-0.20095,-0.923555,0.326594,0.478512,0.198369,0.855379,0.015884,0.005852,0.006534,0.087829,-0.036782,-0.128983,-0.889731,0.077094,0.033171,-0.076046,0.30665,0.210939,-0.928154,0.041931,0.971193,0.234574,0.950898,-0.110851,0.288971,-0.007771,0.007245,-0.001616,0.036002,-0.000664,0.022786,0.521694
277,0.148213,-0.031829,0.256361,-0.323511,-0.211796,-0.922241,-0.075814,-0.965694,0.248313,-0.942796,0.150508,0.297506,-0.015404,0.02584,-0.011222,0.070316,-0.032025,0.028134,0.519722,-0.154974,-0.040018,0.271476,0.905877,-0.24662,0.34432,0.140728,0.941941,0.304757,-0.400625,-0.227314,0.887519,0.031723,0.009738,0.010078,0.200207,-0.196611,-0.031095,-1.013305,0.049264,0.034361,-0.020262,-0.870001,0.291517,0.397637,-0.170093,-0.93443,0.312901,0.46278,0.204589,0.862541,0.015868,0.004907,0.005056,0.22318,-0.22234,-0.054158,-0.891038,0.076702,0.033593,-0.076211,0.308348,0.210667,-0.927652,0.045234,0.970819,0.235505,0.950197,-0.114579,0.289822,-0.007836,0.006701,-0.002504,0.033648,-0.001422,-0.013354,0.520551
278,0.147767,-0.031385,0.256181,-0.325246,-0.210793,-0.92186,-0.080117,-0.965193,0.24891,-0.941841,0.15507,0.298187,-0.015592,0.013917,-0.004228,0.034402,-0.000492,-0.012577,0.519124,-0.154379,-0.039851,0.271639,0.91104,-0.227981,0.343544,0.124108,0.946095,0.299057,-0.394348,-0.229537,0.889756,0.031728,0.008383,0.008004,0.691936,1.578334,-2.671614,-0.999941,0.049562,0.034445,-0.020178,-0.876538,0.275484,0.394701,-0.156289,-0.938482,0.307936,0.455252,0.20823,0.86567,0.01573,0.003973,0.003831,-1.657776,-1.888411,-4.957645,-0.892671,0.076491,0.03381,-0.076299,0.310005,0.209572,-0.927348,0.049652,0.970502,0.235923,0.949437,-0.119182,0.290454,-0.007665,0.013034,-0.005419,0.070304,-0.032291,0.027842,0.519898
279,0.14687,-0.030392,0.255789,-0.328653,-0.208723,-0.921123,-0.088477,-0.964182,0.249991,-0.939905,0.163911,0.299564,-0.01531,0.025956,-0.011084,0.057385,-0.012561,0.008294,0.518286,-0.153213,-0.039573,0.271887,0.917196,-0.205014,0.341631,0.103122,0.950272,0.293738,-0.386014,-0.233936,0.892261,0.031748,0.006114,0.004535,0.024226,-0.04585,0.046837,-0.987855,0.050145,0.034587,-0.020052,-0.883664,0.250314,0.395574,-0.133511,-0.944694,0.299542,0.448676,0.211881,0.868213,0.015874,0.003264,0.002545,-0.012792,-0.039451,0.084584,-0.909653,0.076031,0.034312,-0.076496,0.313585,0.207756,-0.926553,0.057999,0.969758,0.237072,0.947786,-0.128082,0.292052,-0.015592,0.013627,-0.00471,0.023882,0.124281,-0.17492,0.517122
280,0.14577,-0.029119,0.255329,-0.333253,-0.204809,-0.920348,-0.101833,-0.962594,0.251025,-0.936924,0.177626,0.301079,-0.030748,0.039889,-0.015401,-1.421319,0.382648,0.51411,0.518396,-0.15214,-0.039421,0.271956,0.923605,-0.175337,0.340884,0.075049,0.954643,0.288024,-0.377083,-0.240225,0.894407,0.031807,0.003659,0.000812,-0.014143,-0.097998,-0.09317,-0.972377,0.050681,0.034663,-0.020017,-0.891542,0.221215,0.39524,-0.106282,-0.950429,0.292212,0.440289,0.218512,0.870859,0.015912,0.001769,0.000285,-0.1758,-0.091378,-0.542489,-0.92288,0.075492,0.034932,-0.076723,0.316979,0.205822,-0.925829,0.065833,0.969039,0.237968,0.946144,-0.136381,0.293616,-0.023337,0.020345,-0.007288,0.104128,-0.018922,-0.014831,0.516632
281,0.145157,-0.028466,0.255103,-0.33503,-0.20395,-0.919894,-0.105579,-0.962019,0.251684,-0.935874,0.18169,0.30192,-0.046613,0.040701,-0.014649,0.103058,-0.002432,-0.038292,0.519057,-0.151627,-0.03938,0.27194,0.926314,-0.163119,0.339598,0.063727,0.956142,0.285773,-0.372481,-0.242876,0.895618,0.031843,0.002536,-0.000891,0.178522,-0.07291,-0.228327,-0.964879,0.05095,0.034684,-0.020025,-0.894728,0.209535,0.394405,-0.095172,-0.952278,0.290013,0.436352,0.221947,0.871972,0.015934,0.001156,-0.000642,0.23205,-0.105584,-0.240353,-0.928105,0.075168,0.035285,-0.076844,0.32013,0.203186,-0.925328,0.075188,0.968199,0.238612,0.944385,-0.14596,0.294672,-0.023291,0.020397,-0.007235,0.103802,-0.002616,-0.038635,0.516469
282,0.14376,-0.027104,0.254693,-0.344516,-0.192277,-0.918903,-0.141334,-0.957024,0.253185,-0.92767,0.217332,0.303682,-0.030434,0.04061,-0.014392,-0.353187,0.108338,0.142067,0.514229,-0.150683,-0.039331,0.271855,0.931267,-0.13866,0.336906,0.041114,0.958713,0.281269,-0.363166,-0.247918,0.898059,0.015972,-6e-05,-0.002454,0.087317,-0.065428,-0.043636,-0.959951,0.051416,0.034709,-0.020067,-0.90126,0.185059,0.391767,-0.073048,-0.956152,0.283611,0.427074,0.22699,0.875261,0.015939,0.001036,-0.000843,0.089399,-0.097145,0.008427,-0.937086,0.074481,0.03595,-0.077045,0.329927,0.19197,-0.92428,0.110755,0.96447,0.239852,0.937486,-0.181502,0.296943,-0.023213,0.015284,-0.002433,-1.469943,0.422119,0.476619,0.515163
283,0.142231,-0.025878,0.254526,-0.355791,-0.176046,-0.917859,-0.188651,-0.948354,0.254964,-0.914904,0.264083,0.30535,-0.03011,0.031518,-0.002975,-1.456424,0.404703,0.505016,0.500803,-0.14981,-0.039289,0.271786,0.936193,-0.112604,0.332947,0.018149,0.961393,0.27446,-0.352173,-0.250772,0.901638,0.015939,0.000877,-0.001081,0.327929,-0.261969,-0.156353,-0.955044,0.05184,0.034725,-0.020107,-0.907142,0.160435,0.389041,-0.050745,-0.959432,0.277332,0.417753,0.231837,0.878483,0.00798,0.000348,-0.000698,0.402437,-0.343612,-0.250555,-0.943944,0.073716,0.036564,-0.077137,0.341532,0.176532,-0.923142,0.15722,0.957631,0.241294,0.926627,-0.227546,0.299307,-0.023028,0.01631,-0.000922,-5.019805,1.514745,1.493379,0.498834
284,0.141398,-0.025281,0.254546,-0.359913,-0.171135,-0.91718,-0.203793,-0.944878,0.256216,-0.910028,0.279338,0.306342,-0.045574,0.034212,0.000622,0.02395,0.123058,-0.179881,0.499976,-0.149475,-0.039276,0.271755,0.937439,-0.105658,0.331718,0.012259,0.96214,0.27216,-0.349091,-0.250942,0.902789,0.015939,0.000896,-0.001062,0.427254,-0.238084,-0.382172,-0.947542,0.05202,0.034732,-0.020123,-0.908722,0.153965,0.387966,-0.04522,-0.960326,0.275187,0.414943,0.232525,0.879632,0.007978,0.000417,-0.000597,-0.020291,-0.00123,0.036385,-0.948026,0.073305,0.03686,-0.07713,0.346039,0.171034,-0.922498,0.174206,0.954432,0.242301,0.921904,-0.24455,0.300475,-0.022742,0.017342,0.000716,-0.067301,0.017021,0.036133,0.492629
285,0.139598,-0.024019,0.254785,-0.369057,-0.159041,-0.915723,-0.239463,-0.935718,0.258965,-0.89759,0.315046,0.308392,-0.045059,0.025993,0.013261,0.029415,-0.004646,-0.024223,0.498926,-0.148878,-0.039232,0.27171,0.940301,-0.082327,0.330223,-0.01038,0.962788,0.269935,-0.341337,-0.257152,0.904005,0.015952,0.000619,-0.001495,-0.041755,-0.059587,-0.108688,-0.929941,0.052318,0.034755,-0.020144,-0.913524,0.12935,0.38567,-0.02266,-0.962805,0.269242,0.406152,0.23722,0.882477,0.007987,0.00021,-0.000913,-0.195191,-0.031927,-0.587417,-0.9348,0.072405,0.037493,-0.077018,0.355704,0.159326,-0.920917,0.210189,0.946481,0.244934,0.910656,-0.28069,0.303179,-0.022371,0.018882,0.003037,0.055855,0.097565,-0.167415,0.48773
286,0.1378,-0.022726,0.255232,-0.375529,-0.150553,-0.914525,-0.264161,-0.928406,0.261252,-0.887922,0.339871,0.310014,-0.044434,0.028307,0.016607,-0.103437,0.033038,0.020638,0.498774,-0.148339,-0.039214,0.271673,0.942758,-0.066603,0.326747,-0.022868,0.964509,0.262934,-0.333845,-0.25528,0.907327,4.6e-05,-0.001021,-0.001527,0.439779,-0.329492,-0.244264,-0.907062,0.052594,0.034765,-0.020163,-0.916441,0.114989,0.383291,-0.010814,-0.964592,0.263523,0.400022,0.237359,0.885235,2.9e-05,-0.000557,-0.000848,0.411236,-0.311022,-0.234137,-0.935126,0.071506,0.038139,-0.076793,0.362434,0.151125,-0.919674,0.234978,0.940072,0.247079,0.901901,-0.305653,0.305203,-0.02201,0.020247,0.005039,-0.38868,0.109361,0.145434,0.48724
287,0.135969,-0.021335,0.255819,-0.386299,-0.139193,-0.911835,-0.298617,-0.916438,0.266346,-0.872239,0.375347,0.313592,-0.058987,0.044065,0.014476,-1.45047,0.534896,0.344692,0.498841,-0.147884,-0.039195,0.271631,0.943943,-0.053886,0.325668,-0.034705,0.964793,0.260584,-0.329428,-0.25722,0.908393,1.9e-05,-0.000406,-0.000607,-0.009956,0.103635,-0.169511,-0.884799,0.052821,0.034773,-0.020185,-0.918913,0.101183,0.381261,0.000906,-0.965997,0.258548,0.394458,0.237929,0.887576,0.007977,0.000444,-0.000572,-0.016915,-0.003057,0.035617,-0.926145,0.070596,0.038829,-0.0765,0.373276,0.140701,-0.916988,0.268426,0.929772,0.251931,0.888038,-0.340183,0.309294,-0.021942,0.015345,0.010041,-5.01759,1.45769,1.710497,0.48675
288,0.135054,-0.020566,0.256144,-0.390206,-0.133857,-0.91097,-0.313109,-0.911122,0.267939,-0.865391,0.389946,0.31475,-0.058668,0.044866,0.015495,-0.38811,0.225432,-0.019959,0.498831,-0.147656,-0.03919,0.271603,0.944737,-0.04682,0.324454,-0.040739,0.965183,0.258256,-0.326434,-0.257152,0.909492,3.2e-05,-0.000687,-0.001027,0.016831,-0.012609,-0.009352,-0.872796,0.052929,0.034776,-0.020198,-0.920121,0.09404,0.380175,0.006857,-0.966725,0.255723,0.391573,0.237903,0.88886,0.007989,0.000178,-0.000972,-0.006769,-0.012309,0.026847,-0.91896,0.070138,0.039214,-0.076336,0.377538,0.135009,-0.916098,0.28428,0.924641,0.253424,0.881277,-0.356105,0.310706,-0.021737,0.015825,0.01068,-1.490315,0.44358,0.500661,0.486424
289,0.133303,-0.018876,0.256772,-0.405131,-0.124318,-0.905792,-0.344863,-0.896753,0.277264,-0.846243,0.424853,0.32156,-0.042648,0.043974,0.014487,0.039089,0.246924,-0.364834,0.498412,-0.147307,-0.039212,0.271534,0.94601,-0.03215,0.322526,-0.053467,0.965833,0.253457,-0.320842,-0.256986,0.911527,5.5e-05,-0.001146,-0.001715,0.135691,-0.027782,-0.299343,-0.854561,0.05311,0.034766,-0.020232,-0.922108,0.08011,0.378547,0.018917,-0.967828,0.250897,0.386468,0.238515,0.890927,0.008002,-2.2e-05,-0.001277,0.202077,-0.232375,-0.229855,-0.92092,0.069274,0.040046,-0.076022,0.392267,0.125421,-0.91126,0.317305,0.911404,0.262029,0.86339,-0.391933,0.317717,-0.021281,0.02218,0.007585,-0.224155,1.767424,-2.307024,0.485934
290,0.131723,-0.017282,0.257416,-0.42863,-0.10931,-0.896868,-0.384347,-0.876299,0.290431,-0.817144,0.469327,0.334715,-0.042757,0.032527,0.021844,-4.936493,1.763174,1.606397,0.498148,-0.147006,-0.03924,0.271446,0.946469,-0.024557,0.321846,-0.060154,0.96609,0.250968,-0.318282,-0.256871,0.912456,9.5e-05,-0.001932,-0.002894,-0.004991,0.113799,-0.197667,-0.836891,0.05326,0.034753,-0.020274,-0.923167,0.072091,0.377577,0.025547,-0.968577,0.247393,0.383548,0.238032,0.892317,3.3e-05,-0.000568,-0.000858,-0.016279,0.009029,0.002484,-0.926472,0.068452,0.040877,-0.075687,0.416954,0.11255,-0.901931,0.355666,0.892975,0.275854,0.83645,-0.435805,0.3323,-0.021437,0.016228,0.010944,-4.936651,1.744083,1.606561,0.485281
291,0.130991,-0.01649,0.257747,-0.445105,-0.100487,-0.889848,-0.409577,-0.860815,0.30202,-0.795796,0.499013,0.343107,-0.042193,0.044193,0.014261,-4.915415,1.929571,1.546221,0.498289,-0.146861,-0.039252,0.271406,0.9465,-0.018695,0.322147,-0.066195,0.965716,0.250888,-0.31698,-0.258776,0.912371,5.5e-05,-0.001106,-0.001657,-0.01325,0.106053,-0.167739,-0.827254,0.053333,0.034745,-0.020298,-0.923424,0.066317,0.378006,0.031629,-0.968455,0.247171,0.382474,0.2402,0.892198,0.008002,3.6e-05,-0.001195,-0.003217,-0.011249,0.0324,-0.923859,0.068102,0.041257,-0.075526,0.433016,0.106085,-0.895121,0.378046,0.880115,0.287187,0.818277,-0.462754,0.340999,-0.013283,0.021731,0.007038,-0.150039,0.659836,-0.776164,0.485117
292,0.129723,-0.015051,0.258434,-0.48277,-0.081611,-0.871962,-0.455683,-0.826847,0.329621,-0.747285,0.556567,0.363077,-0.02701,0.030876,0.01972,-0.410944,0.425182,-0.194118,0.498342,-0.146643,-0.039293,0.271292,0.947192,-0.009254,0.320519,-0.073658,0.96645,0.245932,-0.31323,-0.256551,0.914293,0.016041,-0.000822,-0.003726,0.010597,-0.007724,-0.000901,-0.811705,0.053436,0.034727,-0.02035,-0.924717,0.056735,0.376403,0.038803,-0.969629,0.241478,0.378672,0.237904,0.894431,5e-05,-0.000902,-0.001355,-0.031976,0.116191,-0.165541,-0.925982,0.067463,0.041982,-0.075184,0.472134,0.086319,-0.877289,0.430311,0.846001,0.314823,0.769364,-0.526146,0.362282,-0.013207,0.021629,0.006726,-1.416248,0.88755,0.132194,0.484954
293,0.128698,-0.01378,0.259152,-0.520244,-0.074038,-0.850829,-0.47306,-0.804465,0.359197,-0.710415,0.589451,0.384557,-0.026989,0.030265,0.018534,0.028237,0.335467,-0.477109,0.49806,-0.146448,-0.039344,0.271185,0.946931,-0.002824,0.32141,-0.080387,0.965978,0.245679,-0.312357,-0.258484,0.914047,0.016019,-0.000292,-0.00294,0.001659,-0.015504,0.028139,-0.802311,0.053533,0.034699,-0.020407,-0.924657,0.050432,0.377445,0.045554,-0.969423,0.241126,0.378065,0.240153,0.894087,5.8e-05,-0.001043,-0.00157,-0.015899,0.106464,-0.16954,-0.935779,0.06695,0.042618,-0.074823,0.509937,0.079982,-0.856484,0.449166,0.824396,0.344412,0.733629,-0.560333,0.384465,-0.01347,0.015301,0.009529,0.034653,0.189549,-0.285683,0.484791
294,0.127957,-0.0127,0.259908,-0.547063,-0.067107,-0.834425,-0.483259,-0.788599,0.380191,-0.682865,0.611312,0.400025,-0.012112,0.016611,0.023645,-0.005553,0.337218,-0.461422,0.491327,-0.146312,-0.03943,0.271035,0.946878,6.5e-05,0.321581,-0.082445,0.966504,0.242916,-0.311981,-0.256533,0.914725,0.000112,-0.002175,-0.003271,0.003288,0.093516,-0.176998,-0.793888,0.053607,0.034658,-0.020481,-0.924839,0.047606,0.377368,0.047188,-0.970111,0.238027,0.37742,0.237943,0.89495,8.1e-05,-0.001516,-0.002284,-0.007041,0.015598,-0.029092,-0.941821,0.066578,0.043152,-0.074454,0.536682,0.074038,-0.840529,0.460249,0.809218,0.365151,0.707207,-0.582823,0.400217,-0.005846,0.014013,0.007961,0.029473,0.318002,-0.443189,0.480708
295,0.127712,-0.012271,0.260283,-0.554704,-0.066421,-0.82942,-0.483645,-0.785394,0.386286,-0.676395,0.615498,0.404574,-0.012207,0.016052,0.022727,-0.005164,0.33722,-0.461463,0.48685,-0.146249,-0.039478,0.270953,0.946616,0.006346,0.322288,-0.088987,0.965975,0.242707,-0.310969,-0.258447,0.914531,0.000146,-0.002824,-0.004251,-0.015111,0.121377,-0.192047,-0.789383,0.053639,0.034635,-0.02052,-0.924816,0.041398,0.378153,0.053761,-0.969861,0.237652,0.376594,0.240114,0.894718,7.3e-05,-0.001321,-0.001991,-0.006321,0.004359,0.002712,-0.94476,0.066456,0.043372,-0.074268,0.544465,0.073735,-0.835535,0.460698,0.806136,0.371348,0.700937,-0.587116,0.404944,-0.005923,0.013583,0.007282,0.033829,0.199512,-0.28727,0.475483
296,0.127452,-0.0116,0.261042,-0.563057,-0.066487,-0.823766,-0.479282,-0.785758,0.390953,-0.67258,0.615025,0.411591,-0.012285,0.015532,0.0218,0.081637,0.146939,0.140306,0.482389,-0.146233,-0.039566,0.2708,0.946088,0.007819,0.323802,-0.090763,0.965931,0.242224,-0.312063,-0.258574,0.914122,0.000117,-0.002273,-0.003425,0.0,-0.0,-0.0,-0.782651,0.053647,0.034588,-0.0206,-0.924217,0.039841,0.379781,0.055614,-0.969895,0.237085,0.377794,0.240239,0.894179,6.9e-05,-0.001304,-0.001968,-0.015181,0.121818,-0.191162,-0.944107,0.066321,0.043713,-0.07388,0.553255,0.074949,-0.829632,0.455873,0.806326,0.37685,0.697199,-0.586702,0.411937,0.001523,0.007105,0.010393,0.137328,0.333445,0.069509,0.466339
297,0.127381,-0.011033,0.261949,-0.568065,-0.062351,-0.820646,-0.477901,-0.786811,0.390527,-0.669343,0.614107,0.418188,0.003398,0.015772,0.022867,0.075805,0.117697,0.15905,0.475727,-0.146241,-0.039645,0.270683,0.945562,0.009281,0.325296,-0.092532,0.965878,0.241766,-0.313138,-0.258726,0.913711,7.8e-05,-0.001511,-0.00228,0.0,-0.0,-0.0,-0.78102,0.053643,0.034548,-0.020661,-0.923678,0.038374,0.381242,0.057328,-0.969932,0.236524,0.378856,0.240328,0.893705,4.7e-05,-0.00088,-0.001327,-0.013222,0.106316,-0.167138,-0.946557,0.06628,0.043994,-0.073431,0.558602,0.070622,-0.826423,0.454367,0.807514,0.376125,0.693911,-0.585605,0.41899,0.001467,0.002222,0.015376,0.063633,0.15479,0.196671,0.459807
