frame,MLTx,MLTy,MLTz,MLTR1,MLTR2,MLTR3,MLTR4,MLTR5,MLTR6,MLTR7,MLTR8,MLTR9,MLTTVx,MLTTVy,MLTTVz,MLTRVx,MLTRVy,MLTRVz,MLGA,MRTx,MRTy,MRTz,MRTR1,MRTR2,MRTR3,MRTR4,MRTR5,MRTR6,MRTR7,MRTR8,MRTR9,MRTTVx,MRTTVy,MRTTVz,MRTRVx,MRTRVy,MRTRVz,MRGA,SLTx,SLTy,SLTz,SLTR1,SLTR2,SLTR3,SLTR4,SLTR5,SLTR6,SLTR7,SLTR8,SLTR9,SLTTVx,SLTTVy,SLTTVz,SLTRVx,SLTRVy,SLTRVz,SLGA,SRTx,SRTy,SRTz,SRTR1,SRTR2,SRTR3,SRTR4,SRTR5,SRTR6,SRTR7,SRTR8,SRTR9,SRTTVx,SRTTVy,SRTTVz,SRTRVx,SRTRVy,SRTRVz,SRGA
524,0.086834,0.027166,0.328624,0.04231,0.565987,-0.823356,-0.88846,-0.355567,-0.290142,-0.457035,0.743091,0.488837,0.002434,0.014871,-0.004704,0.032069,-0.052838,0.027073,-0.496836,-0.075013,0.05379,0.339404,0.358803,0.624202,0.693991,-0.83415,0.548038,-0.061494,-0.419144,-0.557611,0.716416,0.027843,-0.028431,0.087583,-0.125893,0.167384,-1.018625,-0.058208,0.053036,0.045365,-0.015125,-0.310209,-0.630614,0.711403,0.845311,-0.525374,-0.097111,0.434993,0.571233,0.696041,0.013869,-0.01424,0.043758,-0.17856,0.246826,-0.954807,-0.223669,0.081341,0.037783,-0.079351,0.002663,0.605305,-0.795988,-0.87208,-0.388118,-0.29806,-0.489354,0.694959,0.526841,0.001816,0.012954,-0.006374,0.070641,0.092937,-0.120674,-0.578884
525,0.087046,0.028196,0.328304,0.042012,0.560651,-0.827013,-0.887804,-0.358676,-0.288318,-0.458336,0.745641,0.483709,0.005357,0.031241,-0.008097,0.063854,0.018709,-0.136264,-0.496706,-0.074167,0.052608,0.342793,0.312541,0.649499,0.693153,-0.851562,0.514887,-0.098328,-0.421126,-0.560344,0.713113,0.013525,-0.021863,0.077906,-0.007398,-0.072237,-0.956892,-0.057909,0.053447,0.044797,-0.01349,-0.264882,-0.652821,0.709691,0.859768,-0.493135,-0.132723,0.436618,0.575014,0.691897,0.008001,-0.016608,0.042752,-0.002811,-0.132776,-1.01712,-0.235263,0.081446,0.038292,-0.079509,0.002735,0.60019,-0.799851,-0.871251,-0.391163,-0.296499,-0.490828,0.697683,0.521847,0.002774,0.01589,-0.003817,0.065495,-0.06612,0.047602,-0.578557
526,0.087207,0.028798,0.328182,0.039352,0.55842,-0.828652,-0.888275,-0.360182,-0.284971,-0.457657,0.746591,0.482887,0.005889,0.032881,-0.006677,0.066019,-0.070643,0.043418,-0.495278,-0.073882,0.052022,0.344328,0.288753,0.659051,0.694453,-0.860132,0.497112,-0.113963,-0.420665,-0.565239,0.709513,0.016485,-0.034322,0.084691,-3.891828,0.972797,-4.835689,-0.058285,0.053594,0.044497,-0.012692,-0.243939,-0.661716,0.70896,0.864512,-0.479638,-0.150214,0.439444,0.576262,0.689064,0.00714,-0.012254,0.037955,0.345146,0.841201,-1.190812,-0.235426,0.081527,0.038595,-0.079569,1.4e-05,0.597902,-0.801569,-0.871611,-0.39292,-0.2931,-0.490197,0.698661,0.521132,0.003081,0.016835,-0.003001,0.070453,-0.037683,0.068834,-0.578068
527,0.087597,0.030077,0.328029,0.039023,0.550587,-0.833892,-0.887751,-0.363893,-0.281872,-0.4587,0.750603,0.475621,0.006891,0.035996,-0.004008,0.040905,-0.179809,-0.237157,-0.495193,-0.073603,0.05079,0.347297,0.24509,0.672887,0.697958,-0.871893,0.467777,-0.144641,-0.424096,-0.573937,0.70043,0.003641,-0.032084,0.071939,1.493324,1.98392,-2.12458,-0.057399,0.053736,0.043894,-0.011223,-0.198387,-0.675579,0.710094,0.877332,-0.445394,-0.178635,0.436954,0.58755,0.681069,0.001744,-0.015977,0.036012,-0.114809,-0.006635,-0.725425,-0.234936,0.08172,0.039222,-0.079644,0.000221,0.591314,-0.80644,-0.870812,-0.396344,-0.290854,-0.491614,0.702323,0.514836,0.010034,0.016739,-0.002818,0.020921,-0.486686,-0.168648,-0.576925
528,0.087923,0.031436,0.327979,0.03425,0.548505,-0.835472,-0.888486,-0.366004,-0.276776,-0.457651,0.751103,0.475843,0.008018,0.039501,-0.001042,-1.440863,1.359335,-1.740383,-0.497529,-0.073562,0.049768,0.34975,0.191374,0.683402,0.704506,-0.893518,0.418345,-0.162932,-0.406288,-0.599162,0.689782,-0.009734,-0.028189,0.060367,-0.569499,0.384577,-0.917762,-0.056013,0.053763,0.043372,-0.009969,-0.141859,-0.684198,0.715365,0.896244,-0.395592,-0.200631,0.420264,0.612681,0.669327,0.001179,-0.012489,0.030581,-1.381521,0.450115,-1.50562,-0.233793,0.081885,0.039912,-0.079672,-0.002186,0.587895,-0.808934,-0.870625,-0.399068,-0.287672,-0.49194,0.70365,0.512708,0.004054,0.01988,-0.000415,0.07072,0.056766,-0.07415,-0.577904
529,0.088069,0.032158,0.328034,0.033877,0.543346,-0.838852,-0.88837,-0.368095,-0.274365,-0.457903,0.75383,0.471267,-0.004733,0.043102,0.001469,0.02766,-0.37002,-0.167444,-0.495637,-0.073572,0.04934,0.350824,0.162547,0.685174,0.710005,-0.901681,0.395353,-0.174935,-0.40074,-0.612618,0.681154,0.000841,-0.01658,0.051293,-0.010462,0.779627,-1.090978,-0.054227,0.053753,0.043155,-0.009428,-0.113199,-0.685279,0.719428,0.903497,-0.37225,-0.212419,0.413373,0.625956,0.661286,0.001721,-0.014144,0.02941,0.300678,2.17983,-2.847053,-0.232814,0.081961,0.040262,-0.079647,-0.004516,0.58467,-0.811257,-0.871083,-0.400728,-0.283955,-0.491113,0.705391,0.511106,0.004221,0.020397,6e-06,-0.003206,-0.678503,-0.342115,-0.578068
530,0.088253,0.033493,0.328345,0.031798,0.540877,-0.840528,-0.888616,-0.369608,-0.271522,-0.457574,0.754867,0.469925,0.00833,0.033108,0.010741,0.02965,-0.100038,0.064496,-0.49692,-0.073621,0.048524,0.352673,0.114901,0.68468,0.719724,-0.91088,0.361698,-0.198509,-0.396354,-0.633627,0.664291,-0.008769,-0.027558,0.045058,-0.017946,0.356368,-0.529242,-0.052413,0.05373,0.04276,-0.008513,-0.065005,-0.6835,0.72705,0.910914,-0.338132,-0.236434,0.407442,0.64691,0.64459,0.000461,-0.006771,0.018825,1.567938,1.869326,-1.705561,-0.230201,0.082052,0.040929,-0.079499,-0.006658,0.580587,-0.81417,-0.871297,-0.402908,-0.28019,-0.49071,0.707519,0.508546,0.004189,0.016635,0.00544,0.032092,-0.08154,0.079202,-0.577904
531,0.08826,0.034702,0.328977,0.030644,0.538271,-0.842242,-0.888502,-0.371246,-0.26965,-0.45787,0.755928,0.467927,-0.004821,0.027812,0.022883,-0.000559,0.076985,-0.123194,-0.502059,-0.073695,0.047805,0.353971,0.085904,0.676006,0.731866,-0.909888,0.352481,-0.218621,-0.405837,-0.647977,0.644426,0.003181,-0.020163,0.033088,-0.089612,0.167812,-0.198033,-0.052691,0.053689,0.042393,-0.007846,-0.034882,-0.673473,0.738387,0.908683,-0.328935,-0.257091,0.416026,0.661992,0.623447,0.00066,-0.005577,0.011821,0.043779,0.367561,-0.476418,-0.229874,0.082058,0.041549,-0.079183,-0.007583,0.578167,-0.815882,-0.871042,-0.404562,-0.278593,-0.491149,0.708555,0.506675,-0.001717,0.019752,0.007736,0.03379,-0.041741,0.065322,-0.58068
532,0.088138,0.0358,0.329956,0.026205,0.533847,-0.845202,-0.889768,-0.372869,-0.263161,-0.455678,0.758266,0.46628,-0.003721,0.03104,0.025342,-0.002053,-0.038939,0.038462,-0.503012,-0.073763,0.047112,0.354818,0.050011,0.658583,0.750839,-0.906837,0.34497,-0.242029,-0.418447,-0.669603,0.613513,-0.008635,-0.021013,0.018277,1.415047,2.290235,-1.540628,-0.054382,0.053659,0.042048,-0.007415,-0.000799,-0.656807,0.754057,0.904916,-0.321392,-0.278984,0.425587,0.682136,0.594612,0.002026,-0.00973,0.008964,-0.370624,0.84861,0.06461,-0.230201,0.081998,0.042098,-0.078693,-0.012015,0.573578,-0.819062,-0.872159,-0.406652,-0.271978,-0.489074,0.711084,0.505137,-0.002407,0.010208,0.016832,-0.029446,0.11631,-0.119319,-0.581497
533,0.088022,0.036375,0.33055,0.025447,0.533903,-0.84519,-0.889912,-0.373005,-0.262482,-0.45544,0.758159,0.466687,-0.017108,0.024751,0.036629,-0.036357,0.000616,-0.002457,-0.502684,-0.07375,0.046782,0.35508,0.036934,0.650106,0.75894,-0.90679,0.340975,-0.247797,-0.419891,-0.679854,0.601127,0.002217,-0.010256,0.008609,-0.186823,0.51219,-0.171718,-0.054994,0.053661,0.041878,-0.007282,0.014293,-0.646207,0.763027,0.903945,-0.31784,-0.286112,0.427408,0.693825,0.579593,0.002415,-0.010903,0.008164,-0.232649,0.469847,0.014297,-0.231344,0.081938,0.042397,-0.078387,-0.012678,0.573786,-0.818906,-0.872268,-0.406743,-0.271491,-0.488863,0.710864,0.505652,-0.008485,0.012635,0.018535,-0.035586,0.003993,0.000469,-0.58166
534,0.087723,0.037648,0.331941,0.016511,0.535384,-0.844475,-0.892556,-0.372698,-0.253798,-0.450642,0.757265,0.472757,-0.001139,0.038627,0.031063,-1.465176,1.405657,-1.769281,-0.497365,-0.073785,0.046271,0.355332,0.010322,0.623709,0.781583,-0.907604,0.33392,-0.254337,-0.419602,-0.707515,0.568524,0.000462,-0.001411,-0.000973,-0.221649,1.282305,-0.116214,-0.056682,0.05365,0.041618,-0.007159,0.040227,-0.621259,0.782571,0.904113,-0.310809,-0.293216,0.425394,0.719329,0.549185,0.000372,-0.00119,-0.000831,1.413451,2.302457,-1.551442,-0.232977,0.081795,0.043006,-0.077719,-0.019296,0.574496,-0.818279,-0.874092,-0.407014,-0.265144,-0.485376,0.710135,0.510017,-0.001143,0.013966,0.019669,-0.031952,0.080456,-0.110136,-0.580517
535,0.087399,0.038885,0.333451,0.010952,0.536362,-0.843944,-0.894534,-0.371856,-0.248001,-0.446866,0.756985,0.476772,-0.001434,0.030186,0.040691,-0.035506,-0.030142,0.051017,-0.494955,-0.073854,0.046088,0.355348,-0.008369,0.593636,0.804685,-0.910601,0.328004,-0.251304,-0.413083,-0.735584,0.536789,0.000638,-0.00195,-0.001345,0.159077,1.515758,-0.528527,-0.055885,0.053613,0.041518,-0.007151,0.059053,-0.588991,0.805978,0.907411,-0.304848,-0.289261,0.416073,0.748436,0.516455,0.000354,-0.001159,-0.000819,1.202073,2.766909,-1.35799,-0.233467,0.081627,0.043641,-0.076952,-0.02734,0.575456,-0.817375,-0.876767,-0.40655,-0.256897,-0.480137,0.709624,0.515655,-0.006965,0.01693,0.021632,-0.032413,0.07809,-0.115227,-0.577415
536,0.087173,0.039606,0.334303,0.006313,0.539715,-0.841852,-0.896094,-0.370528,-0.24433,-0.443814,0.755249,0.482344,-0.013443,0.034963,0.043854,-0.03624,0.002495,0.061867,-0.494489,-0.073942,0.046027,0.355295,-0.016813,0.573763,0.818844,-0.913054,0.32496,-0.246306,-0.407363,-0.752498,0.517364,-0.01116,-0.00641,-0.003002,-0.428715,1.346982,0.314088,-0.054944,0.053573,0.041491,-0.007176,0.068338,-0.570776,0.818257,0.909337,-0.30176,-0.286438,0.410409,0.763646,0.498406,-0.005685,-0.002909,-0.001298,-0.364548,1.169074,0.253777,-0.23265,0.081524,0.043986,-0.076543,-0.031979,0.578731,-0.81489,-0.878338,-0.405347,-0.253406,-0.476968,0.707646,0.521284,-0.006653,0.017768,0.022176,-0.072577,0.0215,0.00831,-0.577251
537,0.086833,0.040899,0.336041,-0.005165,0.541376,-0.840792,-0.897386,-0.373426,-0.234995,-0.441196,0.752629,0.488798,-0.001155,0.023414,0.051257,-0.069247,-0.025453,0.060266,-0.486926,-0.074245,0.045829,0.355198,-0.03713,0.531801,0.84605,-0.917079,0.318189,-0.240116,-0.396821,-0.785465,0.474807,-0.011186,-0.006355,-0.002967,-0.416761,1.400081,0.345007,-0.055061,0.053422,0.041389,-0.007226,0.08894,-0.527073,0.845152,0.913638,-0.294756,-0.279969,0.396678,0.797065,0.455338,-0.005778,-0.002617,-0.001092,-0.314465,1.082292,-0.058038,-0.232324,0.081345,0.044651,-0.075659,-0.043705,0.579465,-0.813823,-0.879367,-0.408913,-0.243932,-0.474133,0.704988,0.527434,-0.006235,0.018819,0.022729,-0.030534,-0.037206,0.050218,-0.573822
538,0.086609,0.041939,0.338085,-0.012903,0.545124,-0.838283,-0.898271,-0.374536,-0.229792,-0.439225,0.749362,0.495545,-0.014541,0.016424,0.061457,-0.099191,0.052745,0.045346,-0.48346,-0.074665,0.045621,0.355119,-0.061749,0.484799,0.872438,-0.921049,0.309073,-0.236804,-0.384342,-0.818774,0.426325,-0.011727,-0.00471,-0.001832,-0.317062,1.232104,0.035123,-0.056218,0.053218,0.041283,-0.007268,0.112601,-0.478862,0.870638,0.917707,-0.285823,-0.275894,0.380964,0.830058,0.407271,-0.005786,-0.002624,-0.0011,-0.420448,1.513552,0.20513,-0.23265,0.081239,0.045176,-0.074639,-0.051526,0.582924,-0.81089,-0.880103,-0.410246,-0.238989,-0.471977,0.701353,0.534171,-0.000273,0.01264,0.026082,-0.063036,-0.004218,0.082593,-0.56925
539,0.086534,0.042356,0.339188,-0.01773,0.545618,-0.837874,-0.897454,-0.378033,-0.227245,-0.440719,0.747245,0.497413,-0.000291,0.025808,0.052241,-0.068346,-0.024146,0.060573,-0.483446,-0.074914,0.0455,0.355066,-0.070759,0.459895,0.885144,-0.921494,0.309588,-0.234389,-0.381706,-0.832802,0.400755,-0.011459,-0.00555,-0.002414,-0.408802,1.706286,0.105058,-0.056048,0.053088,0.041222,-0.007294,0.122147,-0.454578,0.882291,0.918078,-0.286011,-0.274462,0.377109,0.843538,0.382402,-0.011739,-0.00469,-0.001816,-0.275915,1.269816,0.046627,-0.23314,0.081196,0.045382,-0.074084,-0.05642,0.582964,-0.810536,-0.879082,-0.413873,-0.23648,-0.473319,0.699186,0.535823,-0.000823,0.007344,0.030097,-0.097822,-0.015589,0.042981,-0.56876
540,0.086537,0.042777,0.341594,-0.026134,0.549774,-0.834931,-0.899055,-0.378023,-0.220838,-0.437011,0.744194,0.505196,0.009423,0.000121,0.065248,-0.129789,0.051721,0.095529,-0.465048,-0.075461,0.04522,0.354954,-0.071117,0.41814,0.905589,-0.910942,0.342631,-0.229614,-0.406174,-0.841778,0.355381,-0.011203,-0.006376,-0.002989,-0.225531,1.215669,0.043203,-0.055164,0.052814,0.041084,-0.007349,0.122071,-0.410843,0.903496,0.908971,-0.319289,-0.268,0.398583,0.853968,0.334468,-0.005524,-0.00345,-0.001678,-0.189254,1.549021,0.050715,-0.232813,0.081195,0.045605,-0.072883,-0.06496,0.586674,-0.807213,-0.880571,-0.414246,-0.230206,-0.46944,0.695854,0.543517,-0.001583,0.001433,0.033528,-0.130543,0.049558,0.060841,-0.562065
541,0.086757,0.042564,0.344234,-0.030482,0.55791,-0.829369,-0.896926,-0.381405,-0.223667,-0.441082,0.73637,0.513063,0.007012,-0.014243,0.070389,-0.148979,0.209913,0.1374,-0.458139,-0.075819,0.044907,0.35481,-0.056777,0.381373,0.922671,-0.887454,0.404094,-0.221512,-0.457222,-0.831869,0.314333,0.002007,-0.006278,-0.00435,0.223156,1.110233,0.183764,-0.051901,0.052629,0.040931,-0.007417,0.10777,-0.375068,0.920711,0.887646,-0.38078,-0.259018,0.447738,0.84518,0.291891,-0.005156,-0.004586,-0.002464,1.296394,0.828237,0.724766,-0.230364,0.081308,0.045509,-0.071562,-0.069619,0.594137,-0.801344,-0.878269,-0.417444,-0.233202,-0.47307,0.687561,0.550874,0.004275,-0.001082,0.031564,-0.111779,0.208689,0.199471,-0.551288
542,0.087051,0.041931,0.346989,-0.038704,0.570881,-0.820148,-0.892751,-0.388399,-0.228287,-0.448829,0.722641,0.525709,0.006602,-0.015368,0.069274,4.401333,1.620386,-2.672407,-0.457787,-0.07609,0.044475,0.354578,-0.047887,0.354275,0.93391,-0.870071,0.444418,-0.213079,-0.490443,-0.823202,0.285775,-0.009347,-0.012298,-0.007115,-1.195995,-0.30707,2.069879,-0.053243,0.052498,0.040717,-0.007532,0.101242,-0.348586,0.931792,0.870766,-0.421936,-0.252459,0.481161,0.836933,0.260819,0.001472,-0.004604,-0.0032,-0.112197,0.553539,-0.167071,-0.229874,0.081455,0.045191,-0.070185,-0.075075,0.606335,-0.791657,-0.876343,-0.418924,-0.23775,-0.4758,0.675914,0.562808,0.002673,-0.013078,0.038763,-0.15215,0.468918,0.311281,-0.550308
543,0.087224,0.041422,0.34849,-0.041473,0.576324,-0.816197,-0.8921,-0.389163,-0.229526,-0.449871,0.717893,0.531295,0.004739,-0.028202,0.075952,-0.173309,0.222473,0.105994,-0.448813,-0.076182,0.044259,0.354458,-0.049634,0.3439,0.937689,-0.863244,0.457421,-0.213331,-0.502189,-0.82046,0.272974,0.002746,-0.008634,-0.006009,-0.161837,0.954921,0.091701,-0.053671,0.052452,0.04061,-0.007592,0.100147,-0.338762,0.935526,0.865034,-0.434934,-0.250095,0.491615,0.834309,0.249483,0.00135,-0.004226,-0.002942,-0.081607,0.483587,-0.202248,-0.230364,0.081536,0.044955,-0.069464,-0.081364,0.611514,-0.787038,-0.873031,-0.42468,-0.239714,-0.480828,0.667605,0.568424,0.002448,-0.013741,0.038236,-0.05826,0.292847,0.059324,-0.548185
544,0.087579,0.040239,0.351332,-0.043171,0.58603,-0.809167,-0.886388,-0.396067,-0.239621,-0.460864,0.706162,0.537556,0.003902,-0.030738,0.074029,-0.02719,0.562624,0.226754,-0.450265,-0.076134,0.043924,0.354219,-0.045356,0.331576,0.942333,-0.851422,0.480557,-0.20995,-0.52237,-0.812248,0.259318,0.002941,-0.00925,-0.006458,-0.098652,0.605539,0.107565,-0.053678,0.052472,0.040438,-0.007714,0.096099,-0.32611,0.940434,0.854114,-0.458148,-0.246149,0.511129,0.826893,0.234507,0.001491,-0.004675,-0.003269,-0.100682,0.507579,0.273433,-0.231181,0.081721,0.044353,-0.068014,-0.083494,0.618991,-0.780947,-0.8672,-0.431199,-0.249059,-0.490909,0.656443,0.572792,0.008053,-0.017008,0.035926,0.2577,0.664174,0.082557,-0.542634
545,0.087923,0.038954,0.354183,-0.047819,0.591242,-0.805103,-0.881504,-0.403982,-0.24438,-0.469684,0.69728,0.541503,0.003492,-0.031981,0.073089,-0.196258,0.136049,0.023574,-0.452279,-0.075998,0.043559,0.353972,-0.047137,0.323777,0.944954,-0.842389,0.495489,-0.211672,-0.536657,-0.80639,0.248189,0.002699,-0.008483,-0.005944,-0.017341,0.107856,0.032693,-0.05388,0.052541,0.040252,-0.007839,0.097974,-0.316242,0.943605,0.845636,-0.473445,-0.246473,0.524691,0.822095,0.22104,0.001313,-0.004112,-0.002888,-0.025023,0.072953,0.016751,-0.231017,0.081893,0.043697,-0.066562,-0.088376,0.625652,-0.775079,-0.861956,-0.438016,-0.255289,-0.49922,0.645523,0.577995,0.001686,-0.016051,0.036499,-0.207503,0.094279,-0.00767,-0.547042
546,0.088268,0.037678,0.357026,-0.055093,0.596098,-0.801047,-0.874119,-0.416476,-0.249868,-0.482503,0.685703,0.545003,0.00325,-0.032713,0.072534,-0.163714,0.121777,-0.01729,-0.444376,-0.075903,0.043258,0.353773,-0.05388,0.312588,0.948354,-0.838757,0.501168,-0.212723,-0.541679,-0.80728,0.233978,0.002253,-0.007077,-0.004973,-0.000545,0.255373,0.140412,-0.055161,0.052593,0.040104,-0.007938,0.104523,-0.305902,0.946307,0.842032,-0.4791,-0.247879,0.529203,0.822731,0.207503,0.001247,-0.003909,-0.002751,0.421816,0.319765,0.360737,-0.23216,0.082058,0.043083,-0.065195,-0.095747,0.629813,-0.770822,-0.853895,-0.44994,-0.261565,-0.511561,0.633157,0.580875,0.001623,-0.01624,0.036343,0.196482,0.094978,-0.090695,-0.541164
547,0.088417,0.037102,0.3584,-0.056691,0.598339,-0.799263,-0.8695,-0.422965,-0.255031,-0.490594,0.679757,0.54523,0.003812,-0.030926,0.073737,4.717721,1.179792,-2.402154,-0.447151,-0.075884,0.043103,0.353679,-0.057324,0.306912,0.950005,-0.838749,0.501301,-0.212442,-0.541334,-0.809366,0.22748,-0.009841,-0.010926,-0.006223,-0.060742,0.377841,0.161064,-0.055564,0.052602,0.040026,-0.007985,0.107801,-0.300439,0.947688,0.841924,-0.479362,-0.24774,0.528717,0.824589,0.201271,0.001153,-0.003617,-0.002547,-0.061551,0.521256,0.301363,-0.23265,0.082135,0.042785,-0.064509,-0.096417,0.63209,-0.768872,-0.852434,-0.451244,-0.264072,-0.513867,0.629952,0.582323,0.001705,-0.015976,0.036514,-0.191847,0.198427,0.091276,-0.541001
548,0.088736,0.03613,0.361019,-0.06187,0.60095,-0.796917,-0.863909,-0.432039,-0.258794,-0.499753,0.671704,0.546889,0.017813,-0.021455,0.064377,-0.167354,0.023439,0.054923,-0.453135,-0.075871,0.042842,0.353503,-0.058575,0.298773,0.952521,-0.836065,0.50669,-0.210224,-0.545335,-0.809045,0.218905,0.00177,-0.005561,-0.003923,-0.07651,0.472545,0.258221,-0.056189,0.052606,0.039889,-0.008077,0.108973,-0.292817,0.949937,0.839431,-0.484744,-0.245718,0.532427,0.824184,0.192976,0.000845,-0.00266,-0.001878,-0.063547,0.624933,0.368637,-0.233303,0.082298,0.042278,-0.063148,-0.102868,0.633895,-0.766546,-0.843066,-0.464534,-0.27101,-0.527879,0.618372,0.582202,0.008881,-0.010682,0.032213,-0.175989,0.012184,0.041375,-0.543123
549,0.089113,0.035395,0.363617,-0.079631,0.602613,-0.79408,-0.85423,-0.451764,-0.257239,-0.513661,0.657092,0.551733,0.018642,-0.01865,0.066089,1.148308,0.453861,-0.859377,-0.463474,-0.075931,0.042652,0.353382,-0.062318,0.29055,0.954824,-0.83275,0.512177,-0.210084,-0.549967,-0.808573,0.208826,0.000937,-0.002947,-0.002082,-0.033898,0.208374,0.128765,-0.057318,0.052577,0.039792,-0.008139,0.112602,-0.283013,0.952483,0.836434,-0.490451,-0.244611,0.536374,0.824234,0.181496,0.000438,-0.001372,-0.00097,-0.035067,0.207775,0.132132,-0.233957,0.082479,0.041916,-0.061875,-0.119697,0.634692,-0.763437,-0.833169,-0.482395,-0.270414,-0.539909,0.603705,0.586547,0.003082,-0.007899,0.033995,4.220501,1.439288,-3.029104,-0.549165
550,0.089338,0.035129,0.364981,-0.083218,0.605174,-0.791761,-0.853276,-0.453635,-0.257114,-0.514674,0.65344,0.555117,0.019526,-0.015702,0.067925,-0.167254,0.01855,0.08358,-0.466297,-0.076019,0.042553,0.353326,-0.065684,0.284874,0.956307,-0.832765,0.512314,-0.209692,-0.54955,-0.810497,0.202369,0.001041,-0.003279,-0.002318,-0.019026,0.11727,0.072463,-0.057851,0.052536,0.039749,-0.008164,0.115826,-0.276827,0.953913,0.836514,-0.49064,-0.243956,0.535562,0.826218,0.174741,0.000446,-0.001394,-0.000984,-0.03172,0.121148,0.074988,-0.23461,0.082587,0.04178,-0.061219,-0.124499,0.636812,-0.7609,-0.831178,-0.485749,-0.270535,-0.541887,0.598763,0.589779,0.003488,-0.006614,0.034769,-0.173433,0.020462,0.013616,-0.551288
551,0.08982,0.034766,0.367541,-0.097439,0.611322,-0.785389,-0.845593,-0.466964,-0.258629,-0.524741,0.638158,0.563408,0.00782,-0.010578,0.070996,0.229742,0.227818,-0.188302,-0.471064,-0.076279,0.042362,0.353227,-0.066597,0.274401,0.959302,-0.827302,0.522281,-0.206708,-0.557629,-0.807729,0.191013,-0.011199,-0.006758,-0.003304,-0.031327,0.197781,0.049787,-0.058167,0.052406,0.039654,-0.008212,0.116566,-0.266371,0.956796,0.831438,-0.50077,-0.240708,0.543252,0.823574,0.163098,-0.00577,-0.002835,-0.001264,-0.038664,0.179425,0.071063,-0.2351,0.082835,0.041598,-0.059916,-0.138596,0.642095,-0.753991,-0.823159,-0.497995,-0.27278,-0.550635,0.582849,0.597567,0.010567,-0.001413,0.030232,1.190649,0.484731,-0.841628,-0.55537
552,0.090382,0.034471,0.370158,-0.107833,0.617781,-0.778951,-0.840624,-0.474912,-0.260347,-0.530645,0.625961,0.571502,0.020361,-0.012443,0.069464,-0.139287,0.245819,0.209593,-0.468433,-0.07659,0.042143,0.353114,-0.073768,0.263087,0.961944,-0.827378,0.522364,-0.206193,-0.556606,-0.811417,0.177919,0.001251,-0.003967,-0.00281,-0.018334,0.115497,0.037518,-0.059021,0.052245,0.039545,-0.008268,0.123621,-0.254608,0.959109,0.831593,-0.50079,-0.240127,0.541451,0.827274,0.149822,-0.005664,-0.003181,-0.001508,-0.029497,0.071193,0.007272,-0.235916,0.083113,0.041454,-0.058605,-0.149523,0.646921,-0.747753,-0.817515,-0.506265,-0.274525,-0.556158,0.570252,0.604566,0.003891,-0.00514,0.035437,-0.127709,0.478448,0.036302,-0.556023
553,0.091004,0.034032,0.372936,-0.121462,0.61888,-0.776066,-0.83304,-0.488625,-0.259346,-0.539567,0.614223,0.575868,0.02038,-0.012068,0.069398,-0.049054,0.079572,0.009887,-0.463879,-0.076894,0.041905,0.352976,-0.078307,0.251784,0.964606,-0.828072,0.522342,-0.203447,-0.554946,-0.814996,0.166369,-0.013209,0.002983,-0.012316,0.007955,0.17484,0.059542,-0.058947,0.052098,0.039424,-0.008333,0.127947,-0.243572,0.961406,0.832384,-0.500671,-0.237622,0.539227,0.830662,0.138685,-0.005539,-0.0036,-0.00181,-0.033329,0.16673,0.069598,-0.236079,0.083424,0.041236,-0.057214,-0.163137,0.647769,-0.744164,-0.809304,-0.519261,-0.27458,-0.56428,0.557461,0.608953,0.003893,-0.005026,0.035362,0.220154,0.172319,-0.262198,-0.552921
554,0.091274,0.033773,0.374343,-0.128572,0.618136,-0.775514,-0.829169,-0.495927,-0.257887,-0.543856,0.609105,0.577268,0.020174,-0.012605,0.068922,-0.134106,0.034421,0.026908,-0.463686,-0.077054,0.041782,0.352887,-0.078858,0.248973,0.965291,-0.828368,0.522327,-0.202274,-0.554426,-0.815865,0.163827,-0.013334,0.00337,-0.012045,0.043961,-0.056829,0.183293,-0.05891,0.052023,0.039364,-0.008377,0.128551,-0.240521,0.962093,0.83281,-0.500536,-0.23641,0.538424,0.831632,0.135964,-0.005472,-0.003825,-0.00197,-0.014153,0.013383,-0.033157,-0.236243,0.083557,0.041112,-0.056536,-0.170171,0.646386,-0.743791,-0.804949,-0.526574,-0.273451,-0.568416,0.552181,0.609916,0.009555,-0.01153,0.038884,0.184499,0.1615,-0.256554,-0.552431
555,0.091768,0.033072,0.377254,-0.139726,0.621849,-0.770601,-0.824592,-0.503873,-0.257161,-0.548034,0.598724,0.584136,0.018907,-0.023751,0.077144,-0.163461,0.415942,0.24102,-0.449247,-0.077253,0.041569,0.352707,-0.080563,0.238024,0.967908,-0.825961,0.527606,-0.198377,-0.557758,-0.815721,0.152866,0.001345,-0.0043,-0.003057,5.286902,-0.702265,1.088295,-0.058964,0.051914,0.039256,-0.008473,0.131345,-0.230894,0.964072,0.833386,-0.500937,-0.233514,0.536856,0.834116,0.126628,0.000783,-0.002508,-0.001779,-0.058042,0.628362,0.371091,-0.236243,0.083815,0.040755,-0.055027,-0.181326,0.648233,-0.739535,-0.799989,-0.534593,-0.272444,-0.571959,0.542219,0.615515,0.009401,-0.011918,0.038539,-0.150308,0.574303,0.329775,-0.548185
556,0.092212,0.031977,0.380492,-0.155247,0.62457,-0.765412,-0.817571,-0.516081,-0.255361,-0.554321,0.585357,0.591703,0.005163,-0.033076,0.086751,-0.230688,0.150911,0.032584,-0.443247,-0.077345,0.041361,0.352529,-0.082194,0.229915,0.969729,-0.823223,0.53276,-0.195971,-0.561553,-0.814685,0.144253,0.001875,-0.006002,-0.004276,1.578399,-0.138815,0.320409,-0.05893,0.051867,0.039155,-0.00856,0.131825,-0.221625,0.96618,0.829016,-0.509721,-0.230032,0.543464,0.831303,0.116537,-0.005306,-0.004563,-0.002403,5.329696,-0.837049,0.865975,-0.236406,0.084029,0.040234,-0.053472,-0.197082,0.651113,-0.732946,-0.792169,-0.546221,-0.27223,-0.577603,0.526966,0.623442,0.0026,-0.016344,0.043491,-0.231545,0.135596,0.05735,-0.541327
557,0.092435,0.03131,0.382123,-0.163335,0.625755,-0.762756,-0.814068,-0.522185,-0.254141,-0.557135,0.578645,0.595648,0.00472,-0.034543,0.085858,-0.234978,0.10261,0.005816,-0.444202,-0.077356,0.041281,0.352416,-0.084366,0.224675,0.97077,-0.820094,0.5377,-0.195598,-0.565789,-0.812893,0.137661,0.001742,-0.005577,-0.003977,0.12039,0.125789,0.116343,-0.059179,0.051862,0.039113,-0.008617,0.133556,-0.216201,0.967171,0.825222,-0.516152,-0.229335,0.54879,0.82876,0.109478,0.001043,-0.00333,-0.002374,0.452632,0.07496,0.144003,-0.236406,0.084141,0.039903,-0.052656,-0.205205,0.651813,-0.730088,-0.788337,-0.552156,-0.27138,-0.580012,0.519867,0.627154,0.002272,-0.017428,0.042834,-0.231307,0.07044,-0.020538,-0.539531
558,0.092802,0.029858,0.38536,-0.175942,0.631123,-0.755495,-0.810257,-0.528634,-0.252984,-0.558834,0.566848,0.605322,0.016083,-0.0402,0.08237,-0.231575,0.140349,0.030485,-0.433016,-0.0773,0.041221,0.35212,-0.084433,0.211764,0.973662,-0.811309,0.55267,-0.190438,-0.578302,-0.806273,0.123909,-0.000849,0.006114,-0.0116,5.373399,-0.781305,0.876633,-0.059568,0.051892,0.039077,-0.008764,0.134598,-0.203138,0.969854,0.820044,-0.526597,-0.224104,0.556246,0.825487,0.095703,0.007042,-0.001131,-0.001561,-0.051089,0.339209,0.219708,-0.236406,0.084328,0.039166,-0.051003,-0.218022,0.656229,-0.722377,-0.784299,-0.558314,-0.270479,-0.580809,0.50759,0.636405,0.001968,-0.018437,0.042246,-0.237053,0.103884,0.007021,-0.536102
559,0.09302,0.028144,0.38863,-0.179312,0.640149,-0.747063,-0.80389,-0.533022,-0.263859,-0.566894,0.552445,0.611116,0.002299,-0.042789,0.081148,-0.152067,0.42937,0.200366,-0.422551,-0.077169,0.041342,0.35176,-0.081079,0.193379,0.977764,-0.799972,0.572518,-0.179449,-0.594353,-0.796963,0.10704,-0.000497,0.004992,-0.012405,-0.028741,0.429585,0.257554,-0.059745,0.051956,0.03914,-0.008942,0.129626,-0.185371,0.974081,0.806521,-0.55176,-0.21233,0.576819,0.81314,0.077982,-0.00032,0.002747,-0.006029,-0.029089,0.515957,0.349269,-0.236896,0.084443,0.038313,-0.049366,-0.221466,0.663662,-0.714496,-0.777769,-0.562185,-0.281108,-0.58824,0.493457,0.640681,0.001021,-0.021675,0.040403,-0.005834,0.447648,0.593931,-0.526794
560,0.093026,0.027285,0.390199,-0.182512,0.644202,-0.742791,-0.799074,-0.537309,-0.269724,-0.572646,0.543514,0.613756,-0.009614,-0.031764,0.072663,-0.095859,0.641367,0.290177,-0.422015,-0.077066,0.041467,0.351524,-0.079874,0.182644,0.979925,-0.794188,0.582418,-0.173172,-0.60222,-0.792293,0.097293,-0.00028,0.004302,-0.012901,-0.023075,0.371387,0.220993,-0.060212,0.052007,0.039204,-0.009059,0.128267,-0.174142,0.976331,0.801361,-0.561781,-0.205481,0.584267,0.80875,0.067493,0.005965,0.004032,-0.005862,-0.037157,0.397723,0.274812,-0.237222,0.08445,0.037879,-0.048579,-0.224541,0.666372,-0.711005,-0.772748,-0.566277,-0.286688,-0.593667,0.485055,0.64209,0.00068,-0.022858,0.039761,-0.055359,-0.093888,0.312312,-0.525488
561,0.092988,0.025621,0.393102,-0.188153,0.648301,-0.737801,-0.793687,-0.542789,-0.274612,-0.578276,0.533106,0.617594,0.001291,-0.039085,0.068373,-0.194615,0.049278,0.161161,-0.416564,-0.076773,0.041769,0.351017,-0.079282,0.155329,0.984672,-0.782925,0.601704,-0.157839,-0.616864,-0.783621,0.07266,-6.9e-05,0.003638,-0.013383,-0.05046,0.543649,0.329005,-0.064778,0.052149,0.039353,-0.009307,0.126928,-0.148068,0.980797,0.791154,-0.581308,-0.190145,0.5983,0.800097,0.04336,0.006023,0.003842,-0.006003,-0.070306,0.843467,0.560627,-0.239345,0.084427,0.03705,-0.047126,-0.231024,0.671802,-0.703781,-0.76725,-0.570601,-0.292815,-0.598292,0.472329,0.647263,0.000602,-0.019538,0.034187,-0.207532,0.100293,-0.038781,-0.522222
562,0.092731,0.02429,0.395615,-0.194695,0.647084,-0.737171,-0.782003,-0.556009,-0.281597,-0.591856,0.520837,0.615192,-0.010256,-0.019507,0.049614,-0.137805,0.059267,-0.042676,-0.405758,-0.076341,0.041981,0.350434,-0.080155,0.130906,0.988145,-0.770868,0.620315,-0.144591,-0.631753,-0.773471,0.049939,0.013345,0.003583,-0.014963,5.384809,-0.086907,0.750195,-0.07073,0.052358,0.039463,-0.009595,0.127986,-0.124204,0.983967,0.783656,-0.595417,-0.17709,0.607866,0.793757,0.021128,0.00684,0.001302,-0.007844,-0.020934,0.216877,0.162701,-0.244407,0.084306,0.036388,-0.045885,-0.237174,0.669901,-0.703547,-0.754898,-0.582918,-0.300557,-0.611455,0.459823,0.64396,-0.005756,-0.015383,0.029168,-0.172061,-0.00732,0.112207,-0.515854
563,0.092383,0.023438,0.397373,-0.195834,0.642737,-0.740664,-0.775708,-0.563548,-0.28401,-0.599708,0.518119,0.609861,-0.011124,-0.015212,0.036969,-0.10652,0.031701,-0.062841,-0.404983,-0.075786,0.04208,0.349806,-0.081579,0.114142,0.990105,-0.764869,0.629721,-0.135501,-0.638819,-0.768486,0.034679,0.014026,0.001521,-0.016492,-0.020019,0.351962,0.249616,-0.072895,0.052641,0.039514,-0.009915,0.1286,-0.106129,0.986,0.775116,-0.609431,-0.166693,0.618591,0.785702,0.003889,0.007154,0.00035,-0.008553,-0.02915,0.458822,0.283818,-0.248489,0.084128,0.035951,-0.044978,-0.238092,0.665324,-0.707569,-0.748329,-0.590065,-0.303027,-0.619124,0.457347,0.638371,0.000539,-0.008944,0.017617,-0.10853,0.059907,-0.013154,-0.511282
564,0.092222,0.023146,0.398004,-0.19824,0.637503,-0.744538,-0.768233,-0.572744,-0.285928,-0.608471,0.5145,0.604219,-0.011251,-0.008391,0.02572,1.876989,-1.005389,1.630791,-0.403061,-0.075444,0.042124,0.349461,-0.081293,0.106153,0.991017,-0.758053,0.638951,-0.130508,-0.646927,-0.761974,0.027274,0.014021,0.001592,-0.016464,0.028919,0.31597,0.23227,-0.073761,0.052808,0.039533,-0.010083,0.12814,-0.098556,0.986846,0.768853,-0.618662,-0.16162,0.626453,0.779451,-0.0035,0.007262,4.6e-05,-0.008788,0.469656,0.465186,0.346293,-0.249469,0.084048,0.035803,-0.044658,-0.242257,0.659398,-0.711691,-0.741267,-0.599066,-0.302724,-0.625966,0.454216,0.633918,-0.005782,-0.004628,0.012622,0.297126,0.162497,-0.344914,-0.510302
565,0.091887,0.022713,0.39873,-0.198197,0.628476,-0.752184,-0.760884,-0.582357,-0.28616,-0.617646,0.514825,0.594555,-0.013324,-0.008128,0.010766,0.06792,-0.01309,-0.175367,-0.402223,-0.074736,0.042221,0.348834,-0.088499,0.088879,0.992098,-0.758838,0.639151,-0.124836,-0.64505,-0.76399,0.009626,0.026052,0.006088,-0.014794,-0.037579,0.456897,0.354926,-0.075356,0.053173,0.039578,-0.010411,0.134906,-0.081138,0.98753,0.769746,-0.61899,-0.156013,0.62393,0.781195,-0.02105,0.01302,0.003092,-0.007374,-0.028226,0.527818,0.409758,-0.251265,0.083883,0.035592,-0.044286,-0.239705,0.651411,-0.719864,-0.732694,-0.607848,-0.30607,-0.636946,0.454073,0.622989,-0.000716,-0.005991,0.004183,0.340756,0.032453,-0.151587,-0.508669
566,0.091656,0.022355,0.398689,-0.195853,0.622204,-0.75799,-0.756864,-0.587341,-0.286633,-0.623308,0.516781,0.5869,-0.003091,-0.010416,-0.005892,-0.008175,-0.221822,0.084282,-0.397685,-0.07395,0.042468,0.34823,-0.088678,0.071795,0.993465,-0.752724,0.648352,-0.113928,-0.652148,-0.757986,-0.004708,0.013015,0.004894,-0.014122,-0.064418,0.620444,0.421266,-0.074988,0.053553,0.039695,-0.010705,0.134479,-0.065637,0.988739,0.76417,-0.628354,-0.145649,0.630839,0.775153,-0.034343,0.006501,0.002506,-0.007031,-0.002436,0.106929,0.095775,-0.251592,0.083763,0.035414,-0.0443,-0.237495,0.645828,-0.725603,-0.728373,-0.612621,-0.306866,-0.642703,0.455631,0.615899,-0.007866,-0.004455,-0.002401,-0.020272,-0.147832,-0.136329,-0.506057
567,0.091585,0.022102,0.3985,-0.198491,0.619,-0.759924,-0.753268,-0.592342,-0.285813,-0.626815,0.514923,0.584794,-0.004665,-0.015709,-0.008911,-0.002379,-0.138216,0.09139,-0.396977,-0.073567,0.042637,0.347978,-0.089108,0.062705,0.994042,-0.753518,0.648389,-0.108332,-0.651171,-0.758749,-0.011784,0.01259,0.006224,-0.013153,-0.057094,0.570339,0.390207,-0.075144,0.053754,0.039782,-0.010836,0.134703,-0.056063,0.989298,0.765275,-0.628336,-0.139808,0.62945,0.775918,-0.041735,0.012404,0.005057,-0.005959,-0.081075,0.58817,0.43953,-0.252082,0.083728,0.035291,-0.044393,-0.239882,0.642405,-0.727854,-0.72451,-0.617502,-0.306228,-0.646174,0.453879,0.613556,-0.002359,-0.007947,-0.004501,-0.010769,-0.033131,-0.076092,-0.504587
568,0.091395,0.021369,0.398003,-0.194771,0.617584,-0.762036,-0.751202,-0.59342,-0.288999,-0.630455,0.515383,0.58046,-0.00677,-0.022756,-0.013012,-0.003636,0.031042,-0.080854,-0.398214,-0.072694,0.043093,0.347483,-0.088559,0.045373,0.995033,-0.747342,0.657363,-0.096374,-0.658324,-0.752209,-0.025564,0.024382,0.011404,-0.010952,-0.006485,0.248076,0.225599,-0.074746,0.054186,0.040009,-0.011084,0.134017,-0.036638,0.990301,0.760166,-0.637303,-0.126452,0.635755,0.769741,-0.057559,0.010873,0.011505,-0.009285,0.019064,0.249662,0.284808,-0.251755,0.083633,0.034924,-0.044642,-0.235941,0.641491,-0.729945,-0.722506,-0.618125,-0.309684,-0.649857,0.454323,0.609323,-0.003318,-0.011174,-0.006382,-0.00469,0.043723,-0.043929,-0.504097
569,0.090983,0.020421,0.397518,-0.194639,0.617356,-0.762254,-0.744817,-0.598631,-0.29472,-0.638022,0.509606,0.577284,-0.019992,-0.022854,-0.012995,0.156915,-0.04149,0.057249,-0.400085,-0.07176,0.043617,0.347004,-0.088968,0.024571,0.995727,-0.745411,0.661392,-0.082807,-0.660453,-0.749612,-0.041785,0.024386,0.011416,-0.010957,0.013337,0.386022,0.314846,-0.075086,0.054652,0.040274,-0.011321,0.133779,-0.016686,0.99087,0.758855,-0.641335,-0.113254,0.63737,0.767079,-0.073135,0.012094,0.006036,-0.005253,0.114093,0.511789,0.396993,-0.251755,0.08343,0.034444,-0.044888,-0.235999,0.641412,-0.729996,-0.716004,-0.622667,-0.315631,-0.656994,0.448192,0.606202,-0.003783,-0.012696,-0.007321,0.592859,-0.315521,0.553499,-0.504913
570,0.090334,0.019349,0.397097,-0.189878,0.616317,-0.764294,-0.742095,-0.599728,-0.299319,-0.642616,0.509576,0.572192,-0.021195,-0.033822,-0.004231,1.749734,-1.076277,1.914681,-0.400662,-0.070749,0.044327,0.346537,-0.077355,0.004215,0.996991,-0.747641,0.661275,-0.060689,-0.659408,-0.750078,-0.049261,0.035612,0.018187,-0.007576,-0.062658,0.436698,0.716559,-0.075028,0.055154,0.040623,-0.011558,0.121644,0.001651,0.992572,0.761823,-0.641175,-0.092299,0.63626,0.767392,-0.079253,0.010444,0.012729,-0.008375,0.02837,-0.331362,0.726482,-0.252409,0.083105,0.033907,-0.045105,-0.233265,0.639784,-0.732299,-0.713969,-0.623951,-0.317699,-0.660178,0.448731,0.602332,-0.010405,-0.012656,-0.007279,-0.007686,0.067188,-0.101055,-0.505077
571,0.089908,0.018762,0.396884,-0.188951,0.61657,-0.764319,-0.741232,-0.600024,-0.30086,-0.643884,0.508921,0.571348,-0.022065,-0.036498,-0.005888,-0.031342,-0.016043,0.056292,-0.401318,-0.070266,0.04481,0.346312,-0.071654,-0.005578,0.99741,-0.744574,0.66564,-0.049653,-0.663514,-0.746184,-0.053109,0.019753,0.028659,-0.014331,-0.02021,0.511788,0.463243,-0.075133,0.055403,0.040857,-0.011671,0.115496,0.011798,0.993237,0.759464,-0.64553,-0.080645,0.640213,0.763643,-0.083517,0.01724,0.010761,-0.002569,-0.09552,0.622892,0.320106,-0.252572,0.082893,0.033617,-0.045209,-0.230211,0.641007,-0.732196,-0.712324,-0.623627,-0.321997,-0.663021,0.447434,0.600171,-0.010655,-0.013389,-0.007752,-0.00895,0.058684,-0.109379,-0.505403
572,0.088911,0.017514,0.396491,-0.181483,0.618786,-0.764339,-0.738061,-0.599287,-0.30999,-0.649657,0.507098,0.566413,-0.021551,-0.027048,-0.015901,0.003205,-0.032929,0.072357,-0.401846,-0.069376,0.045889,0.345903,-0.059177,-0.028909,0.997824,-0.742474,0.669376,-0.024524,-0.667102,-0.742262,-0.062337,0.019012,0.030609,-0.012859,1.65205,0.374136,0.057521,-0.075066,0.055847,0.041399,-0.011874,0.102468,0.036894,0.994051,0.759949,-0.647709,-0.054297,0.641853,0.760993,-0.094407,0.009465,0.015373,-0.006336,5.503042,0.350361,-0.162273,-0.252408,0.082384,0.032975,-0.04541,-0.222836,0.643672,-0.73214,-0.709331,-0.62224,-0.331158,-0.668724,0.445536,0.595235,-0.010791,-0.013601,-0.007981,-0.004079,-0.029027,0.065732,-0.505893
573,0.087901,0.016164,0.396065,-0.161533,0.624647,-0.764047,-0.730421,-0.596239,-0.333101,-0.663432,0.50349,0.553518,-0.023273,-0.03944,-0.008072,0.130073,-0.109523,0.222751,-0.402559,-0.068722,0.046868,0.345501,-0.047451,-0.060449,0.997039,-0.729006,0.684424,0.006916,-0.68272,-0.726431,-0.077805,0.021425,0.019786,-0.004735,-0.060307,0.557314,0.254454,-0.074927,0.05618,0.041902,-0.012078,0.090043,0.068299,0.993593,0.747033,-0.664421,-0.022027,0.65866,0.74423,-0.110848,0.010693,0.009983,-0.002316,-0.067252,0.529211,0.219459,-0.251755,0.08188,0.032301,-0.045623,-0.203172,0.650573,-0.731761,-0.702105,-0.617708,-0.354236,-0.682472,0.441802,0.582272,-0.011668,-0.019848,-0.004096,0.1308,-0.109972,0.223714,-0.505893
574,0.087437,0.015474,0.395792,-0.147514,0.626492,-0.765371,-0.726061,-0.594008,-0.346355,-0.67145,0.503832,0.543448,-0.022984,-0.030976,-0.018622,0.001679,-0.180744,0.191301,-0.403837,-0.068504,0.04727,0.345336,-0.041985,-0.079668,0.995933,-0.730451,0.682498,0.023918,-0.681539,-0.726364,-0.088107,0.009006,0.016611,-0.005443,-0.098657,0.791983,0.435259,-0.074202,0.056286,0.042097,-0.012159,0.083723,0.085467,0.992816,0.748953,-0.662594,-0.006119,0.657311,0.744086,-0.119486,0.003443,0.013203,-0.007159,-0.021834,0.383333,1.17746,-0.251592,0.081657,0.031969,-0.045752,-0.189405,0.652994,-0.733296,-0.697932,-0.614838,-0.367237,-0.690663,0.442234,0.572199,-0.011807,-0.020182,-0.00436,-0.05,-0.167201,0.188747,-0.50622
575,0.086611,0.014053,0.395117,-0.136422,0.627744,-0.766402,-0.72499,-0.590426,-0.354624,-0.674955,0.506472,0.536609,-0.024339,-0.034858,-0.021292,0.001861,-0.230998,0.173621,-0.403926,-0.068193,0.047915,0.345138,-0.029538,-0.118201,0.992546,-0.732647,0.677993,0.059054,-0.679847,-0.725281,-0.107881,0.011234,0.006478,0.003163,-0.020764,0.331305,0.765834,-0.073212,0.056437,0.042417,-0.012259,0.072523,0.12411,0.989614,0.752777,-0.657708,0.027318,0.654268,0.742978,-0.141126,-0.002018,0.007626,-0.002404,-0.10327,0.963321,0.446319,-0.250776,0.081245,0.031263,-0.046086,-0.178581,0.654997,-0.734225,-0.697206,-0.610782,-0.375297,-0.694271,0.444886,0.565742,-0.0059,-0.018947,-0.011606,-0.001157,-0.199054,0.012757,-0.50671
576,0.086037,0.01254,0.394183,-0.130179,0.625307,-0.769474,-0.719839,-0.593238,-0.360378,-0.681674,0.506203,0.528305,-0.012338,-0.039334,-0.024509,0.145228,-0.305764,0.161344,-0.404804,-0.068121,0.048422,0.345161,-0.021736,-0.152635,0.988039,-0.733797,0.673591,0.088032,-0.678909,-0.722903,-0.127893,-0.002423,0.006937,0.005138,-0.0885,0.653906,0.074564,-0.070546,0.056483,0.042674,-0.012252,0.061101,0.159636,0.985283,0.755165,-0.652878,0.058948,0.65268,0.74045,-0.160443,-0.001217,0.003489,0.002583,-0.078464,0.64762,0.241873,-0.248979,0.080953,0.030504,-0.046554,-0.172369,0.653038,-0.737448,-0.692066,-0.61303,-0.3811,-0.700951,0.444673,0.557613,-0.00622,-0.019877,-0.012368,0.562916,-0.519048,0.404284,-0.5072
577,0.08554,0.01101,0.393175,-0.126936,0.624152,-0.770952,-0.713095,-0.597624,-0.366487,-0.689333,0.502462,0.521899,-0.012681,-0.040238,-0.025468,-0.004152,0.058467,-0.129902,-0.404614,-0.068155,0.048888,0.345394,-0.01158,-0.19027,0.981659,-0.733708,0.668547,0.121043,-0.679267,-0.718598,-0.148585,-0.003472,0.009935,0.007332,0.384967,-0.308457,2.601742,-0.064966,0.056468,0.042902,-0.012139,0.051573,0.193311,0.97978,0.756344,-0.648216,0.088081,0.652137,0.736509,-0.17964,-0.001858,0.005312,0.00392,-0.092748,0.790927,0.137389,-0.244897,0.080704,0.029755,-0.047048,-0.168646,0.652096,-0.73914,-0.685161,-0.616641,-0.387693,-0.708598,0.441048,0.550785,-0.006139,-0.019527,-0.012342,0.002832,0.058706,-0.086033,-0.507363
578,0.085342,0.010263,0.392677,-0.122879,0.625319,-0.770664,-0.710934,-0.597225,-0.371304,-0.692298,0.501485,0.518905,-0.012738,-0.040346,-0.02573,0.521775,-0.259343,0.456766,-0.403692,-0.068202,0.049076,0.345542,-0.007938,-0.20283,0.979177,-0.733129,0.667038,0.132346,-0.679947,-0.716545,-0.155233,-0.003469,0.009928,0.007313,0.463521,-0.715617,2.093764,-0.064497,0.056442,0.043002,-0.012061,0.048251,0.209124,0.976697,0.756578,-0.646062,0.100954,0.652119,0.734077,-0.189392,-0.001795,0.005133,0.003783,-0.084263,0.639883,-0.02307,-0.243101,0.0806,0.029349,-0.047317,-0.164909,0.653496,-0.738747,-0.683184,-0.615906,-0.392325,-0.711382,0.440002,0.548026,-0.006382,-0.020268,-0.012919,0.578471,-0.28685,0.513339,-0.507036
