frame,MLTx,MLTy,MLTz,MLTR1,MLTR2,MLTR3,MLTR4,MLTR5,MLTR6,MLTR7,MLTR8,MLTR9,MLTTVx,MLTTVy,MLTTVz,MLTRVx,MLTRVy,MLTRVz,MLGA,MRTx,MRTy,MRTz,MRTR1,MRTR2,MRTR3,MRTR4,MRTR5,MRTR6,MRTR7,MRTR8,MRTR9,MRTTVx,MRTTVy,MRTTVz,MRTRVx,MRTRVy,MRTRVz,MRGA,SLTx,SLTy,SLTz,SLTR1,SLTR2,SLTR3,SLTR4,SLTR5,SLTR6,SLTR7,SLTR8,SLTR9,SLTTVx,SLTTVy,SLTTVz,SLTRVx,SLTRVy,SLTRVz,SLGA,SRTx,SRTy,SRTz,SRTR1,SRTR2,SRTR3,SRTR4,SRTR5,SRTR6,SRTR7,SRTR8,SRTR9,SRTTVx,SRTTVy,SRTTVz,SRTRVx,SRTRVy,SRTRVz,SRGA
369,0.090696,-0.035412,0.275217,0.39011,0.376048,-0.840505,0.919679,-0.203717,0.33565,-0.045484,-0.904408,-0.424269,0.001294,0.003796,0.005882,0.418323,-0.182406,0.235349,-0.214258,-0.206126,-0.020463,0.286066,0.532846,-0.070759,0.843244,-0.678877,-0.630496,0.376211,0.504363,-0.772795,-0.385056,-0.000405,-0.003133,-0.003949,-0.001586,0.016009,-0.02391,-1.399577,0.022963,0.04343,-0.014967,-0.532063,0.059288,0.844626,0.656328,0.659098,0.367182,-0.534922,0.749716,-0.389594,-0.000176,-0.001381,-0.001741,0.001104,0.013998,-0.019995,-0.990155,0.048024,0.032969,-0.068786,-0.362687,-0.394271,-0.844397,-0.931907,0.155806,0.327524,0.002429,0.905689,-0.423933,0.001084,0.002273,0.003596,4.61974,-1.902934,2.352797,-0.36726
370,0.090752,-0.035327,0.275483,0.388448,0.374194,-0.8421,0.920351,-0.202785,0.334371,-0.046122,-0.905385,-0.422113,0.001463,0.004296,0.006643,0.028078,0.118839,0.109298,-0.261725,-0.206138,-0.02057,0.285948,0.530445,-0.070184,0.844804,-0.680123,-0.629967,0.374844,0.505215,-0.77328,-0.382961,-0.000327,-0.002526,-0.003188,0.011417,-0.049314,-0.033783,-1.393681,0.022956,0.043375,-0.015028,-0.529436,0.058694,0.846316,0.657663,0.658565,0.365746,-0.535887,0.750231,-0.387269,-0.000141,-0.001109,-0.001399,0.013287,-0.049322,-0.035003,-0.989665,0.048053,0.033013,-0.068651,-0.360499,-0.393062,-0.845897,-0.932757,0.153285,0.32629,0.001411,0.906645,-0.42189,0.000666,0.001976,0.003056,0.036525,0.170152,0.1402,-0.400734
371,0.090802,-0.035238,0.275792,0.388083,0.374461,-0.84215,0.920498,-0.202839,0.333933,-0.046253,-0.905262,-0.42236,0.000673,-0.006616,0.015137,-0.034342,0.00265,0.008633,-0.309253,-0.206151,-0.020668,0.285825,0.528044,-0.069591,0.846356,-0.681373,-0.629419,0.373493,0.506048,-0.77378,-0.380844,-0.000382,-0.002948,-0.003725,0.109369,-0.463882,-0.352654,-1.377446,0.02295,0.043326,-0.01509,-0.529577,0.05901,0.846206,0.657691,0.658577,0.365674,-0.535714,0.750195,-0.387578,-0.00014,-0.001098,-0.001386,-0.000275,0.001504,0.000995,-0.989175,0.048078,0.033062,-0.0685,-0.36,-0.393221,-0.846035,-0.93295,0.153189,0.325785,0.001497,0.906592,-0.422004,0.000729,0.002163,0.003333,-0.000116,-0.017468,0.023017,-0.437148
372,0.090817,-0.035177,0.275942,0.387953,0.37456,-0.842166,0.920552,-0.202854,0.333778,-0.046293,-0.905218,-0.42245,0.001632,0.004803,0.007399,0.00027,-0.015445,0.024331,-0.331966,-0.206169,-0.020731,0.285763,0.527083,-0.07202,0.846751,-0.681812,-0.630461,0.370924,0.506458,-0.772706,-0.382476,-0.000366,-0.002825,-0.003572,-0.126757,0.092312,-0.193041,-1.363018,0.022941,0.043293,-0.015123,-0.526139,0.060714,0.848228,0.659343,0.659063,0.361804,-0.537069,0.749632,-0.38679,-0.000186,-0.001456,-0.00184,-0.140523,0.123366,-0.193903,-0.986726,0.048085,0.033088,-0.068422,-0.359887,-0.393312,-0.846041,-0.932994,0.153238,0.325636,0.001569,0.906544,-0.422106,0.000768,0.002273,0.003503,0.000109,-0.015681,0.024034,-0.45462
373,0.09082,-0.035084,0.276268,0.386337,0.372656,-0.843752,0.921194,-0.202019,0.332508,-0.047017,-0.906188,-0.420285,0.000488,-0.007151,0.014287,-0.033869,0.004942,0.010081,-0.385861,-0.206205,-0.020848,0.285633,0.521279,-0.073331,0.850224,-0.684753,-0.630387,0.365592,0.508498,-0.772641,-0.379893,-0.000354,-0.002724,-0.003448,-0.019044,-0.052965,-0.113435,-1.323226,0.022923,0.043235,-0.015187,-0.520295,0.062234,0.851715,0.66228,0.659053,0.356417,-0.539144,0.749517,-0.384118,-0.000204,-0.001585,-0.002007,-0.119738,0.051162,-0.279363,-0.977092,0.048087,0.033141,-0.068258,-0.358267,-0.391212,-0.8477,-0.933616,0.152293,0.324295,0.002231,0.907611,-0.419804,0.000621,0.001847,0.002836,-0.001328,-0.013808,-0.007722,-0.493157
374,0.090833,-0.035016,0.276502,0.384586,0.370875,-0.845335,0.921896,-0.201059,0.331143,-0.047622,-0.90713,-0.41818,-2e-06,-0.008592,0.012066,0.018379,0.275495,0.146896,-0.444683,-0.206221,-0.021035,0.285495,0.512978,-0.07425,0.855179,-0.688896,-0.629844,0.358682,0.511344,-0.772995,-0.375324,-0.000172,-0.015643,0.00242,-0.000869,-0.131622,-0.150825,-1.287138,0.022915,0.043142,-0.015254,-0.512132,0.063567,0.85655,0.666356,0.658629,0.349537,-0.54193,0.749777,-0.379664,-8.6e-05,-0.007849,0.001176,-0.000144,-0.12712,-0.145802,-0.968274,0.048095,0.033174,-0.068134,-0.357081,-0.389976,-0.84877,-0.934069,0.151699,0.323267,0.002691,0.908243,-0.418433,-1.7e-05,-0.004331,0.005979,0.029445,0.369744,0.20069,-0.536265
375,0.090851,-0.03498,0.276614,0.384517,0.370917,-0.845347,0.921921,-0.201101,0.331047,-0.047681,-0.907104,-0.418231,0.000978,0.002882,0.004416,0.000774,0.003763,0.002377,-0.473049,-0.206218,-0.021146,0.285421,0.507985,-0.073499,0.85822,-0.69145,-0.628817,0.355554,0.512883,-0.773903,-0.371332,-0.000195,-0.015821,0.00219,-0.003239,-0.122072,-0.144252,-1.279194,0.022916,0.043087,-0.015292,-0.506842,0.062932,0.859738,0.669049,0.657613,0.346289,-0.543583,0.750721,-0.375411,-9.8e-05,-0.007932,0.001066,-0.007735,-0.086111,-0.12167,-0.968274,0.048104,0.033191,-0.068079,-0.356511,-0.389358,-0.849293,-0.934286,0.151353,0.322801,0.002858,0.908565,-0.417731,0.000485,0.00144,0.002206,-0.001357,-0.014987,-0.008267,-0.559126
376,0.090877,-0.034906,0.27684,0.384512,0.37089,-0.845362,0.921915,-0.20124,0.330979,-0.047837,-0.907084,-0.418256,0.001017,0.003001,0.004591,0.0,1e-06,1e-06,-0.511987,-0.206214,-0.021404,0.285276,0.496887,-0.074719,0.864587,-0.696984,-0.627794,0.346442,0.516264,-0.774615,-0.36511,-0.000642,-0.004933,-0.006273,0.006417,0.042026,-0.246659,-1.27393,0.022919,0.04296,-0.015362,-0.49557,0.0644,0.866176,0.674636,0.656648,0.337161,-0.54706,0.751442,-0.368862,-0.000294,-0.002273,-0.002889,0.012096,-0.015868,-0.049346,-0.978398,0.048116,0.033227,-0.067969,-0.356601,-0.389472,-0.849203,-0.934251,0.151552,0.322808,0.002974,0.908484,-0.417908,0.000142,-0.003861,0.006696,-0.034524,0.002236,0.008329,-0.596683
377,0.090867,-0.034825,0.27707,0.384792,0.370624,-0.845351,0.921786,-0.201503,0.331178,-0.048071,-0.907134,-0.41812,0.000228,-0.007906,0.013095,-0.034344,0.002639,0.008625,-0.54415,-0.206236,-0.021779,0.285117,0.482106,-0.078278,0.872604,-0.704039,-0.627282,0.332836,0.520701,-0.774674,-0.358627,-0.000702,-0.005382,-0.006862,0.054234,-0.284538,-0.217958,-1.266387,0.022908,0.042774,-0.015439,-0.482097,0.069106,0.873388,0.68116,0.656518,0.324043,-0.551002,0.751137,-0.363577,-0.000225,-0.008901,-0.000178,-0.064308,-0.358347,-0.58411,-0.983787,0.048111,0.033267,-0.067854,-0.356898,-0.389221,-0.849193,-0.934137,0.151826,0.32301,0.003207,0.908545,-0.417773,0.000102,-0.003978,0.006514,-0.034432,0.002676,0.008598,-0.623626
378,0.090915,-0.034759,0.277285,0.386572,0.369346,-0.845098,0.921089,-0.200962,0.333439,-0.047152,-0.907774,-0.416835,0.001132,0.003347,0.005101,0.000275,-0.015422,0.024345,-0.585244,-0.206285,-0.022154,0.284907,0.466643,-0.076276,0.881146,-0.711307,-0.624329,0.322784,0.524909,-0.777257,-0.346705,-0.000851,-0.006501,-0.008313,0.12414,-0.564193,-0.419527,-1.25356,0.022883,0.042585,-0.015546,-0.467442,0.068033,0.881401,0.688104,0.653935,0.314453,-0.554986,0.753485,-0.352491,-0.000418,-0.003222,-0.004117,0.129262,-0.502691,-0.621195,-0.977255,0.048134,0.033299,-0.067748,-0.358767,-0.388025,-0.848953,-0.933424,0.15133,0.325297,0.002249,0.90914,-0.416484,0.00048,0.001424,0.002173,-0.000269,-0.000119,0.000273,-0.650732
379,0.090944,-0.034729,0.277389,0.384837,0.36756,-0.846668,0.921788,-0.19992,0.332129,-0.047661,-0.908726,-0.414694,0.000963,0.002846,0.004335,0.002839,0.013816,0.008715,-0.607144,-0.206299,-0.022325,0.28479,0.458894,-0.07512,0.885305,-0.714843,-0.622836,0.317817,0.526941,-0.778567,-0.340631,-0.000832,-0.006353,-0.008135,0.066179,-0.240294,-0.438873,-1.242044,0.022876,0.042499,-0.015605,-0.458213,0.066611,0.886342,0.692232,0.652248,0.308845,-0.557543,0.755072,-0.344979,-0.000219,-0.008847,-0.000128,0.059439,-0.435407,-0.355755,-0.973173,0.04815,0.033316,-0.067693,-0.356953,-0.385939,-0.850666,-0.934118,0.15016,0.323844,0.002752,0.91022,-0.414113,0.000484,0.001443,0.002196,-0.000221,-0.014137,-0.007062,-0.667878
380,0.091012,-0.0347,0.277626,0.384697,0.367615,-0.846707,0.921835,-0.200095,0.331894,-0.047886,-0.908666,-0.414802,0.015956,-0.010548,0.011148,-0.033359,-0.012074,0.03818,-0.646198,-0.206325,-0.022646,0.284563,0.441033,-0.069919,0.894758,-0.719321,-0.62362,0.305955,0.536034,-0.778431,-0.32646,-0.000739,-0.005627,-0.007225,0.055426,-0.197212,-0.409276,-1.178212,0.022863,0.042337,-0.015721,-0.439809,0.062076,0.895943,0.696757,0.653028,0.296786,-0.566653,0.754785,-0.33046,-0.000154,-0.008359,0.000494,0.042347,-0.345481,-0.296188,-0.940678,0.048178,0.033333,-0.06758,-0.356974,-0.386192,-0.850543,-0.934109,0.150403,0.323756,0.002892,0.910074,-0.414435,0.000453,0.001348,0.002048,-0.000161,-0.000729,-0.000515,-0.698249
381,0.091057,-0.034688,0.277891,0.385324,0.36402,-0.847974,0.92158,-0.198857,0.333343,-0.047755,-0.91038,-0.411041,0.000984,0.002918,0.004428,0.215661,0.51306,0.073452,-0.694611,-0.206358,-0.022937,0.284391,0.423169,-0.062784,0.903868,-0.719952,-0.628852,0.29351,0.549431,-0.774831,-0.312452,-0.000638,-0.004846,-0.006236,0.085604,-0.409203,-0.313044,-1.098668,0.022846,0.042191,-0.015808,-0.422534,0.056118,0.904607,0.696847,0.658313,0.284652,-0.579541,0.750649,-0.317266,-9.1e-05,-0.007877,0.001109,0.064966,-0.462071,-0.609796,-0.900345,0.048206,0.033336,-0.067444,-0.358856,-0.384454,-0.850538,-0.933389,0.150132,0.325951,0.00238,0.910853,-0.412721,0.000131,-0.003909,0.006607,0.54486,0.841478,-0.384176,-0.730418
382,0.091075,-0.034692,0.278053,0.385172,0.3641,-0.848009,0.921634,-0.199006,0.333106,-0.047948,-0.910315,-0.411162,0.001116,0.00331,0.005018,0.001259,0.006134,0.003862,-0.73219,-0.206365,-0.02309,0.284346,0.415429,-0.059648,0.907664,-0.719583,-0.631837,0.287951,0.555789,-0.772651,-0.30655,-0.000471,-0.003577,-0.004607,0.050878,-0.251603,-0.170903,-1.043763,0.022842,0.042111,-0.015835,-0.413401,0.052961,0.909007,0.696815,0.66102,0.278388,-0.586128,0.748496,-0.31017,-0.000227,-0.001761,-0.002258,0.046117,-0.199449,-0.138351,-0.879118,0.048215,0.033333,-0.067363,-0.357492,-0.382533,-0.851978,-0.933911,0.149265,0.324853,0.002903,0.911804,-0.410613,0.000655,0.001956,0.002964,-0.001632,-0.032164,0.016689,-0.751972
383,0.09115,-0.0347,0.278402,0.385261,0.360925,-0.849325,0.921603,-0.197685,0.333977,-0.047831,-0.911863,-0.407732,0.001451,0.004309,0.006518,0.430678,0.302441,-0.609428,-0.809635,-0.206342,-0.023431,0.284309,0.399932,-0.053141,0.914998,-0.71839,-0.63803,0.277068,0.568561,-0.768031,-0.294499,-0.000364,-0.002764,-0.003565,0.027362,-0.083408,-0.296505,-0.886332,0.022854,0.041941,-0.015852,-0.397631,0.046954,0.916342,0.695305,0.667065,0.267534,-0.598698,0.743518,-0.297893,-1.3e-05,-0.007277,0.001877,0.002357,-0.138874,-0.157444,-0.821639,0.048252,0.033327,-0.067191,-0.357112,-0.379772,-0.853371,-0.934056,0.148114,0.324962,0.002984,0.913145,-0.407622,0.000695,0.002022,0.003081,1.429289,1.026086,-2.132265,-0.807491
384,0.091213,-0.034671,0.278804,0.38157,0.357428,-0.852464,0.92307,-0.195855,0.330992,-0.049122,-0.91363,-0.403602,0.001601,0.004762,0.007183,0.014412,0.070731,0.044433,-0.885885,-0.206299,-0.023844,0.284382,0.379215,-0.044826,0.924218,-0.718368,-0.643713,0.263656,0.582627,-0.763818,-0.277473,9.4e-05,-0.013581,0.004992,0.054761,-0.454246,-0.333069,-0.73405,0.022875,0.041739,-0.015818,-0.377532,0.039881,0.925137,0.694683,0.672793,0.254485,-0.612277,0.738754,-0.281706,3.4e-05,-0.006899,0.002365,0.065956,-0.480246,-0.621691,-0.761385,0.048283,0.033342,-0.066989,-0.35418,-0.375626,-0.856423,-0.935169,0.146047,0.32269,0.003867,0.915191,-0.403001,0.000956,0.002859,0.004313,0.014752,0.044818,0.063844,-0.852559
385,0.091275,-0.034614,0.279263,0.383447,0.352992,-0.853469,0.92235,-0.193894,0.334138,-0.048005,-0.915766,-0.398868,0.001917,0.00571,0.008585,0.000658,-0.013656,0.025398,-0.981761,-0.206201,-0.024267,0.284575,0.355539,-0.034821,0.934008,-0.715041,-0.653585,0.247944,0.601363,-0.755928,-0.258453,0.000314,-0.011929,0.007127,0.051755,-0.449543,-0.329019,-0.594587,0.022924,0.041526,-0.015723,-0.353156,0.030767,0.935058,0.691007,0.682357,0.23853,-0.630705,0.73037,-0.262239,0.00016,-0.005944,0.003602,0.061147,-0.458003,-0.572875,-0.730197,0.048314,0.03337,-0.066761,-0.356395,-0.37137,-0.85736,-0.934332,0.144125,0.325962,0.002515,0.91723,-0.398349,0.000492,-0.002797,0.008245,-0.039226,-0.013911,0.005364,-0.87689
386,0.091307,-0.034562,0.279471,0.381594,0.35125,-0.855017,0.923088,-0.192933,0.332653,-0.048585,-0.916637,-0.396792,0.000965,-0.005677,0.016354,-0.029779,0.025212,0.022784,-1.033069,-0.20615,-0.024454,0.284686,0.342111,-0.029341,0.939197,-0.711799,-0.660505,0.238767,0.612899,-0.750131,-0.248037,0.000357,-0.011602,0.00755,0.035011,-0.553017,-0.619385,-0.515264,0.02295,0.041434,-0.015667,-0.340768,0.026002,0.939787,0.687077,0.689198,0.230067,-0.641717,0.724106,-0.252722,0.000184,-0.005767,0.003836,-0.037347,-0.715351,-0.449668,-0.717786,0.048331,0.033401,-0.066658,-0.354485,-0.369423,-0.858991,-0.935056,0.143061,0.324349,0.003067,0.918182,-0.396144,0.000887,0.002665,0.004,0.001324,-0.021682,0.022987,-0.877543
387,0.091436,-0.034469,0.279825,0.383484,0.346827,-0.855977,0.922372,-0.190767,0.335872,-0.047273,-0.918767,-0.391993,0.017281,0.00212,0.005195,0.009702,0.028511,0.056593,-1.14112,-0.206058,-0.024816,0.284924,0.320125,-0.010996,0.947307,-0.703542,-0.672333,0.230066,0.633963,-0.740071,-0.224164,0.000413,-0.011187,0.008088,0.085542,-0.595329,-0.63901,-0.35753,0.022996,0.041249,-0.015544,-0.317647,0.008483,0.948171,0.678462,0.700598,0.221023,-0.662412,0.713505,-0.228298,0.000214,-0.005566,0.0041,0.095544,-0.717429,-0.729181,-0.62961,0.04839,0.033446,-0.066475,-0.356675,-0.365084,-0.859939,-0.934226,0.140973,0.327637,0.001613,0.920238,-0.391353,0.000471,-0.002851,0.008144,-0.030753,0.023617,0.029908,-0.897301
388,0.091664,-0.034376,0.280079,0.382794,0.34735,-0.856074,0.922661,-0.190604,0.33517,-0.047219,-0.918604,-0.392382,0.001263,0.003787,0.005654,0.000296,-0.01534,0.024397,-1.25069,-0.205967,-0.025116,0.285141,0.294346,0.009988,0.955643,-0.687865,-0.691895,0.21922,0.663012,-0.721856,-0.197993,0.015715,-0.011567,0.006804,0.086709,-0.65127,-0.89916,-0.237856,0.023036,0.041105,-0.015437,-0.292353,-0.011552,0.95624,0.661606,0.719562,0.210967,-0.690511,0.694331,-0.202723,2.1e-05,0.000124,0.000187,0.057034,-0.288618,-0.446069,-0.494242,0.048509,0.033492,-0.066348,-0.356055,-0.365837,-0.859876,-0.934463,0.140884,0.327001,0.001514,0.919953,-0.392024,0.008391,0.000348,0.001518,0.000584,-0.016045,0.028789,-0.89926
389,0.091789,-0.03436,0.280192,0.380993,0.345543,-0.857607,0.923379,-0.189603,0.333756,-0.047745,-0.919491,-0.390236,0.001029,0.00309,0.00461,0.014051,0.070367,0.044085,-1.307873,-0.205962,-0.025208,0.285225,0.280963,0.019889,0.959508,-0.67985,-0.701467,0.213734,0.676949,-0.712363,-0.184777,0.000533,-0.01028,0.009262,0.060539,-0.537465,-0.825119,-0.184905,0.023044,0.041056,-0.015398,-0.277882,-0.021089,0.960383,0.65341,0.728699,0.205063,-0.704155,0.684508,-0.188713,8e-06,2e-05,5.2e-05,0.106198,-0.585206,-0.878686,-0.436764,0.048573,0.033501,-0.06629,-0.354232,-0.363785,-0.861497,-0.935154,0.139809,0.325481,0.00204,0.92093,-0.38972,0.008433,0.000484,0.001718,0.016242,0.038467,0.097702,-0.9022
390,0.092026,-0.034302,0.280359,0.379081,0.343808,-0.85915,0.924142,-0.188536,0.332248,-0.048216,-0.920359,-0.388128,0.000745,0.002244,0.003341,0.001443,0.007247,0.00454,-1.421264,-0.205947,-0.025297,0.285295,0.256177,0.038663,0.965852,-0.662582,-0.72043,0.204696,0.703408,-0.692408,-0.160162,7.3e-05,0.000561,0.000724,0.034607,-0.168625,-0.737416,-0.085051,0.023052,0.041009,-0.015359,-0.250945,-0.03925,0.967204,0.635733,0.746806,0.195249,-0.729978,0.663882,-0.162455,5.4e-05,0.000352,0.000485,0.075395,-0.478267,-0.484989,-0.330135,0.048691,0.033531,-0.066206,-0.352362,-0.361913,-0.863052,-0.93586,0.138661,0.323941,0.002433,0.921841,-0.387559,0.007844,-0.005565,0.005075,-0.035219,-0.01444,0.003933,-0.905139
391,0.092263,-0.034331,0.280545,0.373846,0.338217,-0.863652,0.926189,-0.185623,0.328162,-0.049782,-0.923013,-0.381571,0.000817,0.002467,0.003669,0.100156,0.488282,0.339666,-1.568435,-0.205942,-0.025403,0.285378,0.224315,0.059106,0.972719,-0.640815,-0.742985,0.19304,0.733828,-0.666675,-0.130018,0.000385,-0.011411,0.007801,0.024433,-0.567586,-0.849927,0.005596,0.023054,0.040962,-0.015318,-0.220887,-0.058468,0.973545,0.612545,0.768449,0.185131,-0.758944,0.637234,-0.133926,4e-06,-2.3e-05,1e-06,-0.051933,-0.443534,-0.434149,-0.23559,0.048809,0.033514,-0.066116,-0.348837,-0.358062,-0.866085,-0.937177,0.136638,0.320981,0.003409,0.923645,-0.383232,-0.000161,-0.004753,0.005288,-0.036572,-0.003799,-0.027924,-0.919181
392,0.092522,-0.034558,0.280777,0.370164,0.33447,-0.866692,0.927583,-0.184145,0.325044,-0.051334,-0.924669,-0.377333,0.015231,-0.012519,0.008069,0.018021,0.265003,0.177363,-1.738002,-0.205964,-0.025508,0.28543,0.196639,0.076454,0.977486,-0.615985,-0.765939,0.183942,0.762496,-0.638349,-0.104757,-2.4e-05,-0.000181,-0.000234,-4.852252,-2.852353,2.141974,0.084034,0.023043,0.040905,-0.01529,-0.190944,-0.070483,0.979067,0.591917,0.787405,0.172124,-0.783054,0.612393,-0.10863,-1.3e-05,-0.000129,-0.000136,0.038851,-0.457115,-1.034331,-0.130594,0.048933,0.033407,-0.066,-0.34446,-0.352894,-0.869949,-0.938787,0.134477,0.317166,0.005063,0.925948,-0.377615,-0.000214,-0.004915,0.005047,0.039202,0.429567,0.236831,-0.929959
393,0.092658,-0.034757,0.280963,0.370353,0.330278,-0.868216,0.927124,-0.189186,0.323452,-0.05788,-0.925152,-0.375194,-0.000231,-0.009261,0.010944,-0.002286,0.165225,0.110093,-1.827247,-0.206009,-0.025563,0.285462,0.180338,0.081652,0.980206,-0.600867,-0.779776,0.17562,0.778438,-0.620713,-0.092803,-6.3e-05,-0.000479,-0.000618,-0.468018,-0.36596,-0.826015,0.10184,0.023021,0.040878,-0.015273,-0.175047,-0.079143,0.981373,0.572826,0.802505,0.166893,-0.800766,0.591371,-0.095141,0.000143,-0.005871,0.003245,-5.381662,-1.591655,-0.110327,-0.088301,0.049006,0.033305,-0.065911,-0.344478,-0.348162,-0.871846,-0.938721,0.139302,0.315273,0.011684,0.927026,-0.374814,0.007591,-0.006316,0.003941,0.007275,0.216647,0.14604,-0.93747
394,0.092862,-0.03525,0.281407,0.366675,0.320878,-0.873288,0.92704,-0.205204,0.313784,-0.078966,-0.925034,-0.371623,-0.001064,-0.020358,0.019156,-0.065632,0.206326,0.15135,-1.914907,-0.206113,-0.025656,0.285483,0.153191,0.094682,0.983646,-0.56784,-0.806155,0.166148,0.808493,-0.584093,-0.070978,-0.000122,-0.000931,-0.001203,-5.307635,-1.590032,0.455272,0.124201,0.022969,0.040831,-0.015263,-0.145823,-0.090329,0.985178,0.539118,0.827715,0.15569,-0.82951,0.55383,-0.072002,-7.4e-05,-0.000323,-0.000832,-5.301995,-1.612549,0.516396,-0.042253,0.049109,0.033062,-0.065692,-0.341215,-0.338585,-0.876887,-0.939414,0.155327,0.30557,0.032743,0.928026,-0.371071,-6.3e-05,-0.004427,0.005766,-0.111242,0.1571,0.378622,-0.943675
395,0.09296,-0.035781,0.281948,0.365939,0.304535,-0.879427,0.924113,-0.230671,0.304595,-0.110548,-0.924538,-0.364741,-0.001076,-0.020403,0.019085,-4.865158,2.050131,-1.842442,-1.917259,-0.206281,-0.025782,0.285447,0.129267,0.103234,0.986217,-0.542083,-0.82538,0.157567,0.83009,-0.555078,-0.051983,-0.01566,-0.002219,-0.002083,-0.139443,-0.379603,-0.537515,0.15272,0.022885,0.04077,-0.015278,-0.122148,-0.098446,0.987617,0.511096,0.846752,0.147616,-0.850799,0.522798,-0.053114,-0.007831,-0.001152,-0.001062,-0.131754,-0.440253,-0.595603,-0.004207,0.049159,0.032801,-0.065425,-0.340142,-0.325012,-0.882422,-0.938544,0.17583,0.297014,0.058624,0.92922,-0.364846,-0.000199,-0.004846,0.005149,0.074882,0.633302,0.355632,-0.946941
396,0.093001,-0.036024,0.282222,0.363545,0.299011,-0.882311,0.924188,-0.23486,0.301147,-0.117619,-0.925279,-0.360626,-0.000822,-0.01963,0.020226,0.034871,0.575153,0.301655,-1.917414,-0.206355,-0.02584,0.285409,0.118531,0.109857,0.98685,-0.528427,-0.834396,0.156471,0.840446,-0.540132,-0.042101,-0.015586,-0.001636,-0.001333,-0.111163,-0.518429,-0.301017,0.170158,0.022854,0.040739,-0.015299,-0.1118,-0.104598,0.98821,0.497132,0.855172,0.146758,-0.860441,0.507679,-0.043609,-0.000166,-0.001257,-0.001598,-0.356276,-1.16283,0.149882,0.015715,0.049179,0.032674,-0.065286,-0.340376,-0.318051,-0.884865,-0.937606,0.185841,0.293865,0.07098,0.92968,-0.361463,8.1e-05,-0.003986,0.006421,-0.027395,-0.114528,0.1728,-0.93894
397,0.093066,-0.03642,0.282808,0.360931,0.289404,-0.886578,0.923369,-0.244306,0.296101,-0.131347,-0.925876,-0.3543,0.000435,-0.007229,0.01393,-0.010342,0.01072,0.24716,-1.917395,-0.206425,-0.025984,0.285311,0.097278,0.119478,0.988055,-0.505056,-0.849457,0.15256,0.857397,-0.513984,-0.023543,-0.000361,-0.002724,-0.00353,-0.128546,-0.511534,-0.310008,0.209005,0.022813,0.040667,-0.015348,-0.089704,-0.11346,0.989484,0.473195,0.869342,0.142583,-0.876378,0.48101,-0.024295,-0.000186,-0.001428,-0.001823,-0.118286,-0.585396,-0.370913,0.063885,0.04921,0.032469,-0.064986,-0.336672,-0.306306,-0.890408,-0.937774,0.19447,0.287682,0.085039,0.931857,-0.352719,0.000209,-0.003595,0.006991,-0.014387,-0.039903,0.219043,-0.929632
398,0.093168,-0.03669,0.283341,0.357082,0.277296,-0.891989,0.922767,-0.252882,0.290729,-0.145388,-0.927263,-0.345069,0.001398,0.004281,0.006312,-4.886645,1.813949,-1.746026,-1.917337,-0.206626,-0.026122,0.285159,0.068158,0.127741,0.989459,-0.471173,-0.870021,0.144894,0.879252,-0.476212,-0.000366,-0.015798,-0.003113,-0.003262,-0.118843,-0.819375,-0.563946,0.241314,0.022712,0.040598,-0.015425,-0.061526,-0.120736,0.990775,0.438467,0.888473,0.135498,-0.896638,0.44276,-0.001726,-0.007906,-0.001636,-0.001701,-0.123633,-0.769,-0.534959,0.111403,0.049261,0.032333,-0.064721,-0.33196,-0.296365,-0.895527,-0.938667,0.197687,0.282529,0.093302,0.934391,-0.343813,0.008087,-0.004822,0.006137,0.018843,0.274563,0.180577,-0.930775
399,0.093276,-0.036837,0.283741,0.349808,0.269523,-0.897238,0.92514,-0.250182,0.285475,-0.14796,-0.930274,-0.335745,0.000398,-0.007335,0.013747,0.040184,0.392032,0.247169,-1.917484,-0.207053,-0.026271,0.284952,0.033456,0.138735,0.98976,-0.447106,-0.883565,0.139078,0.89375,-0.447325,0.031212,-0.015996,-0.004475,-0.005053,0.05074,-1.116958,-0.273323,0.275654,0.022505,0.040526,-0.015525,-0.026897,-0.13026,0.991114,0.413917,0.901033,0.129654,-0.909916,0.413727,0.029681,-0.007973,-0.002048,-0.002247,0.046721,-0.91263,0.417665,0.155655,0.049316,0.032261,-0.064517,-0.327339,-0.286888,-0.900301,-0.939494,0.200648,0.277651,0.100989,0.936715,-0.33521,0.000183,-0.003694,0.006835,0.053231,0.503508,0.311012,-0.931102
400,0.093344,-0.036913,0.283913,0.349464,0.265552,-0.898555,0.924245,-0.255122,0.283999,-0.154254,-0.930069,-0.333473,6.2e-05,-0.008365,0.012229,-0.007661,0.15918,0.07066,-1.918231,-0.207339,-0.026339,0.284878,0.016196,0.144109,0.989425,-0.43738,-0.888785,0.136726,0.899048,-0.435121,0.047379,-0.015813,-0.003057,-0.003218,0.043586,-0.942608,-0.332511,0.291536,0.022362,0.040489,-0.015567,-0.008799,-0.135101,0.990792,0.404044,0.905865,0.127109,-0.914696,0.401442,0.046616,-0.00794,-0.001807,-0.001942,0.006811,-0.378996,-0.008925,0.178189,0.04935,0.032225,-0.064429,-0.326521,-0.282102,-0.902109,-0.939067,0.20528,0.275704,0.107408,0.937164,-0.331941,1.4e-05,-0.004201,0.006085,-0.008748,0.140697,0.060508,-0.930286
401,0.093513,-0.037037,0.284063,0.347423,0.263721,-0.899886,0.924878,-0.254604,0.282398,-0.155066,-0.93073,-0.331245,6.1e-05,0.000186,0.000274,0.006011,0.031497,0.019257,-1.918067,-0.208012,-0.026444,0.284773,-0.022909,0.15538,0.987585,-0.412335,-0.901329,0.13236,0.910713,-0.404351,0.083461,-0.031073,-0.001898,-0.000981,0.020977,-0.68114,-0.28912,0.312253,0.022031,0.040435,-0.01562,0.032292,-0.144713,0.988946,0.378608,0.917495,0.121894,-0.924993,0.370486,0.084417,-0.007887,-0.00135,-0.001352,0.00402,-0.828497,-0.392597,0.214603,0.049435,0.032165,-0.064351,-0.324519,-0.280138,-0.903442,-0.939678,0.204665,0.274073,0.108125,0.937888,-0.329657,-0.000421,-0.00556,0.004088,-0.030755,0.022073,-0.01163,-0.936327
402,0.093702,-0.037103,0.28399,0.345624,0.261742,-0.901155,0.925479,-0.253756,0.281191,-0.155498,-0.931518,-0.328819,-0.000368,-0.001136,-0.00167,0.005106,0.026752,0.016356,-1.917656,-0.208875,-0.026484,0.28473,-0.063274,0.167679,0.983805,-0.386959,-0.912737,0.130795,0.919944,-0.3726,0.121385,-0.01561,-0.001407,-0.001109,0.039083,-0.64295,-0.225169,0.330163,0.021588,0.040415,-0.015642,0.073663,-0.155476,0.985089,0.352781,0.927968,0.12008,-0.932801,0.338675,0.123206,-0.007803,-0.000694,-0.000505,0.037735,-0.617728,-0.217463,0.241709,0.04953,0.032132,-0.064388,-0.322826,-0.27808,-0.904684,-0.94022,0.203785,0.272867,0.108482,0.938691,-0.327244,0.007987,0.003405,-0.006315,0.039785,-0.026136,0.050809,-0.943349
403,0.093777,-0.037129,0.283925,0.343488,0.255888,-0.90365,0.925199,-0.25749,0.278707,-0.161784,-0.932112,-0.324067,-0.000456,-0.001406,-0.002067,0.08925,0.467786,0.286041,-1.917893,-0.209351,-0.026465,0.284726,-0.085449,0.171367,0.98149,-0.371573,-0.919459,0.128304,0.924512,-0.353921,0.140993,-0.015444,-0.000209,0.000444,-1.555545,-1.248422,-0.480425,0.340442,0.021355,0.040423,-0.015646,0.093363,-0.158764,0.982892,0.338763,0.933368,0.118586,-0.936228,0.321896,0.140926,-0.015321,0.00027,0.000705,-5.358356,-1.812761,-1.124715,0.254282,0.049566,0.032117,-0.064423,-0.322081,-0.273399,-0.906375,-0.939763,0.208116,0.271169,0.114494,0.939116,-0.32396,-0.000246,-0.000771,-0.001132,0.10963,0.648754,0.389371,-0.945145
404,0.093881,-0.037159,0.283802,0.335172,0.240578,-0.910948,0.925835,-0.263309,0.271053,-0.175063,-0.934542,-0.309855,-0.00057,-0.00176,-0.00259,0.132449,0.712886,0.40227,-1.918272,-0.21039,-0.02641,0.284779,-0.123095,0.177661,0.976359,-0.346192,-0.929678,0.125638,0.930152,-0.32274,0.174699,-0.030694,0.000968,0.002647,0.069218,-0.889571,-0.190781,0.359075,0.020842,0.040451,-0.015619,0.131973,-0.163462,0.977682,0.311307,0.943242,0.115681,-0.9411,0.289093,0.175369,-0.015345,0.000524,0.001416,0.050149,-0.913177,-0.208644,0.281552,0.049619,0.032103,-0.064483,-0.314827,-0.257969,-0.913419,-0.940539,0.214116,0.263703,0.12755,0.942128,-0.31004,-0.000147,-0.000468,-0.000683,0.156498,0.79945,0.490698,-0.951677
405,0.093921,-0.037227,0.28371,0.313871,0.213808,-0.925103,0.927864,-0.275731,0.251024,-0.201793,-0.937432,-0.283777,-0.000475,-0.001466,-0.002159,0.206346,1.105066,0.675996,-1.917909,-0.211564,-0.026341,0.284872,-0.158531,0.179009,0.970987,-0.315121,-0.94112,0.122172,0.935861,-0.286811,0.204368,-0.030687,0.00104,0.002687,-5.28147,-1.564934,-1.32085,0.369558,0.020255,0.040487,-0.015571,0.165974,-0.164687,0.97228,0.285417,0.951778,0.112492,-0.943922,0.258834,0.204975,-0.015348,0.000522,0.001387,0.084336,-0.952572,-0.2342,0.30229,0.049638,0.032068,-0.064532,-0.295288,-0.230447,-0.927199,-0.942918,0.226697,0.24395,0.153976,0.946309,-0.284234,-0.000298,-0.000914,-0.001336,0.142435,0.634842,0.619787,-0.963107
406,0.093932,-0.037322,0.283611,0.278921,0.192202,-0.940907,0.93147,-0.29247,0.216323,-0.233951,-0.93701,-0.259435,-0.000719,-0.00222,-0.003272,0.178868,0.886548,0.969716,-1.918135,-0.212844,-0.026224,0.284926,-0.186951,0.179391,0.965846,-0.28944,-0.949551,0.120459,0.938942,-0.257236,0.22821,-0.030686,0.001066,0.002661,-0.084359,-0.585819,-0.012781,0.370457,0.019627,0.040545,-0.015545,0.196406,-0.162582,0.966949,0.254214,0.96088,0.109925,-0.946995,0.224222,0.230053,-0.015489,0.006235,-0.002562,-1.487739,-0.995547,-0.481666,0.309801,0.049644,0.032021,-0.064579,-0.26111,-0.206292,-0.943008,-0.947199,0.243092,0.209092,0.186104,0.947813,-0.258874,-0.000246,-0.000748,-0.001096,0.082883,0.43291,0.70832,-0.979599
407,0.093989,-0.037389,0.283558,0.26353,0.179343,-0.947857,0.931616,-0.302245,0.201771,-0.250621,-0.936441,-0.245549,-0.000704,-0.002176,-0.003209,0.117897,0.759416,0.914563,-1.918417,-0.213479,-0.026138,0.28493,-0.200995,0.180876,0.962744,-0.273821,-0.953954,0.122177,0.940742,-0.239267,0.240039,-0.030677,0.001133,0.002718,-1.546466,-0.6644,-0.306511,0.370978,0.019309,0.040588,-0.015543,0.210092,-0.164555,0.963733,0.243624,0.96345,0.111397,-0.94684,0.211385,0.242502,-0.015343,0.000565,0.001398,0.055842,-0.457943,-0.150431,0.311434,0.049673,0.031989,-0.064605,-0.246978,-0.192565,-0.949694,-0.947616,0.252846,0.195169,0.202543,0.948149,-0.244925,-0.00032,-0.000972,-0.001427,-0.3453,0.520035,0.831899,-0.985477
408,0.094026,-0.037499,0.283386,0.238044,0.152321,-0.95926,0.931335,-0.316021,0.180878,-0.275885,-0.936645,-0.215895,-4.7e-05,0.008429,-0.012155,0.237436,0.817043,0.941718,-1.918055,-0.214706,-0.025876,0.284862,-0.228111,0.183473,0.956187,-0.248385,-0.960506,0.125167,0.941652,-0.209159,0.263452,-0.031091,0.011585,-0.006396,0.053259,-0.545172,0.061021,0.373511,0.018696,0.040713,-0.015568,0.237554,-0.165294,0.957207,0.212355,0.970417,0.114874,-0.947878,0.175979,0.265628,-0.015454,-0.000142,0.000448,-0.402165,-0.705194,-0.344825,0.3147,0.049691,0.03193,-0.064688,-0.222713,-0.164784,-0.960855,-0.947913,0.266833,0.173952,0.227724,0.94955,-0.215628,-0.000404,-0.001354,-0.001956,0.742886,1.767198,-1.36777,-0.991193
409,0.094104,-0.037611,0.283141,0.214366,0.130999,-0.967952,0.929302,-0.332454,0.160759,-0.301002,-0.934151,-0.1918,-0.001339,-0.004137,-0.006122,-5.248459,1.207686,-0.049743,-1.918381,-0.215855,-0.02564,0.284636,-0.2564,0.190683,0.947571,-0.218141,-0.966421,0.135572,0.941902,-0.172162,0.288175,-0.031391,0.009701,-0.008911,0.119292,-0.66488,-0.019093,0.380551,0.018116,0.040838,-0.01568,0.264751,-0.172226,0.948812,0.181815,0.97519,0.126281,-0.947021,0.139075,0.289496,-0.015707,0.004782,-0.004501,0.030839,-0.186692,0.287495,0.320742,0.049731,0.031878,-0.064812,-0.198065,-0.141568,-0.969911,-0.948531,0.277132,0.153249,0.247098,0.950345,-0.189171,-0.000223,0.003605,-0.006975,0.199888,0.689026,0.855039,-0.98858
410,0.094077,-0.037662,0.282974,0.200819,0.12012,-0.972259,0.928977,-0.338328,0.150026,-0.311166,-0.93349,-0.178321,-0.001674,-0.005169,-0.007659,0.036954,0.351861,0.784765,-1.917776,-0.216402,-0.025531,0.284457,-0.268337,0.194689,0.943442,-0.197807,-0.969581,0.143944,0.943081,-0.148218,0.297478,-0.031718,0.007735,-0.01151,0.017127,-0.243821,0.218207,0.38364,0.017837,0.040895,-0.015767,0.279374,-0.174861,0.944125,0.161406,0.977838,0.133343,-0.946518,0.115135,0.301406,-0.015846,0.003949,-0.005604,-0.09673,-0.196353,0.213543,0.325804,0.049718,0.031855,-0.064893,-0.18534,-0.128444,-0.974243,-0.94688,0.288487,0.1421,0.262804,0.948829,-0.175089,-0.000415,0.003015,-0.007853,0.025614,0.568624,0.706357,-0.984008
411,0.094002,-0.037766,0.282559,0.168644,0.094722,-0.981138,0.926032,-0.356201,0.124729,-0.337872,-0.929725,-0.146565,-0.002062,-0.006358,-0.009451,-0.071464,0.577153,1.19543,-1.917821,-0.217588,-0.025248,0.28393,-0.294617,0.202108,0.933994,-0.164141,-0.973503,0.159004,0.941728,-0.106696,0.318789,-0.031958,0.006408,-0.013323,-1.475889,-0.620531,-0.138416,0.388373,0.017244,0.041035,-0.016032,0.305177,-0.181878,0.934765,0.129334,0.980413,0.148535,-0.943471,0.075568,0.322722,-0.015872,0.003242,-0.006842,-5.098853,-1.192076,-1.361134,0.334621,0.04968,0.0318,-0.065104,-0.154684,-0.102084,-0.982675,-0.944647,0.306571,0.116851,0.289331,0.946357,-0.143855,-0.001063,-0.003271,-0.004852,-0.068227,0.672068,1.26803,-0.97813
412,0.093954,-0.037807,0.281962,0.135127,0.065692,-0.988671,0.921278,-0.375549,0.100909,-0.364829,-0.924564,-0.110037,-0.002615,-0.008047,-0.012009,0.077194,0.746369,0.80376,-1.91777,-0.218885,-0.024796,0.283147,-0.314321,0.203685,0.927203,-0.136712,-0.976189,0.168224,0.93976,-0.074122,0.333495,-0.032637,0.015222,-0.024632,0.068275,-0.322693,0.189288,0.388317,0.016608,0.041253,-0.016407,0.324679,-0.182444,0.928061,0.100206,0.982332,0.158056,-0.940501,0.04168,0.337224,-0.016299,0.00769,-0.012168,-0.328034,-0.567797,0.164544,0.33756,0.049657,0.031783,-0.065397,-0.122829,-0.071182,-0.989871,-0.940665,0.326267,0.093261,0.316324,0.942593,-0.107033,-0.000765,0.001889,-0.009542,0.220897,1.428894,0.289077,-0.981395
413,0.093913,-0.037824,0.28162,0.115803,0.051524,-0.991958,0.914795,-0.394567,0.086247,-0.387089,-0.917496,-0.091592,-0.001923,0.002681,-0.020805,-0.42387,0.96303,0.982096,-1.917813,-0.219509,-0.024535,0.282688,-0.323599,0.206704,0.923336,-0.128648,-0.976342,0.173607,0.937759,-0.062848,0.341352,-0.032799,0.01434,-0.025847,0.102637,-0.269898,0.199864,0.387847,0.016271,0.041395,-0.016656,0.334674,-0.185327,0.92393,0.092297,0.982202,0.163583,-0.937802,0.030529,0.345823,-0.016407,0.007076,-0.013009,0.09578,-0.2398,0.215347,0.337561,0.049636,0.03177,-0.065566,-0.105373,-0.056881,-0.992803,-0.935155,0.345205,0.079476,0.338201,0.936801,-0.089567,-0.001032,0.001102,-0.010763,-1.603328,0.631604,0.579263,-0.981885
414,0.093855,-0.03789,0.280856,0.080707,0.028983,-0.996339,0.906226,-0.41831,0.061186,-0.415101,-0.907889,-0.058786,-0.002307,0.001524,-0.02261,-0.100345,0.710579,0.617786,-1.917189,-0.220756,-0.023846,0.281577,-0.340784,0.200666,0.918472,-0.100099,-0.979092,0.176895,0.935169,-0.031891,0.352568,-0.017805,0.024255,-0.036185,0.121978,-0.151438,0.105375,0.384474,0.015654,0.041729,-0.0172,0.351593,-0.17852,0.918973,0.063571,0.983936,0.166818,-0.933991,-0.000231,0.357294,-0.016437,0.006938,-0.013249,0.081898,-0.216775,0.268496,0.335274,0.049605,0.031738,-0.065956,-0.06939,-0.031311,-0.997097,-0.927646,0.369686,0.052948,0.366955,0.928628,-0.054698,-0.00116,0.000713,-0.011362,-0.098027,0.714757,0.622751,-0.980905
415,0.093767,-0.038057,0.280193,0.047212,0.009244,-0.998865,0.89539,-0.443613,0.038162,-0.442811,-0.896193,-0.027978,-0.002804,-0.008578,-0.012964,-0.001623,0.80233,0.696007,-1.916168,-0.221844,-0.023063,0.280251,-0.362209,0.189492,0.912627,-0.070822,-0.981827,0.175878,0.929801,-0.001152,0.367876,-0.01801,0.023153,-0.03775,-1.277522,-0.932039,-0.842173,0.37688,0.01511,0.04212,-0.017863,0.370036,-0.168931,0.913529,0.036096,0.9852,0.167563,-0.928315,-0.02903,0.370657,-0.016446,0.006314,-0.01437,-4.976275,-1.078545,-1.922616,0.329069,0.049562,0.031654,-0.066287,-0.038505,-0.010823,-0.999199,-0.917892,0.395607,0.031087,0.394954,0.918355,-0.025167,-0.001032,0.001111,-0.010794,0.003497,0.987144,0.566779,-0.985314
416,0.093678,-0.038201,0.279712,0.016948,-0.010179,-0.999828,0.882815,-0.469279,0.01969,-0.469415,-0.88299,0.002277,-0.001769,-0.005401,-0.008193,-0.009073,0.628317,0.355275,-1.916652,-0.222722,-0.022215,0.278778,-0.382499,0.184877,0.905266,-0.048061,-0.982376,0.180445,0.923128,0.025295,0.383481,-0.033567,0.022742,-0.038025,-1.349787,-0.561536,-0.646948,0.368912,0.014677,0.042544,-0.018599,0.392134,-0.162294,0.905478,0.013327,0.985213,0.170813,-0.919811,-0.054914,0.388499,-0.008998,0.010943,-0.019947,-4.843257,-1.285357,-2.125568,0.319272,0.049516,0.031578,-0.066536,-0.007814,0.011049,-0.999907,-0.906572,0.421887,0.011747,0.421978,0.90658,0.00672,-0.00041,0.003032,-0.007909,-0.001104,0.713972,0.472793,-0.980905
417,0.093639,-0.038252,0.279538,-0.000403,-0.022183,-0.999777,0.874542,-0.48481,0.010351,-0.484926,-0.874322,0.02084,-0.001463,-0.004462,-0.006778,-0.004749,0.954153,0.791664,-1.916823,-0.223133,-0.021767,0.27802,-0.391763,0.185342,0.9012,-0.039925,-0.981946,0.18472,0.919634,0.036168,0.390933,-0.033449,0.023402,-0.037205,0.109601,-0.141105,0.069174,0.36552,0.014471,0.042766,-0.018981,0.401991,-0.161522,0.901284,0.003416,0.984575,0.174926,-0.915637,-0.06724,0.396342,-0.009032,0.011364,-0.019213,0.069043,-0.117301,0.103048,0.31421,0.049496,0.031552,-0.066623,0.006601,0.02267,-0.99972,-0.899047,0.437831,0.003992,0.437799,0.89877,0.023271,-0.000642,-0.001973,-0.002982,-0.037887,0.607514,0.380574,-0.979599
418,0.093616,-0.038307,0.279417,-0.033059,-0.050764,-0.998186,0.856497,-0.51612,-0.002172,-0.515029,-0.854959,0.061785,0.000695,0.010735,-0.008769,-5.477034,1.095654,1.055032,-1.917171,-0.223882,-0.020749,0.276453,-0.410981,0.183405,0.893,-0.013,-0.980577,0.195537,0.912009,0.068536,0.404235,-0.018063,0.022961,-0.038277,0.122663,-0.224746,0.296418,0.356282,0.014083,0.043284,-0.019779,0.420833,-0.159255,0.893048,-0.023377,0.982238,0.186176,-0.906836,-0.099226,0.409636,-0.00901,0.011487,-0.019102,0.123038,-0.206536,0.297381,0.303433,0.049484,0.031517,-0.066686,0.037514,0.053184,-0.997879,-0.885365,0.464816,-0.008511,0.463378,0.883807,0.064524,-2.5e-05,-7.2e-05,-9.4e-05,0.002891,0.695563,0.440985,-0.980252
419,0.093687,-0.038263,0.279436,-0.069787,-0.078192,-0.994516,0.843059,-0.537527,-0.01695,-0.533163,-0.839529,0.104671,0.015258,-0.012866,0.00754,-0.029983,1.165381,0.734551,-1.917693,-0.224423,-0.019595,0.2748,-0.427516,0.181264,0.885644,0.012906,-0.978309,0.206589,0.904392,0.099535,0.414765,-0.018091,0.034921,-0.045406,0.146594,-0.243388,0.305964,0.345695,0.01382,0.043847,-0.020588,0.436958,-0.156449,0.885771,-0.049312,0.979109,0.197261,-0.898129,-0.129873,0.420115,-0.001303,0.011349,-0.019508,0.079463,-0.131487,0.140268,0.291186,0.049515,0.031551,-0.066677,0.072787,0.082245,-0.99395,-0.870255,0.492061,-0.023013,0.487192,0.866666,0.10739,0.000177,0.000544,0.000845,-0.006632,0.870598,0.315385,-0.972578
420,0.093862,-0.038281,0.279486,-0.098489,-0.102052,-0.989914,0.83214,-0.553943,-0.025738,-0.545603,-0.826163,0.140711,-0.000679,-0.010693,0.008833,-0.031071,0.737219,0.196076,-1.91736,-0.224621,-0.018578,0.273053,-0.440105,0.173299,0.88106,0.040002,-0.976382,0.21216,0.897546,0.128411,0.421646,-0.003127,0.020291,-0.042469,0.102891,-0.130425,0.156128,0.335921,0.013716,0.044364,-0.021459,0.449267,-0.14816,0.881026,-0.076194,0.976205,0.20302,-0.890142,-0.158339,0.427288,-0.001621,0.015784,-0.025191,0.104541,-0.037296,-0.003586,0.277143,0.049603,0.031545,-0.066648,0.10208,0.108287,-0.988864,-0.860062,0.509117,-0.033032,0.499871,0.853857,0.145105,0.000105,0.000328,0.000509,0.016588,0.931966,0.584075,-0.97617
421,0.093958,-0.038299,0.279488,-0.116581,-0.113401,-0.986709,0.824616,-0.564729,-0.03258,-0.55338,-0.81732,0.160578,1.5e-05,4.5e-05,6.8e-05,-0.481631,1.059826,0.51278,-1.917061,-0.224606,-0.018179,0.272157,-0.443699,0.16978,0.879942,0.048649,-0.97582,0.21294,0.89535,0.137087,0.423579,-0.003486,0.018497,-0.045015,0.103717,0.003579,-0.024013,0.33283,0.013723,0.044573,-0.02192,0.452812,-0.144629,0.879797,-0.084664,0.975322,0.203907,-0.887576,-0.166819,0.429393,-0.001738,0.009155,-0.022621,0.106518,0.0041,-0.022974,0.271428,0.049657,0.031532,-0.066643,0.118153,0.120119,-0.985703,-0.853422,0.51976,-0.038958,0.50765,0.845825,0.163923,2e-06,2e-05,0.0,-1.63949,1.052005,0.958253,-0.976497
422,0.094132,-0.038353,0.279466,-0.154527,-0.138549,-0.978249,0.812247,-0.581472,-0.046006,-0.562255,-0.801524,0.203607,0.015774,-0.002668,-0.00206,0.018283,1.162376,0.524926,-1.917438,-0.224376,-0.017651,0.270423,-0.449608,0.157468,0.879231,0.073699,-0.974381,0.212327,0.890681,0.160075,0.425353,0.011611,0.004516,-0.041322,-1.38791,-0.348036,-0.715356,0.327772,0.013837,0.044836,-0.022788,0.458172,-0.132385,0.878949,-0.109095,0.972995,0.203418,-0.882142,-0.18909,0.431357,0.00582,0.002172,-0.020786,-1.401456,-0.352277,-0.721079,0.26408,0.049738,0.031505,-0.066654,0.154906,0.147296,-0.976886,-0.841601,0.537551,-0.052401,0.517408,0.830266,0.207234,-0.000452,-0.005711,0.003868,-0.014411,1.337136,0.568631,-0.980906
423,0.094308,-0.038438,0.27951,-0.200337,-0.168425,-0.965165,0.794955,-0.603699,-0.059714,-0.572359,-0.779024,0.256036,9.1e-05,0.000279,0.000424,0.030661,1.464531,0.674067,-1.917196,-0.223782,-0.017462,0.268785,-0.453256,0.146738,0.879214,0.094286,-0.972871,0.211106,0.886884,0.178409,0.425993,0.026924,0.003513,-0.0433,0.060068,-0.013858,0.013502,0.325942,0.014124,0.044927,-0.023593,0.461479,-0.121299,0.878819,-0.130149,0.970633,0.202315,-0.877552,-0.207742,0.432139,0.005851,0.00235,-0.020652,0.032395,-0.005151,-0.028589,0.259344,0.049832,0.031461,-0.066633,0.199195,0.179876,-0.963309,-0.825416,0.560653,-0.065992,0.528212,0.808277,0.260152,4.9e-05,0.000143,0.000224,0.028515,1.389611,0.635314,-0.993152
