frame,MLTx,MLTy,MLTz,MLTR1,MLTR2,MLTR3,MLTR4,MLTR5,MLTR6,MLTR7,MLTR8,MLTR9,MLTTVx,MLTTVy,MLTTVz,MLTRVx,MLTRVy,MLTRVz,MLGA,MRTx,MRTy,MRTz,MRTR1,MRTR2,MRTR3,MRTR4,MRTR5,MRTR6,MRTR7,MRTR8,MRTR9,MRTTVx,MRTTVy,MRTTVz,MRTRVx,MRTRVy,MRTRVz,MRGA,SLTx,SLTy,SLTz,SLTR1,SLTR2,SLTR3,SLTR4,SLTR5,SLTR6,SLTR7,SLTR8,SLTR9,SLTTVx,SLTTVy,SLTTVz,SLTRVx,SLTRVy,SLTRVz,SLGA,SRTx,SRTy,SRTz,SRTR1,SRTR2,SRTR3,SRTR4,SRTR5,SRTR6,SRTR7,SRTR8,SRTR9,SRTTVx,SRTTVy,SRTTVz,SRTRVx,SRTRVy,SRTRVz,SRGA
954,0.077388,0.033539,0.354303,0.191443,-0.936106,-0.295129,-0.491093,-0.351737,0.796919,-0.850054,-0.006466,-0.526681,-0.016915,0.005132,-0.029187,0.706691,0.735913,0.394602,0.074184,-0.172978,0.046673,0.31653,0.328158,-0.870981,0.365645,-0.234751,0.299616,0.924693,-0.915325,-0.388171,-0.106619,-0.025471,0.003357,0.004747,-0.002253,0.012925,-0.035658,-1.406608,0.032848,0.045736,-0.018923,-0.196767,0.905894,0.375017,0.241229,-0.326006,0.914072,0.95031,0.270325,-0.154381,-0.012738,0.001312,0.002097,-0.006442,0.031268,-0.061823,-0.750118,0.05313,0.040978,-0.064063,0.164113,-0.85561,-0.490914,-0.370984,-0.51466,0.772977,-0.914022,0.055265,-0.401881,-0.009254,-0.003294,-0.010714,0.064338,0.025741,-0.183712,-0.385711
955,0.076442,0.033704,0.353486,0.180421,-0.933591,-0.309679,-0.476034,-0.35843,0.803051,-0.860951,0.00369,-0.5087,-0.041559,0.005969,-0.012913,0.201061,0.225853,-0.031557,0.328708,-0.173904,0.046855,0.316751,0.326273,-0.870769,0.367829,-0.235743,0.301745,0.923748,-0.915741,-0.386997,-0.107306,-0.025444,0.00627,0.007033,-0.002265,0.012924,-0.035658,-1.407406,0.032375,0.045825,-0.018813,-0.194777,0.905436,0.377155,0.241926,-0.328291,0.913069,0.950543,0.269089,-0.155106,-0.012727,0.003267,0.003636,-0.002218,0.013187,-0.03575,-0.750771,0.052646,0.041052,-0.06449,0.161795,-0.858546,-0.486538,-0.372334,-0.509704,0.775608,-0.913886,0.055665,-0.402134,-0.020687,0.003204,-0.006282,0.150838,0.002726,-0.333102,-0.326927
956,0.075118,0.033792,0.352946,0.176359,-0.932973,-0.313854,-0.473477,-0.35998,0.803869,-0.863196,0.007992,-0.504833,-0.030178,-0.000284,-0.017302,-0.5252,0.198365,0.5006,0.432881,-0.174867,0.047072,0.317002,0.323959,-0.870539,0.370411,-0.236918,0.304273,0.922617,-0.916257,-0.385538,-0.108156,-0.025403,0.005574,0.006449,-0.002277,0.012924,-0.035657,-1.407519,0.031903,0.045936,-0.018687,-0.192391,0.904925,0.379598,0.242706,-0.330927,0.911909,0.95083,0.267574,-0.155964,-0.012708,0.002517,0.003027,-0.014724,0.133785,-0.193256,-0.747016,0.051999,0.041107,-0.064746,0.158913,-0.861984,-0.481381,-0.372468,-0.503891,0.779333,-0.914337,0.055453,-0.401137,-0.015816,-0.005739,-0.004581,-0.012008,0.028427,-0.066765,-0.218828
957,0.074681,0.033542,0.352714,0.176007,-0.931122,-0.319499,-0.474504,-0.364653,0.801153,-0.862703,0.011751,-0.505601,-0.01942,-0.015534,-0.01193,-0.55933,0.094602,0.684171,0.442175,-0.175391,0.047149,0.317105,0.323606,-0.870961,0.369727,-0.23521,0.304311,0.923041,-0.916821,-0.384556,-0.106864,-0.02539,0.004166,0.005322,0.041737,0.002126,0.023543,-1.407633,0.031641,0.045977,-0.018633,-0.192017,0.905299,0.378895,0.241029,-0.330751,0.912418,0.951332,0.266524,-0.154694,-0.012701,0.001682,0.00236,0.154724,-0.00783,0.15472,-0.750771,0.051777,0.040987,-0.064865,0.159097,-0.861055,-0.48298,-0.374874,-0.50526,0.77729,-0.913321,0.057392,-0.403173,-0.009771,-0.007963,-0.006093,-0.140757,0.037301,0.093873,-0.07399
958,0.07397,0.033176,0.352304,0.183914,-0.919068,-0.34862,-0.491445,-0.393167,0.777094,-0.851503,0.02955,-0.523542,-0.017069,-0.008922,-0.007059,-0.569422,0.172276,0.536004,0.431135,-0.176333,0.047214,0.317258,0.324199,-0.871835,0.367137,-0.231268,0.30315,0.924418,-0.917615,-0.383492,-0.103825,-0.025385,0.00142,0.003135,-0.0029,0.030117,-0.056893,-1.407622,0.031171,0.046013,-0.018554,-0.192665,0.906262,0.376255,0.237267,-0.329036,0.914023,0.952147,0.265373,-0.151632,-0.006346,0.000982,0.001293,-0.001945,-0.002055,-0.008523,-0.758936,0.051416,0.04079,-0.06508,0.167268,-0.848553,-0.501974,-0.394686,-0.524201,0.754609,-0.903462,0.071901,-0.422594,-0.014181,0.002499,-0.006727,-0.573944,-0.011727,0.462892,0.232017
959,0.072909,0.033276,0.351832,0.191643,-0.910648,-0.366113,-0.494012,-0.41186,0.765699,-0.848315,0.035254,-0.528342,-0.028414,0.005065,-0.013483,0.334383,0.159494,0.481175,0.442193,-0.177064,0.047302,0.317411,0.32432,-0.87045,0.370302,-0.230993,0.306608,0.923346,-0.917642,-0.383888,-0.102111,-0.025357,0.00287,0.004262,0.01357,0.010131,-0.075418,-1.408424,0.030805,0.046053,-0.018481,-0.192834,0.904788,0.379701,0.236381,-0.332733,0.912914,0.952333,0.265795,-0.149712,-0.006331,0.001974,0.002069,-0.002994,-0.013257,-0.006306,-0.763834,0.050881,0.040842,-0.065315,0.174752,-0.839137,-0.515082,-0.411032,-0.537541,0.736275,-0.894714,0.083049,-0.438849,-0.014191,0.002556,-0.006706,-0.198618,-0.035409,0.100918,0.370487
960,0.071888,0.033634,0.351404,0.198428,-0.906321,-0.373167,-0.491203,-0.421459,0.762275,-0.848395,0.033169,-0.528349,-0.013625,0.007694,-0.011131,0.049326,-0.197077,0.334436,0.478668,-0.177724,0.047281,0.317569,0.322328,-0.870273,0.372454,-0.232211,0.308614,0.922372,-0.918034,-0.382686,-0.103097,-0.01268,0.000826,0.001645,-0.002041,0.015201,-0.029249,-1.408973,0.03047,0.046046,-0.018398,-0.190716,0.904449,0.381573,0.237483,-0.334651,0.911925,0.952485,0.264536,-0.150968,-0.005963,-0.005521,0.004329,-0.039222,0.028946,-0.04514,-0.764814,0.050374,0.041012,-0.065529,0.181934,-0.836678,-0.516594,-0.413582,-0.541743,0.731754,-0.892103,0.080523,-0.444596,-0.006958,0.003439,-0.005857,-0.169782,-0.035051,0.10643,0.429272
961,0.071617,0.033682,0.351186,0.202431,-0.902599,-0.379976,-0.494397,-0.429154,0.75589,-0.845594,0.035963,-0.53264,-0.014752,0.004705,-0.013404,0.033863,-0.305414,0.467466,0.481048,-0.178072,0.047226,0.317652,0.321832,-0.870186,0.373085,-0.232684,0.309144,0.922075,-0.918088,-0.382455,-0.103472,-0.024623,-0.011727,0.009083,-0.040521,0.043458,-0.075041,-1.408759,0.030301,0.046023,-0.01836,-0.190225,0.904311,0.382146,0.23784,-0.335208,0.911628,0.952494,0.264304,-0.151316,-0.006343,0.000343,0.000777,-0.002081,0.015472,-0.029189,-0.763997,0.050236,0.041047,-0.065636,0.184861,-0.833652,-0.520431,-0.418295,-0.54594,0.725932,-0.889299,0.083497,-0.449637,-0.007378,0.002326,-0.006707,-0.300431,-0.049244,0.263995,0.447397
962,0.071017,0.03362,0.350837,0.217349,-0.895339,-0.38881,-0.493809,-0.444486,0.747367,-0.842245,0.03067,-0.538248,-0.01598,-0.005579,-0.004667,-0.000741,-0.075094,0.114889,0.467257,-0.178478,0.047244,0.31776,0.321168,-0.870083,0.373898,-0.233166,0.309882,0.921706,-0.918197,-0.382094,-0.103836,-0.012662,0.001755,0.002368,-0.002045,0.015205,-0.029245,-1.409081,0.030093,0.046024,-0.018305,-0.189505,0.904121,0.382952,0.238238,-0.336025,0.911223,0.952538,0.263915,-0.151718,1.3e-05,0.001214,0.000961,0.001804,-0.01733,0.02281,-0.767264,0.049942,0.041016,-0.06581,0.200511,-0.825476,-0.527621,-0.419545,-0.559027,0.715171,-0.885311,0.077961,-0.458415,-0.007217,0.002796,-0.006365,-0.230269,-0.04344,0.181701,0.447234
963,0.070446,0.033781,0.350632,0.220137,-0.889883,-0.399616,-0.501657,-0.454645,0.735942,-0.836866,0.039566,-0.546,-0.001352,-0.003567,-0.002718,-0.052572,-0.185471,0.364919,0.46975,-0.178734,0.047262,0.317807,0.319819,-0.869999,0.375246,-0.233806,0.311205,0.921098,-0.918503,-0.381211,-0.10437,1e-06,4.9e-05,3.8e-05,0.0,-0.0,-0.0,-1.40875,0.029961,0.046037,-0.018279,-0.18809,0.903865,0.384251,0.23868,-0.33744,0.910585,0.952708,0.262986,-0.152265,-0.006348,-0.000237,0.000313,-0.00204,0.015308,-0.029274,-0.769223,0.049649,0.041092,-0.065917,0.206335,-0.81951,-0.534629,-0.427515,-0.566981,0.704104,-0.880145,0.083281,-0.467341,-0.006743,0.000515,0.00019,-0.527976,-0.176506,0.771338,0.442988
964,0.070268,0.033802,0.350593,0.227102,-0.885657,-0.40507,-0.502988,-0.462863,0.729886,-0.83421,0.039086,-0.550085,-0.001011,-0.002664,-0.002031,-0.00457,-0.104311,0.173471,0.468074,-0.178829,0.047246,0.317802,0.319521,-0.869971,0.375565,-0.23395,0.311518,0.920955,-0.91857,-0.381019,-0.104482,-1.8e-05,-0.001196,-0.00094,0.0,-0.0,-0.0,-1.408784,0.029913,0.04603,-0.01828,-0.18778,0.903801,0.384554,0.238775,-0.337769,0.910438,0.952745,0.262785,-0.152379,-1.3e-05,-0.000847,-0.000661,2.1e-05,7.5e-05,-2.4e-05,-0.770529,0.04956,0.041103,-0.065935,0.212248,-0.814546,-0.539874,-0.430958,-0.573858,0.696391,-0.877054,0.084856,-0.472836,-0.006894,0.000128,-0.000112,-0.248604,-0.200683,0.520549,0.443968
965,0.070029,0.033756,0.3506,0.231356,-0.88239,-0.409765,-0.500351,-0.469165,0.727671,-0.834633,0.03777,-0.549536,-0.012393,0.003958,0.00258,-0.000352,-0.195229,0.308298,0.462346,-0.178878,0.047219,0.317772,0.319374,-0.869957,0.375721,-0.233996,0.311682,0.920888,-0.918609,-0.380917,-0.104512,-5e-06,-0.000318,-0.00025,0.0,-0.0,-0.0,-1.408785,0.029888,0.046012,-0.018298,-0.187627,0.903769,0.384703,0.238796,-0.337938,0.910369,0.95277,0.262676,-0.15241,-4e-06,-0.000184,-0.000142,4e-06,5.3e-05,-2.4e-05,-0.771835,0.049444,0.041075,-0.065935,0.219431,-0.810859,-0.542546,-0.429744,-0.579577,0.692394,-0.875881,0.081224,-0.475639,-0.000502,-0.004864,0.0046,-0.128787,-0.022098,0.256009,0.437273
966,0.06988,0.033885,0.350816,0.229931,-0.881173,-0.413173,-0.504087,-0.471018,0.723886,-0.832773,0.042925,-0.551972,0.000821,-0.004927,0.012844,-0.238834,0.260691,-0.095534,0.461833,-0.17882,0.047191,0.317758,0.318854,-0.869959,0.376158,-0.234225,0.312112,0.920684,-0.918731,-0.380562,-0.104738,-1.4e-05,-0.000943,-0.000741,0.0,-0.0,-0.0,-1.409056,0.029917,0.046,-0.018304,-0.187088,0.903706,0.385114,0.238958,-0.338394,0.910157,0.952835,0.262306,-0.152639,0.006338,-0.000419,-0.000822,0.002067,-0.015175,0.029236,-0.773142,0.049364,0.041139,-0.065827,0.221522,-0.808327,-0.545466,-0.432255,-0.582802,0.68811,-0.874118,0.083349,-0.478508,0.000499,-0.002223,0.006607,-0.064608,0.086055,0.020041,0.434497
967,0.070099,0.033992,0.351039,0.23945,-0.87564,-0.41948,-0.505054,-0.481354,0.716373,-0.829508,0.041411,-0.556981,0.002287,0.006013,0.004569,0.000281,-0.120254,0.193377,0.443255,-0.178706,0.047072,0.31768,0.318666,-0.869981,0.376267,-0.234329,0.312206,0.920626,-0.918769,-0.380434,-0.104862,0.012646,-0.003199,-0.003505,0.000282,0.002265,0.006396,-1.409075,0.029974,0.045943,-0.018341,-0.186892,0.903704,0.385213,0.239046,-0.338501,0.910095,0.952852,0.262174,-0.152764,0.006323,-0.001642,-0.001788,0.000296,0.002287,0.006394,-0.773469,0.049476,0.041199,-0.065711,0.228814,-0.802268,-0.55137,-0.433822,-0.59108,0.680015,-0.871459,0.083599,-0.48329,0.001158,0.003056,0.002321,-0.114807,0.045792,0.048822,0.42519
968,0.070216,0.03404,0.351178,0.243573,-0.872469,-0.423692,-0.507179,-0.486962,0.711061,-0.827011,0.042775,-0.560579,0.001214,-0.003887,0.013619,-0.214706,0.030753,0.178896,0.429914,-0.17866,0.047005,0.317623,0.318584,-0.86999,0.376316,-0.234354,0.312258,0.920602,-0.918791,-0.380371,-0.104895,-4.9e-05,-0.003441,-0.002709,0.0,-0.0,-0.0,-1.409338,0.029998,0.04591,-0.018369,-0.186823,0.903705,0.385244,0.239058,-0.33854,0.910077,0.952862,0.26212,-0.152791,-2.2e-05,-0.001639,-0.001293,7e-06,2.1e-05,-2e-06,-0.772979,0.049533,0.041221,-0.06565,0.234084,-0.79886,-0.554099,-0.432961,-0.595956,0.676299,-0.870487,0.081593,-0.48538,0.001238,0.003273,0.002485,-0.110016,0.065701,0.011458,0.412616
969,0.070312,0.03435,0.351535,0.242908,-0.869959,-0.429199,-0.508822,-0.490988,0.707108,-0.826196,0.047703,-0.561383,0.004916,0.012954,0.009792,0.004142,-0.130015,0.221231,0.419104,-0.178663,0.046806,0.317454,0.31756,-0.869967,0.377235,-0.234755,0.313186,0.920184,-0.919042,-0.379663,-0.105264,-9.2e-05,-0.006421,-0.005066,0.0,-0.0,-0.0,-1.409301,0.029996,0.045813,-0.018452,-0.185749,0.903551,0.386124,0.239322,-0.339528,0.90964,0.953006,0.261372,-0.153173,-5.5e-05,-0.003961,-0.003126,-0.001781,0.01749,-0.022858,-0.771836,0.049578,0.041366,-0.065472,0.238022,-0.794865,-0.558152,-0.434984,-0.601054,0.670463,-0.868408,0.083203,-0.488819,0.002391,0.006317,0.004775,-0.18118,0.093698,0.040992,0.389756
970,0.070661,0.034868,0.351979,0.239756,-0.865097,-0.440647,-0.513853,-0.498197,0.698374,-0.823996,0.060062,-0.563427,0.004323,0.004357,0.019761,-0.005754,-0.074854,0.228081,0.409887,-0.178658,0.046526,0.31722,0.31048,-0.873028,0.376052,-0.23409,0.313071,0.920393,-0.921619,-0.372682,-0.107654,-0.000103,-0.007151,-0.005657,-0.007324,0.024058,-0.017402,-1.409278,0.029998,0.045667,-0.018573,-0.178312,0.905781,0.384402,0.238819,-0.339143,0.909916,0.954552,0.254051,-0.155845,-5.1e-05,-0.003599,-0.002847,0.011657,0.012681,-0.03477,-0.774448,0.049755,0.041633,-0.06525,0.237517,-0.790616,-0.564367,-0.443138,-0.605204,0.661328,-0.864414,0.093016,-0.494099,0.009199,0.006051,0.004745,-0.189099,0.115908,0.061233,0.37457
971,0.070861,0.03514,0.35221,0.234949,-0.862435,-0.448386,-0.511334,-0.501997,0.697501,-0.826938,0.066467,-0.558375,0.005846,0.015482,0.011596,0.187559,0.257673,0.193399,0.408836,-0.178678,0.046385,0.317122,0.310131,-0.873014,0.376373,-0.234259,0.313384,0.920243,-0.921693,-0.372453,-0.107811,-0.00011,-0.007554,-0.005983,-0.001844,0.017567,-0.02277,-1.409392,0.029988,0.045598,-0.018621,-0.177999,0.905655,0.384845,0.238819,-0.339639,0.909731,0.95461,0.253839,-0.155832,-5.4e-05,-0.003825,-0.003028,0.001293,0.015284,-0.025692,-0.775591,0.049857,0.041773,-0.065125,0.235825,-0.790111,-0.565782,-0.445939,-0.60527,0.659383,-0.863437,0.096806,-0.495079,0.002975,0.007892,0.005906,-0.165299,0.094086,0.021316,0.370651
972,0.071299,0.035659,0.352886,0.223389,-0.859381,-0.460007,-0.512716,-0.504991,0.694319,-0.829269,0.081816,-0.552852,0.019112,0.007117,0.022062,0.022637,-0.047464,0.283614,0.405913,-0.178655,0.046064,0.316853,0.304243,-0.874816,0.376995,-0.232656,0.315405,0.919959,-0.924052,-0.366487,-0.108061,-0.000144,-0.00986,-0.007834,-0.001763,0.017471,-0.022849,-1.40953,0.03,0.045447,-0.018748,-0.171943,0.906691,0.385158,0.236927,-0.341442,0.90955,0.95619,0.247646,-0.156112,-7.4e-05,-0.005229,-0.004152,-0.001734,0.016874,-0.02322,-0.776408,0.050067,0.042025,-0.0648,0.231586,-0.789426,-0.568484,-0.451188,-0.604879,0.656162,-0.861856,0.104535,-0.496261,0.003456,0.005683,0.01242,-0.172134,0.150658,0.021747,0.365589
973,0.071773,0.036114,0.353902,0.216672,-0.858136,-0.465512,-0.513963,-0.505698,0.69288,-0.83027,0.090193,-0.550039,0.018996,-7.1e-05,0.032953,-0.062492,-0.118346,0.246409,0.402205,-0.17856,0.045685,0.316444,0.291263,-0.87717,0.381746,-0.233591,0.321631,0.917564,-0.927976,-0.355308,-0.111716,0.01257,-0.012595,-0.011048,-0.493035,0.128154,-0.647136,-1.409834,0.030043,0.045255,-0.018954,-0.158789,0.907595,0.38866,0.236336,-0.34727,0.907495,0.958608,0.235955,-0.159355,-9.1e-05,-0.007004,-0.005564,-1.646228,0.454027,-2.224729,-0.777388,0.050313,0.042257,-0.064282,0.219772,-0.790709,-0.571383,-0.460699,-0.600399,0.653663,-0.859916,0.119578,-0.49623,0.009547,0.000126,0.016592,-0.078334,0.027841,0.274367,0.360363
974,0.072056,0.036441,0.355082,0.208046,-0.862213,-0.4619,-0.514877,-0.498071,0.69771,-0.831899,0.093736,-0.546977,0.008297,0.015194,0.027337,-0.032843,-0.128819,0.22856,0.402804,-0.178346,0.04524,0.315897,0.284624,-0.880107,0.379989,-0.23236,0.321101,0.918061,-0.930334,-0.348477,-0.113603,0.012569,-0.014617,-0.012732,-0.000652,0.003379,0.007321,-1.409916,0.03015,0.045032,-0.019228,-0.151579,0.909502,0.387077,0.235897,-0.347001,0.907712,0.959883,0.228901,-0.161951,-0.00011,-0.008165,-0.006551,0.005704,0.029145,-0.054182,-0.784572,0.050452,0.042416,-0.063701,0.209803,-0.794792,-0.569462,-0.461822,-0.593915,0.658774,-0.861801,0.124778,-0.491658,0.003403,0.002118,0.017804,-0.022124,0.117935,-0.002498,0.355791
975,0.072298,0.036644,0.355695,0.204475,-0.861241,-0.465295,-0.516547,-0.498725,0.696006,-0.831745,0.099099,-0.546266,0.019822,0.002398,0.034493,-0.048024,-0.093778,0.260235,0.402643,-0.178193,0.045014,0.315566,0.278411,-0.881208,0.382034,-0.23247,0.323982,0.917021,-0.932177,-0.343,-0.115151,0.011806,-0.004879,-0.021471,0.034923,0.006726,0.000129,-1.410144,0.030226,0.044917,-0.019389,-0.145203,0.909766,0.388897,0.235564,-0.349971,0.906658,0.96095,0.223259,-0.163492,-0.00011,-0.008654,-0.006966,-0.000339,0.032744,-0.044612,-0.784899,0.050568,0.042522,-0.063397,0.208648,-0.794194,-0.570719,-0.462336,-0.594336,0.658034,-0.861806,0.126567,-0.491192,0.004444,0.008461,0.014243,-0.084049,0.097211,0.01183,0.355954
976,0.072824,0.037097,0.356851,0.20104,-0.859281,-0.470387,-0.515541,-0.501143,0.695014,-0.833202,0.103844,-0.543156,0.008135,0.014944,0.026864,0.023976,-0.038923,0.283286,0.396523,-0.177866,0.044527,0.314734,0.275592,-0.881822,0.382661,-0.235128,0.324021,0.916329,-0.932345,-0.341386,-0.118541,0.011786,-0.009173,-0.025058,0.034804,0.006883,0.000201,-1.410415,0.03039,0.044677,-0.019802,-0.142291,0.91002,0.389378,0.238195,-0.35034,0.905827,0.960737,0.221639,-0.166912,0.005897,-0.005057,-0.012912,0.040058,0.020642,-0.021168,-0.789308,0.050835,0.042744,-0.062822,0.205237,-0.793315,-0.573172,-0.46424,-0.594474,0.656567,-0.861601,0.131338,-0.490298,0.010148,0.005503,0.012159,-0.046226,0.103086,0.00937,0.351872
977,0.073192,0.037576,0.357882,0.189807,-0.862268,-0.469588,-0.516339,-0.494489,0.699176,-0.835326,0.110828,-0.538493,0.007741,0.013965,0.025995,0.072708,0.143861,0.160913,0.397142,-0.177436,0.044231,0.313731,0.273602,-0.880706,0.38664,-0.238233,0.327277,0.914368,-0.93214,-0.341163,-0.120772,0.011078,0.004239,-0.030901,0.067341,-0.005198,0.011463,-1.41033,0.030609,0.044518,-0.020319,-0.140284,0.908639,0.393311,0.24074,-0.354016,0.903723,0.960397,0.221464,-0.169083,0.005553,0.002118,-0.015457,0.072498,-0.006833,0.018449,-0.790451,0.051022,0.042989,-0.062296,0.192106,-0.797417,-0.572031,-0.469554,-0.586524,0.659929,-0.861749,0.141824,-0.487106,0.003736,0.006664,0.01277,0.104572,0.054876,-0.137417,0.34828
978,0.073342,0.037839,0.358334,0.185112,-0.863735,-0.468765,-0.518016,-0.491142,0.700293,-0.835336,0.114266,-0.537759,0.006719,0.011224,0.023981,-2.622408,3.863321,-2.935842,0.39865,-0.177228,0.044142,0.313214,0.27291,-0.880164,0.38836,-0.239548,0.328673,0.913523,-0.932005,-0.341221,-0.121647,0.011084,0.003501,-0.031561,0.069577,0.011408,-0.006015,-1.410141,0.030708,0.044474,-0.020564,-0.139607,0.90802,0.394979,0.24186,-0.355534,0.902827,0.960214,0.221571,-0.169979,0.005948,-0.003653,-0.011869,0.038713,0.005619,0.005473,-0.791267,0.051099,0.043126,-0.062067,0.190748,-0.798227,-0.571356,-0.468648,-0.585479,0.6615,-0.862545,0.141585,-0.485767,0.003407,0.005784,0.012109,0.062983,0.043161,-0.067666,0.348933
979,0.07369,0.038278,0.359113,0.182406,-0.864281,-0.468819,-0.519633,-0.48955,0.70021,-0.834923,0.116964,-0.53782,0.019303,0.015654,0.011206,0.001247,-0.044658,0.078805,0.40101,-0.176954,0.044143,0.312159,0.270619,-0.880799,0.388523,-0.240816,0.328689,0.913184,-0.932343,-0.339567,-0.123665,-0.001727,0.006622,-0.028047,0.066415,0.012526,-0.009568,-1.410142,0.03085,0.044469,-0.021108,-0.13719,0.908431,0.39488,0.243149,-0.355568,0.902468,0.960238,0.219824,-0.172104,-0.000846,0.003466,-0.0139,0.083766,0.002364,-0.019677,-0.790614,0.051275,0.043351,-0.061667,0.183319,-0.800029,-0.571267,-0.4719,-0.581399,0.662785,-0.862382,0.148079,-0.484116,0.009566,0.007628,0.005458,-0.017648,0.038721,-0.003959,0.353015
980,0.074066,0.038458,0.359662,0.183521,-0.864268,-0.468407,-0.51849,-0.489956,0.700773,-0.835391,0.115331,-0.537446,0.003647,0.009976,0.006959,0.00014,-0.014951,0.024639,0.398895,-0.176888,0.044645,0.311167,0.267642,-0.880789,0.390603,-0.243592,0.330244,0.911885,-0.932477,-0.338086,-0.126673,-0.001657,0.013538,-0.022335,0.07043,-0.007729,0.010944,-1.410049,0.030883,0.04471,-0.0216,-0.13414,0.908022,0.396865,0.245644,-0.357518,0.901021,0.960033,0.218351,-0.175093,0.005624,0.00713,-0.011388,0.08414,-0.029646,0.035604,-0.79192,0.051465,0.043445,-0.06139,0.182422,-0.79977,-0.571916,-0.471168,-0.581645,0.663089,-0.862972,0.148507,-0.482931,0.007166,-0.002393,0.006409,-0.000318,0.0529,0.047984,0.353342
981,0.074321,0.038491,0.359998,0.173985,-0.865974,-0.468897,-0.52463,-0.484493,0.700001,-0.833584,0.125283,-0.538023,0.002333,0.006399,0.004451,0.000147,-0.014935,0.024648,0.393864,-0.176869,0.045427,0.310362,0.263755,-0.881959,0.390605,-0.247207,0.32949,0.911186,-0.932629,-0.335768,-0.131629,-0.001598,0.0195,-0.017354,-0.020918,0.083002,0.126128,-1.409698,0.030893,0.045099,-0.022005,-0.130309,0.908668,0.396663,0.249347,-0.357181,0.900137,0.959606,0.216203,-0.18003,-0.000786,0.009658,-0.008757,-0.038204,0.122059,0.122835,-0.794697,0.05159,0.043457,-0.061225,0.174738,-0.801158,-0.572373,-0.475618,-0.577677,0.663381,-0.862121,0.156313,-0.481988,0.006461,-0.004316,0.005064,-0.034646,0.085679,0.033507,0.34828
982,0.074484,0.03848,0.360088,0.174396,-0.865762,-0.469135,-0.524703,-0.48489,0.699671,-0.833452,0.125212,-0.538244,0.001269,0.003486,0.002422,0.0,0.0,0.0,0.394092,-0.176976,0.045788,0.310039,0.260332,-0.883663,0.389048,-0.250361,0.327254,0.91113,-0.932745,-0.333475,-0.136545,-0.014443,0.019439,-0.016355,0.017838,0.066195,0.031934,-1.409496,0.030844,0.045283,-0.022164,-0.126512,0.910149,0.39449,0.253089,-0.354908,0.899991,0.959134,0.213701,-0.185449,-0.000777,0.010584,-0.007974,0.080483,-0.112086,0.205628,-0.795186,0.051673,0.043454,-0.061178,0.174117,-0.800879,-0.572952,-0.47605,-0.577791,0.662973,-0.862008,0.157319,-0.481862,0.006137,-0.005205,0.004445,-0.025376,0.079098,0.034923,0.346157
983,0.074639,0.038369,0.360157,0.173438,-0.864676,-0.471488,-0.523509,-0.486471,0.699468,-0.834401,0.126587,-0.536448,-0.000452,-0.001244,-0.000864,0.000215,0.000352,0.000212,0.389199,-0.177119,0.046636,0.30952,0.254954,-0.887678,0.383429,-0.254316,0.320891,0.912298,-0.933154,-0.328977,-0.144435,-0.000766,0.012631,-0.006253,-0.042144,0.077714,0.094594,-1.409715,0.030768,0.045699,-0.022423,-0.121094,0.913276,0.388924,0.257595,-0.349473,0.90084,0.958634,0.209271,-0.192937,-0.000756,0.012711,-0.006186,-0.025148,0.094038,0.133943,-0.79339,0.051751,0.0434,-0.061143,0.173104,-0.800568,-0.573693,-0.4767,-0.577816,0.662483,-0.861853,0.158801,-0.481653,-0.000383,-0.001047,-0.00073,-0.016278,0.015496,-0.006745,0.344034
984,0.074728,0.038208,0.360083,0.173651,-0.864563,-0.471615,-0.52352,-0.486684,0.699312,-0.834351,0.126537,-0.536539,-0.001281,-0.003527,-0.002453,0.0,0.0,0.0,0.375879,-0.177255,0.047334,0.309228,0.255596,-0.887688,0.382978,-0.252402,0.321003,0.91279,-0.933498,-0.328841,-0.142504,-0.000747,0.014116,-0.005005,0.036422,-0.013251,0.016367,-1.409281,0.0307,0.046061,-0.022571,-0.121693,0.913323,0.388627,0.25545,-0.349529,0.901428,0.959132,0.208972,-0.190774,-0.000364,0.007312,-0.00229,0.040073,-0.033804,0.037042,-0.793227,0.051794,0.043317,-0.061182,0.17258,-0.800411,-0.574071,-0.476997,-0.577831,0.662257,-0.861794,0.159538,-0.481515,-0.00081,-0.002233,-0.001557,-0.008155,0.010758,-0.006935,0.330644
985,0.074728,0.038094,0.360005,0.173449,-0.86464,-0.47155,-0.523552,-0.486521,0.699402,-0.834373,0.126643,-0.53648,-0.002243,-0.006178,-0.004301,-0.000155,0.014921,-0.024656,0.372682,-0.177287,0.047577,0.309131,0.254357,-0.888822,0.381168,-0.252888,0.319166,0.913299,-0.933704,-0.327566,-0.144085,-0.000758,0.013094,-0.005852,-0.017951,0.0494,0.070525,-1.409319,0.030684,0.046186,-0.022617,-0.120496,0.914313,0.386666,0.256305,-0.347645,0.901914,0.959055,0.207781,-0.192454,-0.000371,0.006675,-0.002818,-0.02185,0.057081,0.074883,-0.79388,0.051795,0.043263,-0.061219,0.17229,-0.800459,-0.574091,-0.477084,-0.577697,0.66231,-0.861803,0.159781,-0.481418,-0.001082,-0.002982,-0.002076,-0.003357,0.010158,-0.010867,0.32395
986,0.07466,0.037825,0.359817,0.173051,-0.864795,-0.471411,-0.523618,-0.486191,0.699581,-0.834413,0.126849,-0.536368,-0.002288,-0.006299,-0.004396,0.0,0.0,0.0,0.366127,-0.177296,0.047772,0.30908,0.252517,-0.889922,0.379824,-0.253742,0.317778,0.913546,-0.933969,-0.325932,-0.146059,6e-06,0.000533,0.000444,-0.002488,0.00287,0.002483,-1.40953,0.030679,0.046289,-0.022644,-0.118499,0.915208,0.385163,0.257319,-0.346341,0.902127,0.959033,0.206011,-0.194459,7e-06,0.000366,0.000305,0.013247,-0.007775,-0.012203,-0.799105,0.05176,0.043125,-0.061315,0.171695,-0.800646,-0.574008,-0.477219,-0.577329,0.662534,-0.861847,0.160174,-0.481208,-0.001316,-0.00363,-0.002533,-0.003258,0.00901,-0.008256,0.315458
987,0.074688,0.03753,0.359625,0.174627,-0.863539,-0.47313,-0.524969,-0.488198,0.697167,-0.833237,0.127706,-0.537991,-0.002585,-0.007119,-0.004982,-0.000156,0.014921,-0.024657,0.352863,-0.177238,0.047785,0.309098,0.25184,-0.889896,0.380334,-0.253978,0.318327,0.913289,-0.934087,-0.325468,-0.14634,2e-06,0.000224,0.000186,-1e-06,1e-06,1e-06,-1.409315,0.030708,0.046296,-0.022634,-0.117892,0.915023,0.38579,0.257347,-0.347074,0.901838,0.9591,0.205601,-0.194562,2e-06,0.000106,8.7e-05,3.1e-05,-0.000963,-0.000176,-0.798615,0.051773,0.042976,-0.061413,0.1727,-0.799035,-0.575948,-0.478583,-0.579143,0.659962,-0.86089,0.161663,-0.482423,-0.001227,-0.003386,-0.002369,0.003183,-0.077947,0.13841,0.303212
988,0.07466,0.037383,0.359559,0.174684,-0.863502,-0.473177,-0.525017,-0.488258,0.69709,-0.833195,0.127727,-0.538051,-0.003717,-0.017268,0.003898,-0.033899,0.035434,-0.039233,0.340544,-0.177255,0.047764,0.30912,0.251555,-0.889875,0.380572,-0.254148,0.318558,0.913162,-0.934118,-0.3253,-0.146519,-0.012807,-0.000407,0.000692,-0.002045,0.015205,-0.029245,-1.409355,0.030695,0.046273,-0.022621,-0.117447,0.914927,0.386152,0.257572,-0.347472,0.90162,0.959094,0.205355,-0.19485,0.0,-4e-05,-3.3e-05,-0.000223,-0.000502,0.0001,-0.798942,0.051737,0.042831,-0.061478,0.172598,-0.798887,-0.576184,-0.478535,-0.579299,0.65986,-0.860937,0.161833,-0.482282,-0.00088,-0.002423,-0.001699,0.001381,0.006993,-0.011829,0.278065
989,0.074587,0.037138,0.359483,0.174566,-0.863517,-0.473193,-0.525195,-0.488182,0.697008,-0.833107,0.127916,-0.538142,-0.000959,-0.00264,-0.001853,0.0,0.0,0.0,0.329413,-0.177265,0.047764,0.309121,0.251422,-0.889865,0.380683,-0.254193,0.318678,0.913107,-0.934141,-0.325211,-0.146569,-0.000757,0.013222,-0.005744,0.036442,-0.013291,0.016334,-1.409625,0.030695,0.046277,-0.022624,-0.117469,0.914928,0.386143,0.257548,-0.347464,0.90163,0.959098,0.205364,-0.194821,-1e-06,-5e-06,-5e-06,-0.000213,-0.0004,8.3e-05,-0.799922,0.05172,0.042771,-0.061489,0.172419,-0.798833,-0.576313,-0.478561,-0.579319,0.659824,-0.860958,0.162034,-0.482176,-0.000601,-0.001662,-0.001167,-0.001735,0.006332,-0.00762,0.267941
990,0.074651,0.036988,0.359547,0.174718,-0.86339,-0.473368,-0.525437,-0.488366,0.696697,-0.832922,0.128071,-0.538391,0.012694,-0.002408,-0.001467,0.000984,-0.014715,0.029553,0.328253,-0.17728,0.047924,0.309117,0.249808,-0.889219,0.383247,-0.256424,0.320789,0.911743,-0.933962,-0.324903,-0.148378,-0.000751,0.013752,-0.005302,0.036442,-0.013297,0.016329,-1.409373,0.030692,0.046358,-0.022626,-0.115861,0.914087,0.388613,0.259438,-0.349816,0.900177,0.958784,0.205117,-0.196619,1.3e-05,0.001267,0.001053,0.001491,-0.000549,0.002054,-0.800085,0.051746,0.042695,-0.061458,0.171916,-0.798568,-0.576829,-0.478683,-0.579489,0.659586,-0.860991,0.162725,-0.481884,0.000225,0.000615,0.000431,-0.005577,0.003189,0.000441,0.261899
991,0.074807,0.036809,0.359665,0.176174,-0.862096,-0.475183,-0.527173,-0.490324,0.694005,-0.831519,0.129308,-0.540262,-0.001071,-0.009996,0.008999,-0.033758,0.020474,-0.014598,0.313495,-0.17751,0.048082,0.309065,0.247765,-0.89025,0.382177,-0.257403,0.319685,0.911855,-0.934234,-0.323168,-0.150442,-0.012821,-0.002353,-0.000929,-0.27848,0.35216,0.22439,-1.409463,0.030577,0.046451,-0.022646,-0.114979,0.914053,0.388954,0.259352,-0.350349,0.899995,0.958914,0.204356,-0.196779,-0.000386,0.005591,-0.003713,-0.286849,0.361646,0.341338,-0.801718,0.051831,0.042612,-0.061401,0.172497,-0.796668,-0.579278,-0.480089,-0.581512,0.656779,-0.860092,0.164812,-0.482781,0.006452,-0.000909,-0.000531,0.007932,0.017973,0.011208,0.249816
992,0.074961,0.03678,0.359719,0.176791,-0.861808,-0.475476,-0.527169,-0.490884,0.693612,-0.831391,0.129102,-0.540508,0.013364,-0.000556,-0.00017,0.000984,-0.014715,0.029553,0.30819,-0.177698,0.048123,0.309001,0.2476,-0.890195,0.382412,-0.257267,0.32,0.911783,-0.934316,-0.323007,-0.150281,-0.012824,-0.002529,-0.001077,-0.006058,0.019869,-0.025207,-1.409297,0.030483,0.04647,-0.02268,-0.113549,0.914859,0.387476,0.26047,-0.348946,0.900216,0.95878,0.203145,-0.198671,-0.006795,0.004517,-0.004093,0.045251,0.013853,-0.04688,-0.802534,0.051902,0.042593,-0.061371,0.172648,-0.79623,-0.579835,-0.479994,-0.582058,0.656363,-0.860114,0.164997,-0.482677,0.00682,0.000111,0.000183,0.00652,0.01623,0.015196,0.240345
993,0.075312,0.036694,0.359832,0.178684,-0.86034,-0.477423,-0.528687,-0.493207,0.690803,-0.830023,0.13004,-0.542382,0.000839,0.002327,0.00163,0.000175,-0.014882,0.02468,0.307695,-0.178018,0.048281,0.308869,0.247148,-0.89009,0.382947,-0.256899,0.32075,0.911623,-0.934536,-0.322553,-0.149887,-0.013562,0.010774,-0.006749,0.034388,0.001829,-0.012963,-1.409172,0.030323,0.04654,-0.022747,-0.113139,0.914622,0.388155,0.259895,-0.349819,0.900044,0.958985,0.20271,-0.198127,-0.006403,-0.000763,-0.000117,-0.001773,0.014686,-0.029561,-0.803024,0.052084,0.042552,-0.061313,0.17354,-0.794131,-0.582442,-0.481178,-0.58439,0.653418,-0.859273,0.166864,-0.483533,0.006395,-0.001057,-0.000636,0.006566,0.014199,0.020143,0.232017
994,0.075842,0.036384,0.359887,0.179659,-0.859794,-0.478041,-0.528895,-0.494183,0.689945,-0.829681,0.129946,-0.542928,0.011053,-0.014027,0.006392,-0.032812,0.005658,0.014904,0.305669,-0.178365,0.04842,0.308786,0.244966,-0.891081,0.382044,-0.25789,0.319843,0.911662,-0.934834,-0.320719,-0.151946,-0.013552,0.010893,-0.00665,0.028847,0.008252,-0.007384,-1.409366,0.030145,0.046614,-0.022791,-0.110826,0.915403,0.38698,0.261113,-0.34888,0.900056,0.958924,0.200796,-0.200359,-0.006775,0.005419,-0.003339,0.047008,-0.003743,-0.024469,-0.803514,0.052345,0.042405,-0.061286,0.173416,-0.792961,-0.58407,-0.480749,-0.585756,0.65251,-0.859538,0.167635,-0.482795,0.012427,-0.003148,-0.002002,0.018757,0.029273,0.03331,0.229731
995,0.076107,0.036219,0.359896,0.179073,-0.860568,-0.476865,-0.527565,-0.493137,0.69171,-0.830654,0.128778,-0.541717,0.010785,-0.014796,0.005853,-0.032823,0.005631,0.01489,0.302835,-0.178568,0.048414,0.30876,0.244711,-0.891016,0.382361,-0.257932,0.320195,0.911527,-0.934889,-0.32055,-0.151962,-0.012812,-0.001616,-0.000326,-0.002113,0.015286,-0.029176,-1.409542,0.030053,0.046607,-0.022801,-0.110635,0.91525,0.387396,0.261,-0.349351,0.899906,0.958977,0.200672,-0.20023,-0.006409,-0.001118,-0.000414,0.001118,0.012784,-0.032275,-0.803841,0.052478,0.042323,-0.061281,0.172483,-0.79352,-0.583587,-0.479395,-0.585191,0.65401,-0.860481,0.166963,-0.481346,0.00603,-0.002084,-0.001363,0.036375,0.009716,-0.006675,0.227281
996,0.076669,0.035914,0.359884,0.179685,-0.860797,-0.476222,-0.526106,-0.493163,0.692802,-0.831448,0.127125,-0.540889,0.011033,-0.014141,0.00631,-0.031507,-0.096935,0.185302,0.298634,-0.178876,0.048429,0.308772,0.24423,-0.89091,0.382912,-0.258087,0.320785,0.911275,-0.934972,-0.320253,-0.152084,2.1e-05,0.001337,0.001112,-0.0,0.0,0.0,-1.409676,0.029894,0.046613,-0.022802,-0.110164,0.915067,0.387962,0.261021,-0.350001,0.899647,0.959026,0.200375,-0.200294,1.5e-05,0.00098,0.000822,0.001721,-0.018233,0.022468,-0.804167,0.052753,0.042169,-0.061288,0.171645,-0.793627,-0.583689,-0.477524,-0.585251,0.655325,-0.861689,0.166242,-0.479431,0.0062,-0.001613,-0.001037,0.021176,0.004564,0.020758,0.220913
997,0.077315,0.035659,0.359811,0.186292,-0.858983,-0.476958,-0.522991,-0.497684,0.691927,-0.831967,0.12161,-0.541359,0.010951,-0.014413,0.006117,0.038305,-0.097727,0.095614,0.296819,-0.179048,0.048415,0.308787,0.24369,-0.890834,0.383435,-0.258312,0.321332,0.911019,-0.93505,-0.319919,-0.152305,-0.012817,-0.0018,-0.000484,-0.002045,0.015205,-0.029245,-1.409449,0.029808,0.046614,-0.022788,-0.10962,0.914922,0.388458,0.261164,-0.35057,0.899384,0.959049,0.200042,-0.200516,-1.6e-05,-0.000962,-0.000797,-9.3e-05,-0.000158,1.5e-05,-0.80433,0.053081,0.04204,-0.061326,0.181184,-0.790011,-0.585707,-0.470661,-0.592587,0.653695,-0.86351,0.157231,-0.479195,0.012381,-0.003295,-0.002115,0.26415,-0.304029,0.343105,0.216178
998,0.078083,0.035453,0.359726,0.186847,-0.859255,-0.476251,-0.521287,-0.49765,0.693236,-0.832913,0.119801,-0.540307,0.012584,-0.002717,-0.001706,0.001117,-0.01472,0.02943,0.29229,-0.179379,0.048293,0.308661,0.243772,-0.891302,0.382293,-0.256263,0.320853,0.911766,-0.935592,-0.319098,-0.150688,-6e-05,-0.003434,-0.002861,0.0,-0.0,0.0,-1.409766,0.029638,0.046551,-0.022852,-0.109698,0.915397,0.387316,0.259216,-0.349837,0.900233,0.959569,0.199152,-0.198909,-3.2e-05,-0.001813,-0.001505,-0.00233,0.000277,-0.002672,-0.80433,0.053469,0.041932,-0.061366,0.179839,-0.789885,-0.586292,-0.469763,-0.592619,0.654312,-0.86428,0.157748,-0.477635,0.0063,-0.001339,-0.00085,0.068099,0.022222,-0.068041,0.209483
999,0.078521,0.03533,0.359671,0.186805,-0.859818,-0.47525,-0.519682,-0.497048,0.694872,-0.833925,0.11824,-0.539088,0.024723,-0.006705,-0.004309,0.018352,-0.030058,0.043848,0.293635,-0.179556,0.048317,0.308608,0.243717,-0.891255,0.382438,-0.256139,0.321053,0.91173,-0.935641,-0.319028,-0.150535,-0.012812,-0.001094,9.8e-05,-0.002045,0.015205,-0.029245,-1.409688,0.029549,0.046558,-0.022883,-0.109635,0.915336,0.387477,0.259086,-0.350035,0.900194,0.959611,0.199082,-0.198775,-0.006403,-0.000444,0.000141,-0.002377,0.015167,-0.029566,-0.80482,0.053689,0.041873,-0.061392,0.17892,-0.790326,-0.585979,-0.468542,-0.592161,0.655601,-0.865133,0.157256,-0.47625,0.012343,-0.00341,-0.00221,0.116659,0.033382,-0.091258,0.207687
1000,0.079536,0.034964,0.359465,0.192744,-0.859406,-0.473619,-0.513299,-0.499692,0.697713,-0.83653,0.109695,-0.536853,0.024182,-0.008297,-0.005439,0.001973,-0.029436,0.059112,0.296723,-0.179847,0.048411,0.308633,0.241845,-0.892273,0.381249,-0.257309,0.319747,0.911859,-0.935803,-0.317493,-0.152755,-0.012767,0.001204,0.00201,-0.198607,0.246513,0.171185,-1.409572,0.029409,0.046604,-0.022872,-0.108663,0.915484,0.387401,0.25954,-0.350064,0.900051,0.959599,0.198349,-0.199566,-0.006391,0.000151,0.000635,-0.432456,0.44338,0.398337,-0.804494,0.054187,0.041693,-0.061493,0.185707,-0.789357,-0.585172,-0.458928,-0.596263,0.658675,-0.868847,0.146232,-0.472989,0.012019,-0.004358,-0.002882,0.037422,0.051739,-0.026396,0.210299
1001,0.08042,0.03478,0.359312,0.193247,-0.859701,-0.472879,-0.511443,-0.499592,0.699146,-0.837551,0.107809,-0.535641,0.012964,-0.001609,-0.000945,0.000984,-0.014715,0.029553,0.294684,-0.180087,0.048368,0.308629,0.241431,-0.893931,0.377611,-0.256199,0.316476,0.913312,-0.936214,-0.316109,-0.153107,-1.5e-05,-0.000782,-0.000651,-0.032937,0.038772,0.033589,-1.409367,0.029284,0.046588,-0.022869,-0.107214,0.917801,0.382289,0.260003,-0.345242,0.901778,0.959636,0.19608,-0.201617,-8e-06,-0.000424,-0.000347,-0.011643,0.025163,0.011812,-0.805147,0.054631,0.041592,-0.061575,0.187144,-0.789116,-0.585039,-0.455002,-0.597456,0.660316,-0.870602,0.14262,-0.47086,0.012795,-0.002105,-0.001305,-0.00447,0.063483,0.001409,0.209646
1002,0.080851,0.034745,0.359209,0.19419,-0.859275,-0.473268,-0.511079,-0.500445,0.698802,-0.837556,0.107243,-0.535747,0.025147,-0.005482,-0.003482,0.001969,-0.029429,0.059106,0.293607,-0.180136,0.048392,0.308628,0.241508,-0.893924,0.377578,-0.256134,0.316451,0.913339,-0.936212,-0.316153,-0.153029,1.4e-05,0.000694,0.000578,-0.000482,0.000567,0.000491,-1.409222,0.029259,0.046597,-0.022872,-0.107294,0.917737,0.382421,0.259794,-0.345399,0.901779,0.959684,0.196107,-0.201364,1e-05,0.000486,0.000408,0.007157,-0.004804,-0.007029,-0.803514,0.054853,0.041577,-0.061625,0.186451,-0.788859,-0.585608,-0.455278,-0.597572,0.66002,-0.870607,0.143553,-0.470569,0.012588,-0.002706,-0.001732,-0.010911,0.052469,0.029924,0.208013
1003,0.081553,0.034637,0.358998,0.192555,-0.861727,-0.469463,-0.506222,-0.497096,0.704703,-0.840876,0.103028,-0.531356,0.012999,0.005643,-0.011886,0.051178,-0.02026,0.00454,0.291522,-0.18022,0.04854,0.308746,0.246667,-0.89245,0.377729,-0.258035,0.315095,0.913273,-0.934349,-0.321607,-0.15305,0.00011,0.005488,0.004565,0.001741,-0.017962,0.022467,-1.409107,0.029217,0.046664,-0.022819,-0.112621,0.916888,0.382925,0.261798,-0.344379,0.90159,0.958529,0.201786,-0.201255,5.1e-05,0.002656,0.002213,0.000172,-0.000257,-6e-05,-0.804657,0.0552,0.041526,-0.061722,0.183709,-0.79131,-0.583161,-0.452473,-0.594745,0.664489,-0.872649,0.141792,-0.467307,0.006041,-0.002102,-0.001397,0.129829,0.019565,-0.136424,0.205074
1004,0.081845,0.034464,0.358785,0.191144,-0.862916,-0.467852,-0.504678,-0.495234,0.707118,-0.842124,0.102024,-0.52957,-0.002057,-0.006087,-0.004277,-0.000223,0.01487,-0.024687,0.297599,-0.180153,0.048761,0.309024,0.245739,-0.891875,0.379689,-0.260508,0.316401,0.912119,-0.933906,-0.321921,-0.15508,0.000873,-0.003956,0.013422,-0.034701,-0.004387,0.006247,-1.409567,0.029251,0.04678,-0.022681,-0.111677,0.91619,0.384868,0.264036,-0.346013,0.90031,0.958025,0.202163,-0.203266,7.8e-05,0.004118,0.003417,-0.006604,0.105294,-0.128131,-0.805147,0.055352,0.041445,-0.061831,0.18166,-0.793388,-0.580976,-0.450428,-0.592318,0.668036,-0.874135,0.140333,-0.464965,-0.001081,-0.003207,-0.002259,0.024863,-0.000252,-0.025078,0.207197
1005,0.081677,0.034063,0.35849,0.188763,-0.864533,-0.465829,-0.50349,-0.492491,0.709876,-0.843369,0.101615,-0.527665,-0.004402,-0.013006,-0.009176,-0.000223,0.01487,-0.024687,0.305593,-0.180147,0.048902,0.309367,0.246024,-0.891892,0.379464,-0.26086,0.316,0.912157,-0.933733,-0.322266,-0.155407,0.000879,-0.003591,0.013708,-0.034667,-0.004391,0.006291,-1.409278,0.029254,0.046852,-0.022508,-0.111988,0.916256,0.38462,0.264401,-0.345628,0.900351,0.957888,0.202522,-0.203553,7.9e-05,0.004275,0.003537,0.001793,-0.018032,0.022569,-0.804984,0.055271,0.041253,-0.061973,0.179778,-0.795324,-0.578911,-0.449044,-0.589957,0.671051,-0.875236,0.139316,-0.463197,-0.008682,-0.005688,-0.004105,0.005883,0.032284,-0.106319,0.215688
1006,0.081535,0.033808,0.358273,0.188833,-0.864519,-0.465826,-0.50342,-0.492532,0.709896,-0.843395,0.101527,-0.52764,-0.003752,-0.003933,-0.01887,0.035067,-0.092782,0.135876,0.304863,-0.18015,0.049003,0.309527,0.247423,-0.890767,0.381192,-0.259896,0.317867,0.911783,-0.933634,-0.323533,-0.153353,0.000154,0.007865,0.006495,0.021952,-0.041729,0.001908,-1.409705,0.029252,0.046901,-0.022423,-0.11348,0.915217,0.386651,0.263022,-0.347607,0.899993,0.958092,0.203829,-0.201276,-0.006313,0.00364,0.003506,0.001515,-0.017055,-0.010309,-0.805474,0.055199,0.04112,-0.062079,0.18001,-0.795339,-0.578818,-0.448843,-0.590014,0.671134,-0.875291,0.138987,-0.463192,-0.008778,-0.005949,-0.004302,0.001291,0.020002,-0.079152,0.218137
1007,0.081353,0.033167,0.357783,0.191095,-0.861782,-0.469957,-0.507813,-0.496549,0.703944,-0.840248,0.105199,-0.531924,0.006407,-0.021088,-0.014812,-0.054185,0.016833,0.030932,0.284872,-0.18027,0.049285,0.309769,0.247104,-0.890718,0.381513,-0.260019,0.318207,0.91163,-0.933684,-0.323335,-0.153468,0.000133,0.006681,0.005502,0.001745,-0.017948,0.022477,-1.409454,0.029193,0.047044,-0.0223,-0.113113,0.915222,0.386747,0.263291,-0.347719,0.899871,0.958061,0.203615,-0.201639,-0.00632,0.002852,0.002848,-0.001099,-0.002049,-0.00599,-0.8058,0.055104,0.040804,-0.062327,0.18219,-0.791635,-0.583197,-0.452824,-0.594035,0.664884,-0.872786,0.14295,-0.466699,-0.003139,-0.009267,-0.006596,-0.173533,-0.043552,0.294644,0.210299
1008,0.081352,0.032434,0.357214,0.195172,-0.857632,-0.475837,-0.513396,-0.502746,0.695444,-0.83591,0.109626,-0.537831,0.006831,-0.019928,-0.014073,0.000762,0.000162,0.004871,0.228851,-0.180634,0.049459,0.309866,0.245193,-0.891723,0.380397,-0.261208,0.316975,0.911719,-0.933853,-0.321776,-0.155699,-0.012704,0.001683,0.002376,-0.104487,0.136132,0.075331,-1.409123,0.029015,0.047137,-0.022247,-0.111455,0.91587,0.385691,0.264529,-0.346764,0.899876,0.957914,0.202322,-0.203626,-0.006707,0.006834,-0.002189,-0.117088,0.150045,0.163699,-0.804984,0.055103,0.040422,-0.062622,0.185232,-0.786258,-0.58948,-0.458121,-0.599779,0.65604,-0.869375,0.148534,-0.4713,0.0034,-0.010033,-0.007084,0.017771,0.02656,-0.003916,0.155923
