frame,MLTx,MLTy,MLTz,MLTR1,MLTR2,MLTR3,MLTR4,MLTR5,MLTR6,MLTR7,MLTR8,MLTR9,MLTTVx,MLTTVy,MLTTVz,MLTRVx,MLTRVy,MLTRVz,MLGA,MRTx,MRTy,MRTz,MRTR1,MRTR2,MRTR3,MRTR4,MRTR5,MRTR6,MRTR7,MRTR8,MRTR9,MRTTVx,MRTTVy,MRTTVz,MRTRVx,MRTRVy,MRTRVz,MRGA,SLTx,SLTy,SLTz,SLTR1,SLTR2,SLTR3,SLTR4,SLTR5,SLTR6,SLTR7,SLTR8,SLTR9,SLTTVx,SLTTVy,SLTTVz,SLTRVx,SLTRVy,SLTRVz,SLGA,SRTx,SRTy,SRTz,SRTR1,SRTR2,SRTR3,SRTR4,SRTR5,SRTR6,SRTR7,SRTR8,SRTR9,SRTTVx,SRTTVy,SRTTVz,SRTRVx,SRTRVy,SRTRVz,SRGA
78,0.173069,-0.014812,0.372641,-0.553049,0.389145,-0.736714,-0.677641,-0.72451,0.125932,-0.48407,0.568388,0.665311,0.0,0.0,0.0,0.0,0.0,0.0,0.520092,-0.19662,-0.038927,0.316196,-0.929668,-0.240404,0.279132,0.353985,-0.792121,0.497164,0.102753,0.561307,0.821121,-0.016859,-0.000162,-0.020138,0.030851,0.031465,-0.061939,-0.337473,0.029709,0.023965,-0.011718,0.93584,0.213622,0.280301,-0.331909,0.801641,0.497199,-0.118489,-0.558334,0.821111,-0.000511,-0.005371,-0.006117,-0.003868,0.008713,-0.021358,-0.420434,0.084869,0.03506,-0.031649,0.583876,-0.356917,-0.729176,0.634434,0.761005,0.135516,0.506538,-0.541739,0.670772,3e-06,-2e-06,-2e-06,7e-06,2e-05,2e-06,0.519572
79,0.173069,-0.014812,0.372641,-0.553049,0.389145,-0.736714,-0.677641,-0.72451,0.125932,-0.48407,0.568388,0.665311,0.0,0.0,0.0,0.0,0.0,0.0,0.51976,-0.197026,-0.03903,0.315251,-0.929396,-0.23774,0.282301,0.353907,-0.790458,0.49986,0.105477,0.564774,0.818394,-0.017862,0.006325,-0.033781,0.021448,0.053698,-0.022222,-0.542348,0.029507,0.023913,-0.012175,0.93549,0.210924,0.283492,-0.331905,0.799773,0.500202,-0.121225,-0.562027,0.818186,-0.008943,0.002906,-0.017175,0.028519,0.056255,-0.014951,-0.598584,0.084869,0.03506,-0.031649,0.583876,-0.356917,-0.729176,0.634434,0.761004,0.135516,0.506538,-0.541739,0.670773,2e-06,-1e-06,-2e-06,-4e-06,8e-06,-8e-06,0.519572
80,0.173068,-0.014819,0.372636,-0.552944,0.389198,-0.736765,-0.677703,-0.724468,0.125844,-0.484103,0.568406,0.665272,-1e-06,-2.9e-05,-2.1e-05,0.0,0.0,0.0,0.520023,-0.197262,-0.039013,0.314558,-0.929382,-0.234732,0.284852,0.353241,-0.788848,0.502867,0.107833,0.56827,0.815662,-0.018235,0.002754,-0.037961,-0.179208,0.215172,0.048655,-0.709892,0.02939,0.023923,-0.012513,0.935316,0.208752,0.285667,-0.331639,0.798588,0.502266,-0.123281,-0.564516,0.816163,-0.009116,0.001206,-0.019163,-0.408535,0.439909,-0.064172,-0.719419,0.084869,0.035056,-0.031652,0.583775,-0.356976,-0.729228,0.634499,0.760966,0.13543,0.506572,-0.541755,0.670734,1e-06,-1.1e-05,-8e-06,1e-06,1e-05,-3e-06,0.519572
81,0.173068,-0.014826,0.372631,-0.55284,0.389251,-0.736815,-0.677765,-0.724425,0.125757,-0.484136,0.568424,0.665232,-3.6e-05,-0.000737,-0.000548,0.0,0.0,0.0,0.520098,-0.197872,-0.038634,0.312843,-0.930161,-0.224633,0.290399,0.349286,-0.784508,0.512328,0.113902,0.57826,0.807777,-0.018797,0.013812,-0.046461,-0.555979,0.509762,0.267843,-0.961579,0.02909,0.024096,-0.013373,0.935686,0.199892,0.290745,-0.328398,0.794704,0.510489,-0.129014,-0.573138,0.809238,-0.009366,0.006975,-0.023134,-0.209276,0.251298,0.097305,-0.844827,0.084869,0.035054,-0.031654,0.583675,-0.357034,-0.72928,0.634565,0.760926,0.135343,0.506607,-0.541772,0.670695,-2.1e-05,-0.000415,-0.000306,5e-06,-2e-06,2e-06,0.519735
82,0.173068,-0.014826,0.372631,-0.55284,0.389251,-0.736815,-0.677765,-0.724425,0.125757,-0.484136,0.568424,0.665232,-0.0,-0.0,-0.0,0.0,0.0,0.0,0.520014,-0.198549,-0.037784,0.310927,-0.931482,-0.21221,0.295466,0.34349,-0.77995,0.523092,0.120613,0.589005,0.798993,-0.019146,0.026682,-0.052814,-0.226391,0.266629,0.169955,-1.273347,0.028737,0.024528,-0.01437,0.936772,0.185487,0.296732,-0.32202,0.78882,0.523512,-0.136964,-0.585966,0.798676,-0.009543,0.013342,-0.026388,-0.208453,0.26168,0.171507,-0.817557,0.084869,0.035053,-0.031655,0.583675,-0.357034,-0.72928,0.634565,0.760926,0.135343,0.506607,-0.541771,0.670695,-2e-06,7e-06,6e-06,-1e-05,-7e-06,-1.2e-05,0.519572
83,0.173048,-0.014818,0.372637,-0.552741,0.389302,-0.736863,-0.677824,-0.724384,0.125673,-0.484166,0.568441,0.665196,0.0,0.0,0.0,0.0,0.0,0.0,0.520162,-0.199498,-0.036635,0.308893,-0.9253,-0.228643,0.302545,0.364473,-0.755857,0.543851,0.105495,0.613778,0.782311,-0.018967,0.028478,-0.050836,-2.336979,-2.419671,-3.937612,-1.354166,0.028269,0.02509,-0.015369,0.932083,0.198073,0.303295,-0.339851,0.767965,0.54289,-0.125389,-0.609094,0.783123,-0.009449,0.014261,-0.02538,-0.748116,0.576566,0.625908,-0.812822,0.084858,0.035057,-0.031652,0.583579,-0.357091,-0.729328,0.634627,0.760889,0.13526,0.506638,-0.541787,0.670658,-1e-06,-3e-06,-2e-06,-3e-06,-1e-06,-8e-06,0.519572
84,0.173027,-0.014818,0.372638,-0.552781,0.389282,-0.736843,-0.6778,-0.7244,0.125707,-0.484153,0.568433,0.665212,0.0,0.0,0.0,0.0,0.0,0.0,0.520027,-0.200016,-0.036029,0.307891,-0.924957,-0.229742,0.302763,0.367552,-0.742664,0.559723,0.097421,0.629285,0.770956,-0.018921,0.028915,-0.050378,-0.844896,0.618809,0.648235,-1.355964,0.02801,0.025394,-0.01587,0.930479,0.20509,0.303555,-0.348169,0.752814,0.558612,-0.113955,-0.625466,0.771884,-0.017314,0.020086,-0.02875,-0.978612,0.753737,0.716934,-0.814618,0.084848,0.035057,-0.031651,0.583619,-0.357069,-0.729308,0.634602,0.760904,0.135293,0.506625,-0.54178,0.670674,-0.006887,0.000113,0.000285,-0.000983,0.014712,-0.029553,0.519735
85,0.172975,-0.014817,0.37264,-0.552761,0.389295,-0.736851,-0.677813,-0.724391,0.125688,-0.484158,0.568436,0.665206,0.0,0.0,0.0,0.0,0.0,0.0,0.520081,-0.201241,-0.034825,0.306143,-0.924941,-0.234125,0.299436,0.373258,-0.707182,0.600422,0.072344,0.667409,0.741077,-0.0336,0.034414,-0.043058,-1.247129,0.39099,0.570874,-1.361042,0.027415,0.02598,-0.01674,0.930678,0.208723,0.300453,-0.354366,0.718388,0.598617,-0.090897,-0.663591,0.742552,-0.016812,0.017571,-0.021011,-2.704406,-2.677473,-3.221303,-0.824252,0.084822,0.035057,-0.03165,0.583599,-0.357083,-0.729317,0.634615,0.760896,0.135275,0.50663,-0.541782,0.670668,-0.006887,0.000114,0.000289,-0.000976,0.014728,-0.029545,0.519735
86,0.172923,-0.014831,0.372631,-0.552654,0.389352,-0.736902,-0.677878,-0.724347,0.125597,-0.48419,0.568453,0.665167,-7e-05,-0.001432,-0.001064,-0.000881,0.012232,-0.02608,0.520307,-0.202725,-0.033639,0.304739,-0.916415,-0.262781,0.301861,0.398931,-0.657594,0.639029,0.03173,0.70636,0.707045,-0.032803,0.025901,-0.031816,-1.059474,0.496297,0.982806,-1.360846,0.026673,0.026576,-0.017446,0.922467,0.238663,0.303468,-0.382717,0.668719,0.63745,-0.050799,-0.704169,0.708212,-0.0242,0.018819,-0.0192,-1.110114,0.143962,0.6401,-0.824089,0.084796,0.035054,-0.031652,0.583479,-0.357155,-0.729377,0.634694,0.760849,0.13517,0.50667,-0.5418,0.670624,-1e-06,-6e-06,-2e-06,3e-06,-2e-06,8e-06,0.519735
87,0.172902,-0.014837,0.372627,-0.55259,0.389385,-0.736932,-0.677916,-0.724321,0.125543,-0.48421,0.568464,0.665144,-0.0138,-0.00032,0.000163,-0.000984,0.014715,-0.029553,0.520367,-0.203533,-0.033085,0.304156,-0.911595,-0.273143,0.307209,0.410705,-0.631718,0.657409,0.015649,0.725798,0.68763,-0.047884,0.027456,-0.029152,-1.140131,1.168823,0.462887,-1.359695,0.026262,0.026864,-0.017749,0.918371,0.248824,0.3077,-0.394208,0.643126,0.656497,-0.034537,-0.724206,0.688717,-0.023888,0.01394,-0.014306,-0.595851,2.222805,-1.119187,-0.821803,0.084786,0.035048,-0.031656,0.583435,-0.357182,-0.729399,0.634723,0.760831,0.135131,0.506684,-0.541807,0.670607,-0.006901,-0.000182,7e-05,-0.000973,0.014721,-0.029537,0.519898
88,0.17289,-0.014865,0.372607,-0.552315,0.389525,-0.737064,-0.678079,-0.724208,0.125312,-0.484295,0.568512,0.665041,-5.9e-05,-0.001213,-0.000902,0.0,0.0,0.0,0.520426,-0.205369,-0.031887,0.303187,-0.897511,-0.298492,0.324604,0.440569,-0.580087,0.685078,-0.015063,0.75824,0.651697,-0.047143,0.0328,-0.022879,-1.398311,-0.637583,-0.352811,-1.359164,0.025344,0.027458,-0.01824,0.905444,0.271737,0.326081,-0.424402,0.592662,0.684567,-0.007234,-0.758227,0.651949,-0.023651,0.016454,-0.011299,-2.660133,-2.904378,-3.143947,-0.827028,0.08478,0.035035,-0.031665,0.583169,-0.357337,-0.729536,0.634896,0.760728,0.134902,0.506774,-0.54185,0.670505,-3.7e-05,-0.000787,-0.000585,0.0,8e-06,-2e-06,0.519898
89,0.172889,-0.014893,0.372573,-0.552023,0.389672,-0.737205,-0.678239,-0.724104,0.12505,-0.484405,0.568544,0.664933,-5.3e-05,-0.001079,-0.000802,0.0,0.0,0.0,0.520397,-0.207393,-0.030762,0.302297,-0.874039,-0.333315,0.35348,0.483847,-0.533297,0.693844,-0.04166,0.777884,0.626916,-0.047169,0.017715,-0.019521,-0.467663,2.131341,-1.719062,-1.344285,0.024333,0.028037,-0.018672,0.88358,0.308894,0.35195,-0.467784,0.547716,0.693674,0.021503,-0.777554,0.628447,-0.023741,0.014468,-0.013774,-0.109035,0.029392,-0.047711,-0.820986,0.084779,0.03502,-0.031683,0.582888,-0.357499,-0.729681,0.635064,0.760634,0.134642,0.506886,-0.541876,0.670399,-3.2e-05,-0.000679,-0.000506,1.1e-05,1e-05,1.8e-05,0.519898
90,0.172876,-0.014928,0.372548,-0.552009,0.389679,-0.737212,-0.678247,-0.724098,0.125038,-0.484409,0.568546,0.664929,-5.8e-05,-0.001189,-0.000885,0.0,0.0,0.0,0.520228,-0.209396,-0.030036,0.301343,-0.848857,-0.381517,0.365894,0.522185,-0.498658,0.691807,-0.080412,0.778776,0.622016,-0.063153,0.026199,-0.030298,-0.544441,-0.908022,-1.465895,-1.323113,0.023338,0.028398,-0.019144,0.860141,0.35462,0.366606,-0.506854,0.513868,0.692126,0.057054,-0.781142,0.62174,-0.024007,0.007009,-0.012052,-1.95767,-3.738126,-3.71657,-0.817067,0.084773,0.035003,-0.031695,0.582875,-0.357507,-0.729688,0.635073,0.760629,0.134631,0.50689,-0.541878,0.670395,-3.6e-05,-0.000753,-0.00056,-9e-06,-1.4e-05,0.0,0.520061
91,0.172855,-0.014935,0.372543,-0.551946,0.389712,-0.737242,-0.678285,-0.724072,0.124984,-0.484428,0.568557,0.664905,-1.1e-05,-0.000221,-0.000165,0.0,0.0,0.0,0.520384,-0.210333,-0.029748,0.300908,-0.841878,-0.395962,0.366668,0.531036,-0.487803,0.692808,-0.094405,0.77846,0.620444,-0.047484,0.015394,-0.022513,-2.014199,-3.666872,-3.657063,-1.295817,0.022863,0.028543,-0.019369,0.855029,0.365955,0.367426,-0.514113,0.50539,0.693013,0.067918,-0.781445,0.620266,-0.023735,0.007526,-0.011425,0.039381,0.154641,-0.237991,-0.810372,0.084762,0.034997,-0.031699,0.582814,-0.357544,-0.729719,0.635113,0.760604,0.134577,0.50691,-0.541887,0.670372,-5e-06,-0.000101,-7.4e-05,-1.1e-05,-1.7e-05,-5e-06,0.519898
92,0.172834,-0.014941,0.372527,-0.551764,0.389804,-0.737329,-0.67838,-0.724012,0.124814,-0.484503,0.568569,0.66484,-7e-06,-0.000147,-0.000109,0.0,0.0,0.0,0.520462,-0.212103,-0.029264,0.300211,-0.830629,-0.428525,0.355546,0.541339,-0.472658,0.695327,-0.128867,0.770556,0.624099,-0.031712,0.005484,-0.013653,-0.146349,-0.313853,-0.376754,-1.263015,0.021972,0.028786,-0.019724,0.842598,0.403735,0.356405,-0.527846,0.487899,0.695221,0.106795,-0.773919,0.624213,-0.023588,0.008718,-0.010057,-0.529622,-1.126239,-1.135184,-0.800411,0.084752,0.034995,-0.031707,0.582638,-0.357646,-0.729809,0.635214,0.76055,0.134408,0.506986,-0.541896,0.670308,-2e-06,-5.3e-05,-4e-05,-1e-05,-7e-06,-9e-06,0.519735
93,0.172781,-0.014953,0.372506,-0.551661,0.389858,-0.737378,-0.678429,-0.723985,0.124709,-0.484552,0.568567,0.664806,-4.6e-05,-0.000932,-0.000694,0.0,0.0,0.0,0.52002,-0.213713,-0.029031,0.299621,-0.82478,-0.442753,0.351708,0.546228,-0.463703,0.69753,-0.144706,0.767967,0.623819,-0.031932,0.00425,-0.015235,-0.035723,0.074134,-0.035915,-1.253986,0.021185,0.028903,-0.020011,0.836835,0.418706,0.352691,-0.533396,0.478537,0.697488,0.123267,-0.771807,0.623793,-0.015978,0.001919,-0.007831,-0.053106,0.092536,-0.030225,-0.80678,0.08473,0.034991,-0.031716,0.582519,-0.357716,-0.729869,0.635278,0.760518,0.134287,0.507043,-0.541895,0.670266,-3.7e-05,-0.000715,-0.000532,-9e-06,-1e-05,-6e-06,0.520061
94,0.17276,-0.01496,0.372489,-0.551601,0.389889,-0.737407,-0.678452,-0.723975,0.124641,-0.484589,0.568559,0.664787,-6.8e-05,-0.001386,-0.001031,0.0,0.0,0.0,0.520051,-0.214441,-0.028985,0.299316,-0.822195,-0.448186,0.350879,0.548723,-0.460854,0.697459,-0.149851,0.766535,0.624365,-0.032267,0.002228,-0.017734,0.027615,0.047414,-0.09059,-1.252864,0.020792,0.028932,-0.02017,0.83445,0.424139,0.351848,-0.535929,0.475883,0.697362,0.128341,-0.77048,0.62441,-0.016127,0.001042,-0.008922,0.040204,0.046802,-0.098257,-0.815761,0.084715,0.034988,-0.031724,0.582481,-0.357739,-0.729888,0.635289,0.760517,0.134236,0.507072,-0.54188,0.670255,-4e-05,-0.000797,-0.000594,-0.00088,0.012221,-0.026074,0.520061
95,0.172695,-0.014977,0.372427,-0.551425,0.389977,-0.737492,-0.678504,-0.723963,0.124424,-0.484715,0.568513,0.664734,-0.000102,-0.00206,-0.001534,0.0,0.0,0.0,0.520938,-0.215786,-0.028903,0.298572,-0.802848,-0.485003,0.346697,0.564996,-0.433845,0.701778,-0.188939,0.759902,0.621864,-0.03279,0.012207,-0.027439,-0.062973,-0.036557,-0.106292,-1.242675,0.020132,0.028968,-0.020533,0.81619,0.46152,0.347607,-0.552896,0.449212,0.701792,0.167742,-0.764987,0.621816,-0.016311,2.8e-05,-0.010212,-0.219627,-0.245063,-0.369634,-0.826538,0.084682,0.03498,-0.031754,0.582312,-0.357837,-0.729975,0.635345,0.760509,0.134019,0.507196,-0.541828,0.670204,-6.1e-05,-0.001223,-0.00091,-0.000875,0.012239,-0.026066,0.520061
96,0.172585,-0.015035,0.372311,-0.551078,0.390153,-0.737658,-0.678632,-0.723911,0.124028,-0.48493,0.568459,0.664623,-0.00016,-0.003215,-0.002397,0.0,0.0,0.0,0.520874,-0.216923,-0.028736,0.29756,-0.785624,-0.514386,0.343791,0.578917,-0.415559,0.701498,-0.216985,0.750775,0.623792,-0.018003,0.009136,-0.031895,0.066949,0.017438,-0.045308,-1.243202,0.01957,0.029054,-0.021028,0.79977,0.491529,0.344624,-0.567382,0.431427,0.701389,0.196073,-0.756484,0.623928,-0.008966,0.004616,-0.015855,0.068698,0.019276,-0.052715,-0.833723,0.084627,0.034951,-0.031812,0.581977,-0.358031,-0.730147,0.635482,0.760464,0.133625,0.507409,-0.541762,0.670095,-9.5e-05,-0.00193,-0.001437,0.005208,-0.072224,0.153879,0.520388
97,0.172378,-0.015123,0.372099,-0.550904,0.39024,-0.737742,-0.678581,-0.724019,0.123672,-0.485199,0.568261,0.664597,-0.000478,0.005138,-0.013113,0.035744,-0.010535,0.019564,0.521218,-0.217722,-0.028573,0.296358,-0.761764,-0.552722,0.337944,0.595101,-0.391179,0.701975,-0.254838,0.736533,0.62645,-0.018179,-0.004369,-0.026766,0.015775,0.000209,-0.089769,-1.248878,0.019158,0.02914,-0.021639,0.776958,0.530577,0.338854,-0.58434,0.407493,0.70178,0.234267,-0.74326,0.626642,-0.009226,0.003115,-0.017771,0.017734,-0.083375,-0.143441,-0.838132,0.084524,0.034905,-0.031914,0.581823,-0.358121,-0.730225,0.635434,0.760561,0.133298,0.507645,-0.541566,0.670075,-0.007047,-0.002958,-0.002009,-0.001856,0.026978,-0.055618,0.520551
98,0.172215,-0.015178,0.371948,-0.548556,0.390913,-0.739134,-0.678953,-0.72415,0.120831,-0.487334,0.567631,0.663572,-0.014352,0.003825,-0.013702,0.033878,0.016418,-0.036066,0.521478,-0.218027,-0.028496,0.295657,-0.74541,-0.575637,0.336151,0.605784,-0.374854,0.701744,-0.277,0.727434,0.627674,-0.01877,0.004899,-0.037346,-0.102092,-0.316906,-0.382613,-1.251557,0.018999,0.029179,-0.021997,0.761277,0.553899,0.337123,-0.595502,0.391496,0.701503,0.25658,-0.734796,0.627886,-0.009371,0.00231,-0.018813,-0.102011,-0.316628,-0.387686,-0.838785,0.084447,0.034879,-0.031988,0.579471,-0.358951,-0.731687,0.635865,0.760705,0.130396,0.509792,-0.540815,0.669051,-0.000161,-0.003233,-0.002411,0.003773,-0.082192,0.176916,0.520551
99,0.17176,-0.01531,0.371569,-0.548178,0.391105,-0.739312,-0.678879,-0.72434,0.120113,-0.487861,0.567257,0.663504,-0.014491,0.001445,-0.015502,0.033877,0.016388,-0.036081,0.520708,-0.218322,-0.028302,0.294036,-0.7137,-0.615206,0.334881,0.625264,-0.344365,0.70028,-0.314593,0.709942,0.629982,0.011139,0.01267,-0.050992,0.074661,-0.204624,0.165168,-1.260247,0.018851,0.029275,-0.022809,0.730585,0.594503,0.335873,-0.615921,0.361425,0.700008,0.294764,-0.718287,0.630219,0.005586,0.006202,-0.025632,0.075012,-0.215426,0.181054,-0.840091,0.08422,0.034814,-0.032177,0.579136,-0.359154,-0.731852,0.635784,0.760889,0.129711,0.510272,-0.540421,0.669003,-0.007139,-0.004481,-0.003154,0.004172,-0.057668,0.124192,0.521204
100,0.171092,-0.015482,0.371065,-0.543264,0.392559,-0.742163,-0.67954,-0.724703,0.114029,-0.492416,0.565786,0.661392,-0.028273,-0.011251,-0.007693,-0.00285,0.041722,-0.085158,0.521209,-0.218248,-0.028045,0.292239,-0.696489,-0.635329,0.333544,0.634044,-0.32752,0.700466,-0.334903,0.700136,0.630486,-0.003895,0.002212,-0.041675,-0.020135,0.174825,-0.170868,-1.287131,0.018889,0.029399,-0.023696,0.71398,0.615168,0.334363,-0.625016,0.34474,0.700363,0.315573,-0.709028,0.630628,0.005622,0.006413,-0.025497,0.025939,0.034724,0.072853,-0.848092,0.083891,0.034734,-0.032432,0.574296,-0.360899,-0.734802,0.636515,0.761301,0.123564,0.514812,-0.538676,0.66693,-0.007343,-0.000974,-0.00903,0.037246,-0.054307,0.115285,0.521368
101,0.170671,-0.015587,0.370754,-0.540362,0.393507,-0.743778,-0.68006,-0.724753,0.110558,-0.494885,0.565062,0.660167,-0.028596,-0.002642,-0.018247,0.038974,-0.053895,0.114076,0.520781,-0.218106,-0.027903,0.291342,-0.695101,-0.636719,0.333787,0.633439,-0.323146,0.70304,-0.338897,0.700907,0.627487,0.011588,0.002645,-0.04177,-0.092441,0.094404,0.092226,-1.312443,0.018958,0.029468,-0.024163,0.712569,0.61657,0.334793,-0.624624,0.340189,0.702933,0.319515,-0.710008,0.627533,0.005827,0.001312,-0.020891,-0.077318,0.094189,0.092387,-0.858706,0.08367,0.034677,-0.032589,0.571527,-0.361974,-0.736431,0.637042,0.761407,0.120143,0.517235,-0.537803,0.665758,-0.0143,-0.001523,-0.009262,0.036784,-0.051611,0.111271,0.520878
102,0.169633,-0.015865,0.370011,-0.532249,0.396042,-0.748269,-0.681356,-0.724947,0.100884,-0.501846,0.563037,0.656633,-0.028706,-0.016748,-0.011959,0.131232,-0.162381,0.235607,0.521413,-0.217638,-0.027623,0.289648,-0.706332,-0.624269,0.333728,0.619737,-0.317799,0.71754,-0.340985,0.714419,0.610899,0.012052,0.005318,-0.03857,-0.49739,0.257048,0.460323,-1.380116,0.019183,0.029601,-0.024985,0.722544,0.604848,0.334795,-0.612171,0.334773,0.716361,0.321209,-0.722554,0.612159,0.006111,0.002991,-0.01886,-0.666045,0.494605,0.392104,-0.876178,0.083162,0.034546,-0.032956,0.56383,-0.364873,-0.74092,0.638402,0.761699,0.110709,0.523963,-0.535426,0.662404,-0.014437,-0.003295,-0.010641,0.512757,-0.525218,0.702849,0.521368
103,0.168364,-0.016189,0.369106,-0.527164,0.39806,-0.750794,-0.682552,-0.724617,0.094997,-0.505575,0.562037,0.654627,-0.029169,-0.009244,-0.023451,0.038084,-0.042138,0.087767,0.521059,-0.216952,-0.027247,0.28835,-0.748853,-0.56977,0.338486,0.58437,-0.327077,0.742608,-0.311457,0.754609,0.577428,0.013418,0.013462,-0.028225,-0.560747,2.027105,1.859607,-1.401474,0.019517,0.029775,-0.025652,0.758919,0.555426,0.339914,-0.580268,0.339939,0.740087,0.295514,-0.758908,0.580282,0.00672,0.006807,-0.014052,-0.576,2.000272,1.838277,-0.88369,0.082544,0.03438,-0.033393,0.558834,-0.367175,-0.743563,0.639716,0.761434,0.104787,0.527699,-0.534228,0.660403,-0.014595,-0.005058,-0.012036,0.036542,-0.029042,0.060926,0.521041
104,0.16693,-0.016488,0.368091,-0.522642,0.399777,-0.753039,-0.683253,-0.724665,0.089424,-0.509309,0.560753,0.65283,-0.043306,-0.010695,-0.02435,0.037091,-0.027776,0.058043,0.521059,-0.216121,-0.026971,0.287795,-0.851136,-0.385132,0.356696,0.500833,-0.392871,0.771203,-0.155806,0.835512,0.52679,0.030662,-0.001151,-0.002612,1.255469,6.443346,4.754429,-1.402093,0.019934,0.029922,-0.025953,0.857824,0.368647,0.358099,-0.494604,0.402827,0.770128,0.139653,-0.837752,0.527889,0.007475,0.00038,3.5e-05,0.558091,5.821048,4.040009,-0.889405,0.081816,0.03423,-0.033913,0.554381,-0.369176,-0.745902,0.640503,0.761529,0.099135,0.531428,-0.532711,0.658636,-0.021662,-0.005773,-0.01248,0.036028,-0.015144,0.031846,0.521205
105,0.166135,-0.016609,0.367502,-0.521412,0.397865,-0.754902,-0.683037,-0.724837,0.089685,-0.510857,0.561891,0.650638,-0.043478,-0.01195,-0.025406,0.032622,-0.024189,0.027947,0.520772,-0.215635,-0.026939,0.287886,-0.889175,-0.273589,0.366753,0.453063,-0.415965,0.788442,-0.062033,0.867552,0.493324,0.031895,-0.006418,0.013093,-0.687099,3.044982,1.162073,-1.402192,0.020175,0.029937,-0.025918,0.895643,0.251084,0.367122,-0.442887,0.427567,0.788058,0.040899,-0.868413,0.49415,0.007654,0.002663,0.003017,0.911329,8.330124,2.202596,-0.885159,0.081418,0.03417,-0.034207,0.552993,-0.367138,-0.747935,0.640289,0.761657,0.09953,0.533129,-0.533935,0.656266,-0.014825,-0.000808,-0.017453,0.081838,-0.038828,0.112285,0.521204
106,0.164391,-0.016798,0.366248,-0.520213,0.393473,-0.758025,-0.678159,-0.729785,0.086519,-0.518512,0.558577,0.647428,-0.043774,-0.001448,-0.034667,0.067699,-0.037434,0.046194,0.521441,-0.214452,-0.026893,0.288625,-0.923385,-0.019701,0.383357,0.348737,-0.459748,0.816669,0.161317,0.887796,0.430881,0.0333,0.002788,0.024793,2.019137,7.043455,3.543774,-1.400731,0.020753,0.029955,-0.025559,0.923411,0.005453,0.383771,-0.34228,0.464092,0.816983,-0.173651,-0.885769,0.430415,0.016408,0.001258,0.012416,1.003368,5.910391,3.220142,-0.899529,0.080562,0.034069,-0.03482,0.55166,-0.362743,-0.751058,0.635174,0.766325,0.096425,0.540578,-0.530247,0.653156,-0.021804,-0.005886,-0.012698,0.043478,-0.001937,0.036562,0.520878
107,0.162633,-0.01688,0.36498,-0.520047,0.39106,-0.759387,-0.672888,-0.735149,0.082162,-0.525492,0.553221,0.6464,-0.043909,-0.001152,-0.034612,0.071871,-0.027885,0.050645,0.521038,-0.213138,-0.026776,0.289916,-0.905582,0.168348,0.389322,0.270444,-0.477596,0.83588,0.327789,0.862016,0.386453,0.034632,-0.000988,0.042073,-0.785009,1.429887,0.305681,-1.400194,0.021424,0.030017,-0.024906,0.900305,-0.193654,0.389805,-0.257195,0.485803,0.835372,-0.351142,-0.852346,0.387564,0.017493,9.1e-05,0.021735,0.292903,2.326314,0.854336,-0.892181,0.079667,0.034027,-0.035467,0.551398,-0.360582,-0.75229,0.629653,0.771439,0.09175,0.547262,-0.524273,0.652411,-0.021904,-0.000237,-0.017008,0.071872,-0.038727,0.075994,0.520878
108,0.161713,-0.016888,0.364278,-0.517573,0.391753,-0.760719,-0.672498,-0.735904,0.078506,-0.528425,0.551724,0.645287,-0.043951,-0.000673,-0.034328,0.076186,-0.044393,0.080895,0.521082,-0.212375,-0.026715,0.290797,-0.888726,0.234676,0.393808,0.243787,-0.485283,0.839644,0.389261,0.841904,0.373547,0.035089,0.002613,0.046415,1.619236,5.255541,1.939536,-1.40017,0.021788,0.030046,-0.024483,0.882871,-0.255453,0.394057,-0.232629,0.491024,0.83951,-0.407947,-0.832849,0.374085,0.017612,0.001242,0.02302,-0.382389,1.001043,0.233902,-0.89414,0.079223,0.034022,-0.035806,0.549008,-0.361398,-0.753644,0.629277,0.772167,0.08813,0.55009,-0.522636,0.651346,-0.021962,-0.000486,-0.017251,0.110816,-0.080082,0.126683,0.521204
109,0.160008,-0.016853,0.362883,-0.517887,0.382088,-0.765406,-0.66274,-0.744914,0.076494,-0.540297,0.546402,0.639962,-0.044103,-0.000707,-0.034532,0.031938,-0.140332,0.028997,0.520981,-0.210721,-0.026787,0.292698,-0.858622,0.320305,0.400205,0.203623,-0.503137,0.839836,0.47143,0.802171,0.366249,0.050577,-0.008458,0.053516,0.606094,1.668563,0.463956,-1.399757,0.022632,0.030024,-0.023507,0.84892,-0.344751,0.4006,-0.190024,0.508186,0.840022,-0.493178,-0.789235,0.365898,0.017587,-0.004386,0.027472,2.285948,5.233637,1.960412,-0.905407,0.078338,0.034039,-0.03653,0.548732,-0.351606,-0.758462,0.619048,0.780631,0.085987,0.561845,-0.516709,0.646019,-0.022032,-0.000405,-0.01728,0.035307,-0.12709,0.031789,0.520878
110,0.158408,-0.016813,0.361403,-0.51743,0.375304,-0.769063,-0.653439,-0.753545,0.071837,-0.551926,0.539236,0.636106,-0.030367,-0.002548,-0.036465,0.139959,-0.170954,-0.071207,0.521231,-0.208842,-0.027273,0.294749,-0.80641,0.429338,0.406649,0.143913,-0.524313,0.839237,0.574528,0.734734,0.360483,0.050453,-0.02192,0.058354,2.127684,4.740049,1.963893,-1.400084,0.023573,0.029791,-0.022476,0.795486,-0.448818,0.407141,-0.13204,0.527356,0.839321,-0.591411,-0.721427,0.360242,0.032582,-0.005981,0.023837,-0.026517,0.192498,0.034983,-0.920594,0.07755,0.034062,-0.037255,0.54802,-0.345047,-0.76198,0.60945,0.788655,0.081194,0.572924,-0.508886,0.642488,-0.022162,0.004393,-0.022254,0.438771,-0.324526,-0.117919,0.521041
111,0.156913,-0.016851,0.359864,-0.513289,0.369757,-0.774507,-0.648851,-0.757839,0.068145,-0.561123,0.537054,0.629875,-0.030655,-0.004134,-0.037948,-0.05242,-0.352927,-0.070026,0.521029,-0.206664,-0.027847,0.296609,-0.74878,0.516212,0.415746,0.094012,-0.538021,0.837633,0.657002,0.665623,0.353777,0.064594,-0.015338,0.043443,2.010027,6.416548,-0.512231,-1.3998,0.02464,0.029512,-0.021551,0.737948,-0.533452,0.413353,-0.080484,0.538566,0.83873,-0.67004,-0.652207,0.3545,0.024775,-0.007733,0.022333,2.174231,4.724143,1.932487,-0.933493,0.076819,0.034046,-0.038009,0.544169,-0.340986,-0.766555,0.60459,0.792853,0.076507,0.581678,-0.505085,0.637603,-0.015298,0.003249,-0.023404,-0.160377,-0.679431,-0.200437,0.520878
112,0.156243,-0.016909,0.35913,-0.513279,0.365186,-0.776678,-0.644312,-0.761754,0.067566,-0.566332,0.534645,0.627256,-0.030793,-0.004844,-0.038632,0.041765,-0.121677,0.041757,0.521398,-0.205599,-0.028134,0.297347,-0.72012,0.549833,0.423205,0.075516,-0.544052,0.835607,0.690578,0.632989,0.349699,0.064145,-0.018453,0.03949,2.294971,4.799553,1.932509,-1.399924,0.025192,0.029367,-0.021161,0.706421,-0.566954,0.423711,-0.063446,0.545505,0.835702,-0.704942,-0.617241,0.349386,0.02422,-0.003426,0.016214,0.132826,0.576712,-0.050183,-0.941005,0.076467,0.034016,-0.038389,0.543362,-0.334704,-0.769889,0.599799,0.796429,0.077076,0.587365,-0.50366,0.633505,-0.015377,-0.002512,-0.019363,0.052466,-0.097564,0.051575,0.521205
113,0.154963,-0.017148,0.357593,-0.517237,0.349997,-0.781034,-0.626071,-0.776916,0.066394,-0.582923,0.522885,0.621948,-0.031177,-0.007158,-0.040775,0.066369,-0.061479,0.070925,0.520147,-0.203369,-0.028845,0.298675,-0.657616,0.60998,0.442106,0.038994,-0.558362,0.828641,0.753117,0.561387,0.342816,0.063517,-0.023219,0.033448,0.649226,1.536078,0.303026,-1.400412,0.026331,0.029006,-0.020483,0.639098,-0.629,0.44262,-0.023417,0.559305,0.82863,-0.768768,-0.539941,0.342721,0.031699,-0.011813,0.016396,0.625904,1.54899,0.323723,-0.945414,0.075827,0.033899,-0.039155,0.546546,-0.31925,-0.774187,0.580697,0.810593,0.075687,0.603388,-0.490935,0.628414,-0.015592,-0.003904,-0.02063,0.083472,-0.006647,0.06444,0.520878
114,0.153886,-0.017643,0.356044,-0.522767,0.324329,-0.788398,-0.598389,-0.798269,0.06832,-0.606552,0.507077,0.612368,-0.031675,-0.01034,-0.043716,1.336419,-0.35851,-0.845433,0.520778,-0.201121,-0.029648,0.299978,-0.613501,0.642328,0.459373,0.019197,-0.569272,0.821885,0.790179,0.512226,0.336311,0.063606,-0.022334,0.034278,-0.098075,0.270029,-0.45004,-1.400333,0.02743,0.028606,-0.019852,0.593994,-0.660322,0.459505,-0.0028,0.56949,0.821993,-0.804464,-0.489546,0.336424,0.024193,-0.010656,0.018138,-0.105665,0.214667,-0.316258,-0.940841,0.075289,0.033654,-0.039928,0.550275,-0.2941,-0.781473,0.553237,0.829418,0.077418,0.6254,-0.474941,0.619115,-0.00882,-0.01082,-0.017743,4.356697,-0.534242,-3.345904,0.520551
115,0.153403,-0.018027,0.355289,-0.525122,0.311467,-0.79201,-0.584414,-0.808458,0.069478,-0.618021,0.498955,0.607554,-0.017841,-0.012978,-0.046306,1.273698,-0.553533,-0.896123,0.520103,-0.200039,-0.030109,0.300689,-0.597779,0.648435,0.471364,0.017579,-0.577107,0.816439,0.802166,0.495509,0.332962,0.048423,-0.021814,0.035705,-0.051593,0.26465,-0.447188,-1.4003,0.027976,0.028375,-0.019499,0.578135,-0.665905,0.471518,-0.001049,0.577275,0.816548,-0.81594,-0.47257,0.333045,0.031991,-0.016839,0.020997,-0.041742,0.256534,-0.260148,-0.936759,0.075042,0.033464,-0.040303,0.552354,-0.281913,-0.784493,0.538697,0.838897,0.077828,0.636168,-0.465592,0.615233,-0.01602,-0.011492,-0.018291,4.239085,-0.840161,-3.531581,0.520715
116,0.152468,-0.019056,0.35391,-0.529683,0.292965,-0.796023,-0.560989,-0.824872,0.06964,-0.635563,0.483078,0.602265,-0.01825,-0.035758,-0.030198,0.008278,-0.100372,-0.018706,0.519677,-0.197926,-0.031265,0.302227,-0.565486,0.656309,0.499476,0.015561,-0.596878,0.80214,0.825267,0.460536,0.326656,0.048902,-0.033406,0.043172,2.629858,4.682976,1.341044,-1.399783,0.029032,0.027801,-0.018733,0.549822,-0.669374,0.499632,-0.001914,0.597149,0.802127,-0.835278,-0.441984,0.327045,0.024123,-0.011482,0.017034,-0.129835,0.158316,-0.277968,-0.929574,0.074575,0.032957,-0.041,0.555985,-0.261566,-0.788963,0.512917,0.854884,0.078033,0.654061,-0.448058,0.609464,-0.009108,-0.012908,-0.019818,0.136998,-0.097324,-0.052754,0.519408
117,0.151562,-0.02038,0.352666,-0.536372,0.278343,-0.796791,-0.537199,-0.840703,0.067874,-0.650311,0.46409,0.60145,-0.032824,-0.036426,-0.031045,0.01032,0.003666,-0.018374,0.518478,-0.196019,-0.032645,0.303927,-0.551848,0.643134,0.530882,0.031823,-0.619762,0.784103,0.833975,0.448781,0.320851,0.048832,-0.034726,0.041455,-0.0656,0.204991,-0.528871,-1.40023,0.029986,0.027114,-0.017879,0.532634,-0.659045,0.530998,-0.014087,0.620411,0.78415,-0.846227,-0.425145,0.321169,0.016778,-0.017147,0.02145,-0.094535,0.313907,-0.717737,-0.930717,0.074128,0.032294,-0.041622,0.562001,-0.246887,-0.789431,0.488258,0.86941,0.075694,0.667651,-0.427986,0.609154,-0.009218,-0.018184,-0.015563,0.035906,-0.023859,0.020411,0.519245
118,0.150543,-0.021872,0.35145,-0.54539,0.256549,-0.797983,-0.506735,-0.859237,0.070024,-0.66702,0.442233,0.599618,-0.033067,-0.036306,-0.031437,-0.081491,-0.12861,-0.305736,0.510548,-0.194499,-0.034186,0.305649,-0.540327,0.624875,0.563534,0.052734,-0.643128,0.763898,0.840421,0.441678,0.313809,0.03411,-0.046836,0.049419,0.223716,-0.059535,-0.77135,-1.400405,0.030751,0.026348,-0.017022,0.520433,-0.641771,0.563275,-0.03549,0.642821,0.765193,-0.853164,-0.418223,0.311769,0.016742,-0.017908,0.020513,-0.214751,0.407604,-0.662721,-0.933003,0.073618,0.031545,-0.042232,0.570002,-0.225287,-0.790154,0.456873,0.886201,0.076907,0.682909,-0.404837,0.608064,-0.0093,-0.018081,-0.015706,-0.107532,-0.379536,-0.15352,0.512223
119,0.149978,-0.022564,0.350889,-0.547841,0.245288,-0.799843,-0.486216,-0.871345,0.065746,-0.680138,0.424605,0.59762,-0.033098,-0.035469,-0.030935,0.237166,-0.154387,0.098023,0.509238,-0.193729,-0.034945,0.306481,-0.532227,0.619179,0.577359,0.064071,-0.650436,0.75681,0.844782,0.439001,0.305754,0.048819,-0.036137,0.039629,-0.180163,0.382141,-0.646899,-1.400287,0.031118,0.025977,-0.016618,0.514188,-0.63462,0.576946,-0.04531,0.651646,0.757168,-0.856479,-0.415468,0.306314,0.016747,-0.018028,0.020357,-0.214288,0.411629,-0.656737,-0.93333,0.073335,0.031197,-0.042514,0.571683,-0.213052,-0.79233,0.435742,0.897092,0.073175,0.695203,-0.387084,0.605687,-0.016583,-0.023229,-0.011161,0.808653,-0.499944,0.343846,0.507815
120,0.148695,-0.023959,0.349692,-0.543006,0.22019,-0.810374,-0.445347,-0.893618,0.055538,-0.711266,0.390776,0.584313,-0.03331,-0.034911,-0.030926,-0.071414,-0.419817,-0.141127,0.511388,-0.192377,-0.036276,0.308042,-0.503655,0.621471,0.600081,0.067338,-0.664141,0.744524,0.861847,0.414604,0.291867,0.033044,-0.024734,0.032711,-0.408581,0.687699,-0.470173,-1.400229,0.031813,0.025293,-0.015822,0.486289,-0.635096,0.600146,-0.04796,0.66639,0.744059,-0.872481,-0.39061,0.293599,0.01679,-0.017811,0.020584,-0.617268,0.853865,-0.161299,-0.93529,0.072693,0.030499,-0.043114,0.566011,-0.189182,-0.802396,0.393736,0.917163,0.061501,0.724294,-0.350742,0.593613,-0.01665,-0.017652,-0.015613,0.020489,-0.811189,0.007479,0.506182
121,0.14726,-0.025364,0.348523,-0.521934,0.199457,-0.829366,-0.401952,-0.915057,0.032826,-0.751726,0.350244,0.558806,-0.03362,-0.035013,-0.031511,1.115855,-2.196398,2.052226,0.515888,-0.191039,-0.037411,0.309366,-0.436323,0.66137,0.610085,0.019975,-0.67063,0.741478,0.900056,0.334875,0.278606,0.032884,-0.027156,0.029798,1.119133,0.477024,2.5019,-1.400813,0.03247,0.024739,-0.015167,0.419731,-0.670252,0.612035,-0.006454,0.672087,0.740443,-0.907624,-0.314738,0.27777,0.01642,-0.013283,0.015231,-0.036726,0.867449,-0.217439,-0.926309,0.071977,0.029797,-0.043698,0.546474,-0.168236,-0.820403,0.349196,0.936168,0.040626,0.761201,-0.308683,0.570339,-0.016814,-0.017775,-0.015971,-0.079497,-0.760227,0.00771,0.509937
122,0.146505,-0.026084,0.347929,-0.51215,0.187382,-0.838234,-0.378485,-0.925272,0.024347,-0.770401,0.329489,0.545844,-0.048252,-0.034079,-0.030844,4.528646,-0.632088,-2.836885,0.519779,-0.190393,-0.037874,0.309864,-0.386261,0.692151,0.609689,-0.01138,-0.664403,0.747244,0.922745,0.28082,0.263716,0.032168,-0.017684,0.019606,2.724231,5.026134,1.841893,-1.400902,0.032806,0.024495,-0.014902,0.371717,-0.699669,0.610154,0.027069,0.665138,0.746229,-0.92795,-0.26087,0.266183,0.01636,-0.014084,0.014297,-0.06763,0.592698,0.895536,-0.921573,0.071604,0.029437,-0.043995,0.532322,-0.160013,-0.831281,0.331008,0.943137,0.030421,0.779144,-0.291355,0.555018,-0.016898,-0.017819,-0.016138,-0.126778,-0.562576,0.166753,0.51402
123,0.144943,-0.027558,0.346666,-0.489969,0.166707,-0.855678,-0.338875,-0.940756,0.010699,-0.802597,0.294997,0.518501,-0.034504,-0.047643,-0.025277,-0.113547,-0.56324,0.341999,0.520379,-0.189112,-0.038513,0.310507,-0.288191,0.745453,0.60103,-0.05082,-0.638572,0.767839,0.956524,0.189801,0.221133,0.031412,-0.008703,0.008816,-0.854711,0.797134,1.265978,-1.400548,0.033435,0.024175,-0.014581,0.267483,-0.750989,0.603712,0.068585,0.639791,0.765482,-0.961118,-0.163348,0.22264,0.015682,-0.004101,0.004702,-0.686513,1.480505,0.425337,-0.905081,0.070837,0.028721,-0.044613,0.510762,-0.137095,-0.84872,0.284904,0.958411,0.016643,0.811141,-0.250304,0.528579,-0.01718,-0.018725,-0.017243,-0.015035,-0.718918,0.217279,0.519245
124,0.143433,-0.02891,0.345398,-0.47202,0.151084,-0.868571,-0.309042,-0.951031,0.002458,-0.825084,0.269391,0.49668,-0.034405,-0.03499,-0.032821,1.362184,-0.477075,-0.595032,0.520158,-0.187868,-0.038495,0.310482,-0.215251,0.7749,0.594296,-0.052231,-0.616716,0.785409,0.975368,0.137045,0.17245,0.029966,0.011181,-0.010457,-0.773717,1.100884,0.516058,-1.40096,0.034068,0.024173,-0.014583,0.193353,-0.780529,0.594465,0.069671,0.615292,0.785214,-0.978651,-0.110406,0.173349,0.022611,0.005536,-0.005866,-0.674655,1.406066,0.865818,-0.90753,0.070063,0.028023,-0.045262,0.491518,-0.123613,-0.862049,0.256627,0.966479,0.007734,0.832197,-0.225027,0.506764,-0.017311,-0.017852,-0.016772,4.707531,-0.639897,-2.364777,0.520388
125,0.141968,-0.030244,0.344123,-0.462353,0.138496,-0.875839,-0.287545,-0.957752,0.000284,-0.838227,0.251796,0.483736,-0.034465,-0.033303,-0.031752,1.419211,-0.340671,-0.507651,0.52114,-0.186453,-0.038082,0.309962,-0.156458,0.794937,0.586163,-0.043507,-0.598333,0.800024,0.986857,0.098669,0.127439,0.029751,0.00842,-0.013749,-0.783114,0.921054,0.417964,-1.40097,0.034776,0.024382,-0.01484,0.133635,-0.799046,0.58623,0.060484,0.597009,0.799951,-0.989182,-0.071444,0.128111,0.022204,0.010027,-0.011287,-0.836893,1.084418,0.379358,-0.887772,0.06933,0.027353,-0.045901,0.481217,-0.111429,-0.86949,0.234879,0.972009,0.005426,0.844548,-0.206837,0.493919,-0.01732,-0.016801,-0.016058,4.807386,-0.358554,-2.372392,0.521205
126,0.141339,-0.030923,0.343517,-0.461795,0.132429,-0.87707,-0.278817,-0.960328,0.001742,-0.841476,0.245176,0.481492,-0.019839,-0.033854,-0.032497,0.439245,-0.238644,0.142757,0.520447,-0.185761,-0.037853,0.309631,-0.1393,0.796763,0.58801,-0.02987,-0.5968,0.801793,0.989908,0.093125,0.106171,0.044991,0.007755,-0.015749,-0.736259,0.892093,-0.481486,-1.400907,0.035132,0.024499,-0.01501,0.114811,-0.801117,0.587392,0.045577,0.594927,0.802486,-0.992341,-0.065362,0.104817,0.022489,0.003774,-0.008014,-0.708676,0.882103,-0.588219,-0.88369,0.069003,0.027001,-0.046215,0.480214,-0.104784,-0.870869,0.224565,0.974436,0.006584,0.847917,-0.198728,0.491469,-0.009884,-0.016851,-0.01615,0.459596,-0.189245,0.174377,0.521205
127,0.140312,-0.032278,0.342351,-0.455695,0.132133,-0.8803,-0.271269,-0.96248,-0.004104,-0.847252,0.236757,0.475538,-0.019796,-0.032362,-0.031515,0.007028,-0.113749,0.221929,0.520175,-0.184547,-0.037494,0.30885,-0.114523,0.79249,0.599029,-0.011746,-0.603925,0.796913,0.993427,0.083234,0.077696,0.029468,0.003986,-0.019055,-0.107472,0.386247,-0.391161,-1.401199,0.035728,0.024678,-0.015392,0.08997,-0.796217,0.598284,0.027809,0.602494,0.797638,-0.995555,-0.055126,0.076348,0.014383,0.007271,-0.013993,0.010747,0.224984,-0.228196,-0.881567,0.068497,0.026336,-0.046786,0.474532,-0.104958,-0.873958,0.216827,0.97621,0.000492,0.853114,-0.189731,0.486,-0.01723,-0.015521,-0.015123,0.006778,-0.087845,0.199422,0.520388
128,0.139631,-0.033706,0.341328,-0.453165,0.135253,-0.881132,-0.273421,-0.961854,-0.007084,-0.84792,0.237535,0.473958,-0.019798,-0.040852,-0.020959,-0.033257,-0.022757,0.05251,0.515992,-0.183572,-0.0374,0.308046,-0.166198,0.758155,0.630533,0.047952,-0.632347,0.773157,0.985066,0.157779,0.067925,0.029389,0.0022,-0.021242,-4.250936,-3.407757,-3.443751,-1.400708,0.036227,0.024725,-0.015805,0.14217,-0.763552,0.629901,-0.028724,0.632914,0.773688,-0.989425,-0.128089,0.068049,0.014886,0.000937,-0.010992,-4.257483,-3.413844,-3.418493,-0.882546,0.068149,0.025609,-0.04731,0.472151,-0.108476,-0.874817,0.219214,0.975672,-0.002669,0.853825,-0.190512,0.484444,-0.009877,-0.0204,-0.010443,-0.0348,-0.02258,0.053506,0.517939
129,0.139476,-0.034494,0.340841,-0.453092,0.135417,-0.881144,-0.273941,-0.961706,-0.006995,-0.847791,0.238037,0.473936,-0.005189,-0.043087,-0.023283,-0.033107,-0.02442,0.056382,0.511865,-0.183201,-0.037455,0.307692,-0.21163,0.729813,0.650059,0.091099,-0.64739,0.756651,0.973291,0.21843,0.069683,0.014765,-0.009599,-0.012623,-3.273955,-4.541215,-1.328364,-1.400656,0.036413,0.024696,-0.015984,0.187112,-0.736873,0.64962,-0.072796,0.64908,0.757228,-0.979637,-0.188976,0.067809,0.00753,-0.004931,-0.006673,-3.332634,-4.4976,-1.269938,-0.884833,0.068074,0.025235,-0.047541,0.472109,-0.108621,-0.874821,0.21973,0.975557,-0.002549,0.853715,-0.191021,0.484437,-0.002569,-0.021484,-0.01157,-0.040199,0.065384,-0.120287,0.514836
