frame,MLTx,MLTy,MLTz,MLTR1,MLTR2,MLTR3,MLTR4,MLTR5,MLTR6,MLTR7,MLTR8,MLTR9,MLTTVx,MLTTVy,MLTTVz,MLTRVx,MLTRVy,MLTRVz,MLGA,MRTx,MRTy,MRTz,MRTR1,MRTR2,MRTR3,MRTR4,MRTR5,MRTR6,MRTR7,MRTR8,MRTR9,MRTTVx,MRTTVy,MRTTVz,MRTRVx,MRTRVy,MRTRVz,MRGA,SLTx,SLTy,SLTz,SLTR1,SLTR2,SLTR3,SLTR4,SLTR5,SLTR6,SLTR7,SLTR8,SLTR9,SLTTVx,SLTTVy,SLTTVz,SLTRVx,SLTRVy,SLTRVz,SLGA,SRTx,SRTy,SRTz,SRTR1,SRTR2,SRTR3,SRTR4,SRTR5,SRTR6,SRTR7,SRTR8,SRTR9,SRTTVx,SRTTVy,SRTTVz,SRTRVx,SRTRVy,SRTRVz,SRGA
493,0.200098,0.234352,0.329736,0.112651,-0.81234,-0.572239,-0.020406,-0.577698,0.815978,-0.993578,-0.079237,-0.080937,-4.5e-05,0.000501,0.000139,-0.126463,-0.133733,-0.421523,-1.911317,-0.198472,-0.019248,0.330837,-0.954611,-0.050602,0.293509,0.184069,-0.87471,0.448257,0.235251,0.482002,0.843916,1e-06,1.6e-05,1.5e-05,-0.0,0.0,0.0,0.465173,0.028286,0.034843,-0.016178,0.886783,0.008858,0.4621,-0.169927,0.936037,0.308152,-0.429814,-0.351787,0.831567,-0.0,-1e-06,-1e-06,-0.000184,-0.000112,-0.000304,0.446475,0.101348,0.15544,-0.060169,-0.208342,0.796253,-0.567956,-0.107671,0.558497,0.822489,0.972111,0.232511,-0.030625,-2e-05,0.000171,6e-05,-0.102549,-0.427631,-0.347038,-0.981232
494,0.200131,0.234272,0.329736,0.136092,-0.816689,-0.560841,-0.002655,-0.56643,0.824088,-0.990875,-0.109652,-0.078551,0.000216,-0.002412,-0.000671,0.79416,-1.435165,-0.261323,-1.912379,-0.198483,-0.01924,0.330831,-0.954486,-0.050842,0.293875,0.184449,-0.874689,0.448142,0.235463,0.482015,0.84385,0.0,0.0,0.0,-0.01195,0.09778,-0.172763,0.464815,0.028281,0.034847,-0.016181,0.886673,0.009062,0.462306,-0.170167,0.936036,0.308022,-0.429945,-0.351784,0.831501,-2e-06,-6e-06,-6e-06,-0.000149,-0.000108,-0.000254,0.445332,0.101365,0.155403,-0.060168,-0.231376,0.797225,-0.557581,-0.122783,0.544622,0.829645,0.965084,0.260422,-0.028127,0.000206,-0.001598,-0.000653,2.91863,-4.668718,5.8e-05,-0.983355
495,0.200053,0.234255,0.329772,0.174261,-0.824403,-0.538552,0.009295,-0.545544,0.838014,-0.984886,-0.150018,-0.086728,-0.007485,0.004343,0.001307,-0.304298,-0.180711,-0.833706,-1.912991,-0.198494,-0.01924,0.330832,-0.954356,-0.05109,0.294254,0.184848,-0.874654,0.448045,0.235678,0.482052,0.843768,0.0,0.0,0.0,-0.0,0.0,0.0,0.463633,0.028276,0.034847,-0.01618,0.88645,0.009471,0.462726,-0.170674,0.936016,0.307804,-0.430204,-0.351828,0.831348,-3e-06,-2e-06,-5e-06,-7.1e-05,-7.6e-05,-0.000161,0.444352,0.10133,0.155377,-0.060155,-0.271451,0.797707,-0.538495,-0.133831,0.522783,0.841895,0.953101,0.300601,-0.035152,-0.000196,0.002139,0.00061,-0.305692,-0.377996,-0.742942,-0.987927
496,0.199994,0.234254,0.329823,0.179228,-0.843838,-0.505826,0.007179,-0.513043,0.858316,-0.984018,-0.156419,-0.085259,0.000175,-0.001961,-0.000544,-0.314413,-0.188656,-0.862859,-1.912037,-0.19847,-0.019252,0.330862,-0.954785,-0.039991,0.294581,0.174832,-0.876719,0.44803,0.241546,0.479326,0.843662,6e-05,0.000656,0.00063,0.146521,0.222844,0.419627,0.461766,0.028287,0.03484,-0.016167,0.885687,-0.001018,0.464279,-0.161115,0.937181,0.309408,-0.435429,-0.348842,0.829885,2.9e-05,0.000429,0.000416,0.468457,0.773328,1.418943,0.442066,0.101296,0.155395,-0.060124,-0.280891,0.815939,-0.505313,-0.127437,0.49014,0.862277,0.95124,0.306602,-0.033695,0.000111,-0.001274,-0.000349,-0.257587,-0.14121,-0.753745,-0.98956
497,0.200066,0.233978,0.329814,0.1758,-0.848143,-0.499792,0.006169,-0.506768,0.862044,-0.984638,-0.153579,-0.083229,0.00204,-0.023588,0.000987,-0.053661,0.012202,-0.062878,-1.91186,-0.198435,-0.019258,0.330897,-0.954909,-0.034519,0.294871,0.169955,-0.877681,0.448024,0.244535,0.477982,0.843563,9.2e-05,0.001003,0.000963,0.488883,0.742805,1.398592,0.461962,0.028305,0.034836,-0.01615,0.885281,-0.005211,0.465026,-0.157331,0.937622,0.31002,-0.437635,-0.347618,0.829238,0.007403,-0.004912,0.00438,1.590499,2.464719,4.676761,0.440923,0.10133,0.155276,-0.060126,-0.280118,0.820805,-0.497807,-0.124617,0.483088,0.866658,0.951842,0.304802,-0.033036,0.000502,-0.005649,-0.00157,0.015968,0.190051,-0.095353,-0.988907
498,0.200096,0.232586,0.32975,0.169578,-0.850068,-0.498671,0.005088,-0.505265,0.862933,-0.985728,-0.147818,-0.08073,-0.002444,-0.05437,2.1e-05,-0.062579,0.13847,-0.082373,-1.912447,-0.198386,-0.019276,0.330962,-0.954888,-0.029269,0.295507,0.16545,-0.878555,0.447998,0.247705,0.476717,0.843354,4.2e-05,0.00046,0.000442,-0.011955,0.097725,-0.172794,0.464235,0.028329,0.034829,-0.016115,0.88454,-0.012109,0.466305,-0.151139,0.938294,0.311062,-0.441298,-0.345624,0.828129,2.6e-05,0.000263,0.000253,0.000204,-0.000453,-0.000483,0.44076,0.101346,0.1546,-0.060155,-0.273636,0.823297,-0.497297,-0.124219,0.482451,0.86707,0.953777,0.299036,-0.029747,-0.001198,-0.027419,-5.4e-05,-0.07777,0.117866,-0.080368,-1.00099
499,0.199745,0.229879,0.329749,0.157335,-0.845799,-0.509818,0.002101,-0.515987,0.856578,-0.987752,-0.134792,-0.078765,-0.01491,-0.080454,0.000428,-0.025832,0.159903,0.084783,-1.91142,-0.198464,-0.019399,0.330977,-0.954638,-0.029759,0.296263,0.166296,-0.878391,0.448006,0.2481,0.476989,0.843084,-0.000191,-0.002071,-0.00199,-0.0,0.0,0.0,0.468162,0.028291,0.034771,-0.016104,0.884161,-0.011398,0.467042,-0.152117,0.9382,0.310871,-0.441722,-0.345905,0.827786,0.000136,-0.006712,0.00304,-0.038235,0.026073,-0.042771,0.445496,0.101175,0.153253,-0.060157,-0.26019,0.82114,-0.507966,-0.122603,0.493731,0.860928,0.957741,0.286283,-0.02779,-0.003301,-0.046722,0.002161,-0.065656,0.158345,0.132927,-1.011441
500,0.199126,0.225696,0.329891,0.131097,-0.83471,-0.5349,-0.015136,-0.541204,0.840738,-0.99143,-0.101088,-0.082913,-0.01857,-0.13522,0.008078,-0.363777,0.633661,1.026334,-1.910242,-0.198738,-0.019642,0.33086,-0.954495,-0.019341,0.297585,0.157331,-0.880136,0.447818,0.254452,0.474285,0.842717,-0.000702,-0.007531,-0.00725,-0.001372,0.014691,-0.024025,0.459973,0.028154,0.034658,-0.016156,0.882704,-0.021569,0.469433,-0.143103,0.939164,0.312235,-0.447609,-0.342789,0.825918,-0.007587,-0.003819,-0.00322,0.000839,0.028274,-0.052291,0.443373,0.10086,0.151134,-0.060085,-0.232857,0.815191,-0.530319,-0.107447,0.520406,0.847131,0.966556,0.254242,-0.033591,-0.009208,-0.068393,0.003818,-0.426745,0.603508,1.049788,-1.013564
501,0.198618,0.222773,0.330045,0.119655,-0.824466,-0.553158,-0.027094,-0.559689,0.828243,-0.992608,-0.083095,-0.088613,-0.032192,-0.160338,0.008932,-0.021882,0.711607,0.629215,-1.909454,-0.198878,-0.019809,0.330649,-0.954088,-0.000957,0.29951,0.141854,-0.881937,0.449443,0.264916,0.471297,0.841167,-0.015547,-0.011391,-0.010085,-0.009842,0.155032,-0.184472,0.447094,0.02809,0.034578,-0.016257,0.880044,-0.039708,0.473227,-0.127973,0.939803,0.316846,-0.457323,-0.339399,0.821987,-0.000846,-0.001012,-0.010483,0.095739,0.072836,0.091623,0.435535,0.100618,0.14974,-0.060009,-0.219047,0.806904,-0.548564,-0.098322,0.541102,0.835189,0.970747,0.236882,-0.03919,-0.01549,-0.087504,0.006281,-0.457844,0.73585,1.011485,-1.01389
502,0.197316,0.215192,0.330381,0.084909,-0.802584,-0.590504,-0.038233,-0.594853,0.802907,-0.995773,-0.044603,-0.080453,-0.038716,-0.210819,0.010154,-1.304977,-0.012054,3.023897,-1.909396,-0.199033,-0.020472,0.329927,-0.953238,0.026217,0.301068,0.117295,-0.885814,0.448898,0.279655,0.463188,0.8409,-0.002052,-0.021709,-0.02109,0.493962,0.786725,1.319058,0.385219,0.028008,0.034255,-0.01661,0.876371,-0.064488,0.477299,-0.104987,0.941587,0.319987,-0.470055,-0.330537,0.818408,-0.001157,-0.011066,-0.010666,1.669428,2.401204,4.771501,0.381812,0.09997,0.145973,-0.059841,-0.179793,0.793355,-0.581602,-0.092058,0.575073,0.812906,0.979387,0.199696,-0.030359,-0.015879,-0.099702,0.002633,0.343377,1.004153,0.860359,-1.007195
503,0.195978,0.206767,0.330671,0.03782,-0.770659,-0.63616,-0.031847,-0.637239,0.769989,-0.998837,-0.007907,-0.047846,-0.040009,-0.240758,0.009046,0.363075,0.998608,1.301839,-1.908692,-0.199249,-0.021464,0.328937,-0.952669,0.024917,0.302971,0.119296,-0.885825,0.448348,0.280746,0.463241,0.840507,-0.002753,-0.028773,-0.028238,0.005022,-0.041076,0.072647,0.288146,0.0279,0.03376,-0.017104,0.875356,-0.064468,0.47916,-0.105406,0.941783,0.319271,-0.471847,-0.329982,0.8176,-0.001613,-0.008967,-0.018389,0.030794,0.030042,-0.058473,0.288083,0.099302,0.141771,-0.059695,-0.125587,0.767807,-0.628251,-0.103355,0.619693,0.778009,0.986683,0.162641,0.001531,-0.01988,-0.120998,0.004333,0.346206,1.258616,1.490581,-0.998051
504,0.195109,0.201627,0.33082,-0.00294,-0.742642,-0.669716,-0.048502,-0.66884,0.741804,-0.998828,0.035583,-0.033215,-0.048243,-0.272694,0.007235,-0.912596,2.406623,2.173843,-1.905463,-0.199411,-0.021968,0.328246,-0.952265,0.023976,0.304315,0.120635,-0.885985,0.447674,0.281547,0.462986,0.84038,-0.003485,-0.020111,-0.039126,0.031162,0.030439,-0.057657,0.18687,0.027819,0.033502,-0.017448,0.874854,-0.063395,0.480218,-0.106518,0.941951,0.318404,-0.472527,-0.329709,0.817317,-0.009094,-0.010868,-0.019904,0.026999,0.059565,-0.112577,0.192558,0.09887,0.139229,-0.059615,-0.082197,0.748092,-0.658483,-0.090813,0.652348,0.752458,0.992469,0.121649,0.014315,-0.023908,-0.137101,0.003207,-4.668482,4.074525,3.356579,-0.995928
505,0.192958,0.189632,0.330984,-0.071346,-0.681985,-0.727909,-0.061299,-0.725401,0.685571,-0.995491,0.094376,0.01086,-0.051612,-0.318255,-0.000624,0.780025,1.643825,2.105731,-1.903703,-0.199695,-0.022891,0.32667,-0.950387,0.050245,0.306971,0.09687,-0.889777,0.445923,0.296733,0.453473,0.840342,-0.003881,-0.023708,-0.043129,0.182125,0.266493,0.335341,0.074795,0.027676,0.033038,-0.018238,0.869887,-0.088459,0.485253,-0.082988,0.943515,0.320766,-0.486219,-0.319301,0.813411,-0.001966,-0.012258,-0.021951,0.520731,0.80961,1.330879,-0.005023,0.097796,0.133255,-0.059527,-0.001648,0.700127,-0.714015,-0.082534,0.711485,0.697837,0.996586,0.060081,0.056612,-0.029414,-0.167116,0.001651,0.685237,1.56603,1.975386,-0.995765
506,0.190429,0.175903,0.33103,-0.132351,-0.619137,-0.774079,-0.048818,-0.775935,0.628899,-0.989849,0.12179,0.073438,-0.073501,-0.376367,0.005154,0.433281,1.612696,1.456981,-1.905006,-0.199702,-0.023355,0.324586,-0.948137,0.060459,0.312044,0.090876,-0.888994,0.448736,0.305725,0.453746,0.836964,-0.004931,-0.00232,-0.061008,-0.185963,0.329323,0.148885,0.025882,0.027673,0.032794,-0.019278,0.866114,-0.097116,0.490319,-0.077525,0.942973,0.323714,-0.493796,-0.318385,0.809194,0.004861,-0.001547,-0.031338,-0.388305,0.505625,0.237351,-0.1061,0.096541,0.126398,-0.059511,0.072877,0.646503,-0.759421,-0.101314,0.762307,0.639236,0.992181,0.030355,0.121055,-0.040866,-0.189193,0.002349,0.578844,1.720596,1.841942,-0.993969
507,0.186851,0.159844,0.331373,-0.226711,-0.564268,-0.793882,-0.061542,-0.80518,0.589806,-0.971749,0.183269,0.14881,-0.100561,-0.41879,0.007049,0.254005,1.715026,1.370702,-1.906661,-0.199781,-0.022988,0.321669,-0.943214,0.075433,0.323495,0.086018,-0.88499,0.457522,0.321985,0.459274,0.827802,0.008921,0.005212,-0.074357,-0.50205,0.693685,0.415676,-0.038994,0.02763,0.032971,-0.020697,0.858143,-0.108946,0.501717,-0.075212,0.940006,0.332761,-0.50787,-0.323292,0.798466,-0.003054,0.008554,-0.040434,-0.236302,0.443479,0.237959,-0.185296,0.094798,0.118541,-0.059343,0.173573,0.608373,-0.774438,-0.091162,0.792924,0.602462,0.980592,-0.033971,0.193091,-0.04966,-0.21587,0.006087,-0.784395,3.241807,0.826146,-1.005236
508,0.185116,0.151781,0.33152,-0.269649,-0.543741,-0.794783,-0.058448,-0.814593,0.577056,-0.960863,0.202728,0.188868,-0.096078,-0.435136,0.009284,0.304807,1.731652,1.219685,-1.907913,-0.199794,-0.022604,0.320016,-0.938591,0.086942,0.333885,0.082954,-0.882283,0.46328,0.336036,0.462418,0.820434,-0.006264,0.016475,-0.081831,-0.380661,0.585009,0.528397,-0.066928,0.027623,0.033153,-0.021519,0.850349,-0.119035,0.512578,-0.073708,0.937532,0.340001,-0.52103,-0.3269,0.788455,-0.003152,0.007615,-0.041544,-0.286471,1.454547,0.190222,-0.217464,0.093895,0.11435,-0.059271,0.220733,0.593811,-0.773734,-0.094771,0.802606,0.588933,0.970718,-0.056669,0.233438,-0.043028,-0.218664,0.00405,0.504034,1.89278,1.660971,-1.018789
509,0.181593,0.135047,0.331885,-0.339973,-0.494902,-0.79971,-0.055836,-0.838236,0.542415,-0.938369,0.22967,0.258344,-0.096419,-0.423933,0.011458,0.303052,1.821824,1.071899,-1.90902,-0.19992,-0.021639,0.316367,-0.917229,0.1237,0.378656,0.075834,-0.878785,0.471083,0.392178,0.46065,0.796154,-0.00713,0.024085,-0.094348,-0.242521,1.216693,0.34441,-0.161173,0.027566,0.033635,-0.023336,0.818545,-0.148761,0.554845,-0.068213,0.93388,0.351018,-0.570377,-0.325172,0.754276,-0.003582,0.011453,-0.047772,-0.719655,1.092487,0.874842,-0.293231,0.092135,0.105946,-0.059103,0.297542,0.556258,-0.775915,-0.099083,0.826328,0.554403,0.949552,-0.088079,0.300983,-0.047828,-0.21899,0.00824,0.151919,1.663667,0.864062,-1.041813
510,0.177835,0.117955,0.332526,-0.401627,-0.458591,-0.792739,-0.053647,-0.85235,0.520187,-0.913748,0.252014,0.318716,-0.095489,-0.435149,0.014942,0.047021,1.432788,0.631063,-1.909806,-0.200369,-0.020884,0.31276,-0.87233,0.201657,0.445383,0.041936,-0.876612,0.479298,0.48817,0.43653,0.755642,-0.006946,0.010816,-0.089153,-0.015735,2.478061,2.038481,-0.220066,0.027339,0.034026,-0.025178,0.754769,-0.211098,0.621097,-0.03846,0.930939,0.363144,-0.654862,-0.297977,0.694525,-0.010785,0.00556,-0.043871,2.627493,5.93898,3.407308,-0.375693,0.090256,0.097409,-0.058782,0.364783,0.528722,-0.766411,-0.102412,0.84092,0.531379,0.925443,-0.115348,0.360901,-0.047427,-0.224241,0.01025,0.040189,1.688001,0.571412,-1.043119
511,0.175986,0.109283,0.332913,-0.438399,-0.444777,-0.781041,-0.051996,-0.854989,0.516006,-0.896748,0.267376,0.352676,-0.089186,-0.431612,0.014971,0.112018,1.509403,0.680438,-1.909978,-0.200782,-0.020755,0.311037,-0.846417,0.227087,0.481665,0.039764,-0.874901,0.482598,0.532055,0.427347,0.73086,-0.021331,-0.000175,-0.080358,-0.783803,1.525233,0.839674,-0.263209,0.027138,0.034093,-0.026045,0.719509,-0.231433,0.654785,-0.035466,0.929365,0.367453,-0.693575,-0.287609,0.660479,-0.010592,-1e-05,-0.040074,0.140077,3.078018,-0.77968,-0.408351,0.089329,0.093067,-0.05859,0.402135,0.520938,-0.752933,-0.104157,0.843047,0.527657,0.909635,-0.133766,0.393279,-0.049659,-0.222271,0.010608,0.172172,1.87317,0.605319,-1.046058
512,0.172753,0.093209,0.33351,-0.503296,-0.399858,-0.766062,-0.053935,-0.870256,0.489609,-0.861822,0.288228,0.417389,-0.073569,-0.387544,0.009092,0.40956,1.841089,0.852735,-1.910376,-0.201791,-0.021132,0.308135,-0.79576,0.256264,0.548713,0.054975,-0.871627,0.487009,0.604063,0.417385,0.678793,-0.021389,-0.014213,-0.076303,-0.332372,2.870009,-0.997799,-0.398796,0.026634,0.033913,-0.027494,0.655855,-0.249578,0.712435,-0.050523,0.927136,0.371302,-0.753193,-0.279514,0.595458,-0.017862,-0.012778,-0.033718,-0.458207,1.122021,0.139996,-0.508285,0.087706,0.084995,-0.0583,0.47132,0.486774,-0.735463,-0.103283,0.85862,0.502098,0.875893,-0.160688,0.454961,-0.042199,-0.193091,0.005144,0.290828,1.65686,0.678935,-1.062551
513,0.169995,0.078014,0.333885,-0.536125,-0.387304,-0.750074,-0.027568,-0.88005,0.474052,-0.843041,0.275306,0.462078,-0.067269,-0.399775,0.0115,0.255238,0.951637,-0.186777,-1.910801,-0.202695,-0.021756,0.305127,-0.748075,0.265909,0.608002,0.085853,-0.869613,0.486145,0.658922,0.415537,0.626908,-0.006739,-0.014747,-0.078859,-0.707041,1.213491,-0.342414,-0.516498,0.026173,0.033591,-0.029032,0.595413,-0.247722,0.764275,-0.081629,0.927702,0.364286,-0.799261,-0.279287,0.532145,-0.003334,-0.007454,-0.039498,-0.74065,1.2211,-0.29462,-0.646755,0.0863,0.077274,-0.058096,0.507703,0.476933,-0.717475,-0.129787,0.865627,0.483575,0.851699,-0.152393,0.501381,-0.033536,-0.200148,0.005561,0.200466,0.891963,-0.233816,-1.059448
514,0.16698,0.062864,0.334023,-0.555386,-0.373332,-0.743111,-0.033898,-0.882683,0.468715,-0.830231,0.285967,0.478505,-0.083927,-0.368652,-0.002252,-0.203119,0.60594,0.157233,-1.911103,-0.202226,-0.022181,0.301797,-0.713365,0.282719,0.641227,0.093007,-0.86861,0.486621,0.695433,0.406422,0.592501,0.022392,-0.00716,-0.093992,-0.416583,0.974849,-0.523746,-0.545174,0.026409,0.033383,-0.03069,0.553985,-0.257713,0.791634,-0.088626,0.927222,0.363874,-0.827795,-0.27174,0.490827,0.011214,-0.003787,-0.047226,-0.418574,0.973094,-0.514108,-0.71893,0.084792,0.06969,-0.058032,0.527683,0.466459,-0.709905,-0.123292,0.868941,0.479312,0.840445,-0.1654,0.516036,-0.041882,-0.184327,-0.001127,-0.191781,0.60417,0.157325,-1.049651
515,0.165579,0.055897,0.333893,-0.554161,-0.364214,-0.748532,-0.038509,-0.887043,0.460048,-0.83085,0.284214,0.478476,-0.06146,-0.351786,-0.009402,4.138369,-3.828402,-0.428316,-1.911106,-0.201726,-0.022385,0.299877,-0.69529,0.302465,0.651979,0.083681,-0.866789,0.491536,0.714657,0.395938,0.576507,0.036929,-0.012308,-0.101604,-0.890656,-0.597248,1.38686,-0.537352,0.026645,0.033292,-0.031604,0.53152,-0.273035,0.801834,-0.080531,0.926047,0.368714,-0.843208,-0.260552,0.470224,0.011004,-0.006053,-0.050224,-0.637053,1.552149,-0.675166,-0.726441,0.084114,0.066335,-0.058096,0.531976,0.455988,-0.713495,-0.115028,0.873724,0.472625,0.838909,-0.169353,0.517252,-0.030625,-0.170098,-0.008318,-0.22277,0.612121,-0.042162,-1.045569
516,0.163844,0.042253,0.333343,-0.546235,-0.394261,-0.739075,-0.002495,-0.881558,0.472041,-0.836968,0.260174,0.481478,-0.038836,-0.348444,-0.013595,-0.112739,-0.197767,-0.126308,-1.911723,-0.200743,-0.023504,0.295981,-0.638711,0.360588,0.679717,0.046615,-0.86353,0.502073,0.768781,0.351912,0.533851,0.022204,-0.042284,-0.095548,0.286361,2.212073,0.977664,-0.374408,0.027151,0.032729,-0.033589,0.467101,-0.322573,0.823263,-0.046054,0.920939,0.386974,-0.883003,-0.218671,0.415316,0.011086,-0.021638,-0.048356,0.304776,2.209457,0.980065,-0.648388,0.083238,0.059517,-0.058365,0.515625,0.485698,-0.705851,-0.154436,0.863001,0.481017,0.84278,-0.139016,0.519994,-0.013016,-0.174798,-0.007322,0.742684,-0.66258,-0.851975,-1.04214
517,0.162006,0.029314,0.333149,-0.548149,-0.407586,-0.730378,0.006801,-0.875394,0.483334,-0.83569,0.260473,0.483532,-0.064911,-0.30908,-0.005097,-0.364228,0.370621,-0.128679,-1.911717,-0.199105,-0.026074,0.29242,-0.585513,0.411584,0.698401,0.007439,-0.858659,0.512429,0.811311,0.304714,0.498785,0.05383,-0.082832,-0.084374,-0.271875,0.662784,0.024879,-0.220422,0.027969,0.031443,-0.035371,0.404481,-0.368172,0.837164,-0.010525,0.913453,0.406808,-0.914485,-0.173357,0.3656,0.02691,-0.041778,-0.04265,-0.209837,0.583075,-0.029139,-0.473994,0.082326,0.053005,-0.058486,0.514303,0.499374,-0.69722,-0.163848,0.855222,0.491679,0.84181,-0.138633,0.521665,-0.032335,-0.153942,-0.00205,-0.338469,0.286838,0.055064,-1.04165
518,0.160687,0.023565,0.333046,-0.555755,-0.407127,-0.724865,0.008984,-0.874797,0.484377,-0.830624,0.263184,0.490738,-0.06565,-0.288216,-0.007831,-0.215332,0.494498,0.008522,-1.911323,-0.197806,-0.027729,0.290775,-0.579315,0.412405,0.70307,0.011783,-0.858131,0.513231,0.815693,0.305091,0.491354,0.069767,-0.081661,-0.085471,-0.074109,0.114564,-0.06216,-0.194905,0.028618,0.030608,-0.036201,0.397573,-0.367794,0.840632,-0.015004,0.913421,0.406737,-0.917447,-0.174321,0.357633,0.034891,-0.041064,-0.043048,0.00354,0.01197,-0.129772,-0.42468,0.081667,0.050125,-0.058535,0.521312,0.500257,-0.691358,-0.166071,0.854137,0.492818,0.83705,-0.142098,0.52835,-0.032727,-0.143726,-0.003576,-0.144718,0.708688,-0.126816,-1.043446
519,0.158574,0.012582,0.332722,-0.553664,-0.423724,-0.716909,0.026074,-0.869294,0.493579,-0.83166,0.255106,0.493243,-0.053886,-0.279382,-0.005504,3.51419,-2.570987,-2.894754,-1.911427,-0.19477,-0.030934,0.287651,-0.597593,0.428749,0.677531,-0.012017,-0.84961,0.527212,0.80241,0.306378,0.51199,0.07166,-0.074659,-0.079611,0.289058,-0.462087,-0.130456,-0.117249,0.030108,0.029022,-0.037748,0.418499,-0.388684,0.820842,0.004938,0.904756,0.425901,-0.908203,-0.174186,0.380559,0.043598,-0.037075,-0.040006,0.444133,-0.787996,-0.109141,-0.352342,0.080607,0.044641,-0.058689,0.519859,0.512917,-0.683126,-0.177441,0.847072,0.500982,0.835619,-0.139225,0.531371,-0.020043,-0.133889,-0.006704,-0.45154,0.090111,-0.142832,-1.039037
520,0.156484,0.002876,0.332005,-0.546183,-0.442294,-0.711411,0.042927,-0.862932,0.503466,-0.835902,0.24499,0.491197,-0.054681,-0.223689,-0.033193,3.74982,-2.419573,-2.855603,-1.911539,-0.192048,-0.033008,0.284644,-0.609438,0.440558,0.659154,-0.034383,-0.845196,0.533287,0.792805,0.30179,0.529382,0.057365,-0.035724,-0.075185,0.136353,-0.286191,0.261545,-0.014497,0.031473,0.027954,-0.039275,0.433265,-0.40231,0.80649,0.025794,0.90001,0.435104,-0.900896,-0.167713,0.40032,0.029031,-0.023335,-0.033413,0.062323,-0.120148,0.064251,-0.266451,0.079562,0.03977,-0.059035,0.508434,0.530775,-0.678064,-0.19334,0.837699,0.510762,0.839114,-0.128591,0.528535,-0.034194,-0.111286,-0.015951,-0.079956,0.387791,0.027192,-1.035934
521,0.155056,-0.001532,0.331313,-0.546932,-0.445856,-0.708606,0.044968,-0.860839,0.506858,-0.835304,0.245902,0.491758,-0.069478,-0.209009,-0.040538,-0.115307,0.29707,0.036899,-1.911187,-0.190892,-0.03361,0.283311,-0.606375,0.451244,0.654736,-0.04836,-0.842686,0.536167,0.794422,0.29289,0.531951,0.058294,-0.028005,-0.065574,0.06079,-0.210302,0.346977,0.053701,0.032051,0.027648,-0.039948,0.429587,-0.413358,0.802863,0.038513,0.896659,0.441042,-0.902203,-0.158546,0.401112,0.02921,-0.013715,-0.032435,0.044481,-0.177505,0.33216,-0.201462,0.078879,0.037647,-0.059363,0.505043,0.53744,-0.675343,-0.20032,0.834091,0.513967,0.839525,-0.124291,0.528912,-0.03466,-0.104511,-0.020162,0.066855,0.490562,0.141128,-1.036751
522,0.152416,-0.009065,0.329739,-0.539226,-0.461221,-0.704667,0.065156,-0.857069,0.511038,-0.838981,0.230221,0.493088,-0.07028,-0.17502,-0.050827,-0.161521,0.203401,-0.163862,-1.911274,-0.188551,-0.03435,0.281275,-0.57862,0.499241,0.644941,-0.116716,-0.833208,0.54044,0.807889,0.23681,0.539537,0.060021,-0.011507,-0.044075,3.907072,2.623734,3.315563,0.123105,0.033221,0.027267,-0.04098,0.401548,-0.457262,0.793517,0.09838,0.882961,0.45902,-0.910538,-0.106253,0.399537,0.030408,-0.010847,-0.017353,0.646441,-0.187842,0.242899,-0.072136,0.077532,0.033779,-0.060165,0.495974,0.550741,-0.671337,-0.220141,0.827621,0.516315,0.839968,-0.10829,0.531719,-0.035091,-0.09272,-0.020889,-0.202903,0.111116,-0.012094,-1.038057
523,0.149225,-0.015105,0.327864,-0.552733,-0.458513,-0.695915,0.072567,-0.858374,0.507838,-0.82952,0.230764,0.508597,-0.099064,-0.134205,-0.053457,0.130711,0.486322,0.00226,-1.912044,-0.186354,-0.034751,0.280153,-0.570322,0.515559,0.639471,-0.141354,-0.828382,0.541974,0.809845,0.218063,0.544484,0.045523,0.001181,-0.025777,0.059985,-0.156869,0.242626,0.156214,0.034343,0.027067,-0.041553,0.3905,-0.476117,0.787921,0.127304,0.875581,0.465994,-0.911757,-0.081665,0.402526,0.022839,0.001303,-0.011955,0.039507,-0.136948,0.255606,-0.004697,0.075909,0.030686,-0.061128,0.509185,0.550222,-0.661804,-0.22766,0.82767,0.512964,0.83,-0.110527,0.5467,-0.04941,-0.066411,-0.026017,0.130832,0.490616,0.005477,-1.037241
524,0.145649,-0.019982,0.325748,-0.564363,-0.455543,-0.688491,0.075684,-0.859033,0.506268,-0.821364,0.234173,0.520146,-0.085569,-0.10607,-0.067707,-0.034929,0.112145,-0.085315,-1.912081,-0.18455,-0.034459,0.279641,-0.581161,0.530165,0.617389,-0.153413,-0.816333,0.556777,0.799891,0.228197,0.554945,0.047139,0.003182,0.000387,-0.08276,-0.590893,0.743412,0.160039,0.035245,0.027213,-0.041809,0.403332,-0.494275,0.770074,0.135051,0.8645,0.484149,-0.905032,-0.091273,0.415433,0.023633,0.002278,0.001107,-0.087864,-0.636899,0.803244,0.016694,0.074154,0.028297,-0.062152,0.521338,0.548419,-0.653791,-0.230621,0.828185,0.510806,0.821596,-0.115524,0.558241,-0.035427,-0.0585,-0.029532,-0.133778,0.161751,-0.269031,-1.04116
525,0.144231,-0.02208,0.324472,-0.565806,-0.458211,-0.68553,0.07642,-0.856966,0.509649,-0.820301,0.236539,0.520752,-0.055847,-0.089798,-0.072288,-0.040107,0.103173,-0.18358,-1.911674,-0.183739,-0.034179,0.279674,-0.58416,0.534541,0.610749,-0.157333,-0.812692,0.560992,0.796941,0.230949,0.558042,0.047474,0.008931,0.008259,0.005448,-0.075449,0.128989,0.163673,0.035621,0.027347,-0.041797,0.407017,-0.499626,0.764663,0.137689,0.861137,0.489371,-0.902983,-0.093896,0.41929,0.023772,0.004745,0.004484,-0.020589,-0.228692,0.311303,0.022083,0.073459,0.027273,-0.062771,0.521768,0.551251,-0.65106,-0.230752,0.82593,0.514385,0.821285,-0.118156,0.558147,-0.035141,-0.043969,-0.035122,-0.055302,0.103707,-0.220409,-1.03871
526,0.141688,-0.024916,0.322043,-0.564018,-0.457161,-0.687702,0.075758,-0.857934,0.508116,-0.821594,0.235052,0.519385,-0.069063,-0.060941,-0.064541,0.481382,-1.517862,2.059026,-1.911403,-0.182622,-0.033709,0.280401,-0.586937,0.535376,0.607346,-0.160004,-0.811956,0.561301,0.794367,0.2316,0.561432,0.017381,0.006071,0.030377,-0.020792,-0.045186,0.052574,0.171785,0.036204,0.027592,-0.041432,0.410493,-0.501004,0.761898,0.140331,0.860295,0.490099,-0.901,-0.094264,0.423452,0.00838,0.009555,0.012391,-0.002801,-0.053658,0.107133,0.033023,0.072165,0.025801,-0.064019,0.521012,0.551953,-0.65107,-0.230963,0.825491,0.514995,0.821706,-0.117945,0.557572,-0.026984,-0.03042,-0.032104,-0.004151,0.062126,-0.121368,-1.042466
527,0.139554,-0.027137,0.319633,-0.554983,-0.457629,-0.694704,0.071479,-0.858258,0.508189,-0.82811,0.232944,0.5099,-0.03859,-0.043862,-0.067906,-0.185736,-0.367703,-0.027829,-1.912033,-0.182347,-0.033057,0.281726,-0.610768,0.520391,0.596781,-0.135859,-0.811286,0.568588,0.780799,0.265544,0.565423,0.001422,0.024058,0.032626,-0.001205,-0.069855,0.089175,0.18083,0.036349,0.027925,-0.040751,0.437199,-0.489605,0.754415,0.115169,0.862404,0.492945,-0.891959,-0.12863,0.433429,0.000713,0.012385,0.016792,-0.00664,-0.05907,0.087215,0.04625,0.071087,0.02469,-0.065216,0.512133,0.549176,-0.660396,-0.226104,0.827963,0.513179,0.82861,-0.113498,0.548198,-0.019308,-0.027031,-0.029277,-0.344967,-0.373338,-0.287505,-1.046222
528,0.138969,-0.028069,0.318527,-0.552466,-0.458091,-0.696405,0.070089,-0.858046,0.508739,-0.829912,0.232816,0.507021,-0.02253,-0.046273,-0.050635,-0.129313,-0.163171,-0.09763,-1.911856,-0.182489,-0.032692,0.282444,-0.634481,0.497479,0.591557,-0.10459,-0.813449,0.572097,0.766589,0.300489,0.567372,-0.014106,0.024346,0.034187,-3.266724,-3.210826,-3.070223,0.183269,0.036283,0.028103,-0.040399,0.460437,-0.472931,0.751221,0.088721,0.866543,0.491153,-0.883247,-0.159496,0.440947,-0.00672,0.006489,0.021023,-0.047073,-0.015898,0.017662,0.051312,0.070796,0.02423,-0.065762,0.509394,0.54943,-0.662302,-0.224708,0.827866,0.513949,0.830676,-0.112978,0.545171,-0.011109,-0.0224,-0.024473,-0.22194,-0.369617,0.017489,-1.047365
529,0.138427,-0.029399,0.316908,-0.551042,-0.455675,-0.699112,0.068532,-0.859658,0.506225,-0.830989,0.231601,0.505811,-0.005344,-0.033036,-0.03657,0.001956,-0.041547,0.072536,-1.911292,-0.182965,-0.031914,0.283984,-0.657818,0.467435,0.59057,-0.066146,-0.816821,0.573029,0.751053,0.337297,0.567462,-0.013991,0.025209,0.034899,-0.083171,-0.132197,-0.016941,0.204907,0.036046,0.028498,-0.039621,0.489739,-0.441816,0.751633,0.046652,0.874139,0.483428,-0.870619,-0.201688,0.448712,-0.006678,0.006802,0.021225,-0.327739,-0.306478,-0.259966,0.07009,0.07051,0.023548,-0.066598,0.508072,0.547215,-0.665144,-0.223393,0.829537,0.511822,0.831839,-0.111454,0.543709,-0.002554,-0.015961,-0.017658,0.004915,-0.038939,0.07373,-1.050304
530,0.138362,-0.030537,0.315689,-0.550059,-0.453876,-0.701054,0.067168,-0.860775,0.504506,-0.831752,0.230979,0.504841,0.011197,-0.02508,-0.027855,0.00366,-0.070518,0.127126,-1.911279,-0.183879,-0.031108,0.28517,-0.69026,0.425885,0.584939,-0.015473,-0.816809,0.576643,0.724219,0.388447,0.569631,-0.029836,0.01746,0.025621,-1.00575,-1.123522,-0.772972,0.199387,0.035601,0.028909,-0.039018,0.523594,-0.407498,0.748193,0.000822,0.878436,0.477858,-0.851967,-0.249589,0.460278,-0.01532,0.014255,0.008693,-0.359167,-1.858086,2.025099,0.084623,0.070474,0.022989,-0.067195,0.507521,0.5454,-0.667053,-0.222207,0.830828,0.510243,0.832493,-0.110735,0.542855,0.005577,-0.017522,-0.00915,-0.031676,-0.056123,0.109516,-1.051447
531,0.138662,-0.031271,0.314933,-0.556491,-0.444359,-0.702075,0.056558,-0.863295,0.501493,-0.828251,0.239916,0.506427,0.012778,-0.015595,-0.017355,-0.002636,0.016669,-0.018011,-1.911234,-0.184846,-0.030291,0.285591,-0.715169,0.399439,0.573562,0.016166,-0.810814,0.585024,0.699617,0.427159,0.572657,-0.015573,0.019715,0.004363,0.032028,-0.008777,0.015527,0.213263,0.035101,0.029336,-0.038782,0.556001,-0.38152,0.738447,-0.036877,0.876233,0.480473,-0.830362,-0.294375,0.473118,-0.007826,0.009424,0.001621,0.047663,-0.010166,-0.001117,0.083644,0.070622,0.022612,-0.067585,0.515419,0.53679,-0.667981,-0.211891,0.835125,0.50761,0.830328,-0.120093,0.54418,0.006497,-0.007225,-0.008037,-0.016103,-0.000543,0.008896,-1.052917
532,0.138813,-0.031557,0.314643,-0.557974,-0.442121,-0.70231,0.056715,-0.864629,0.499171,-0.82724,0.239238,0.508395,0.013152,-0.013384,-0.014901,0.015916,-0.084895,0.184968,-1.910651,-0.18526,-0.02987,0.285596,-0.730471,0.386778,0.562855,0.028277,-0.806205,0.590904,0.683228,0.447065,0.577231,-0.015644,0.018228,0.002389,-0.252202,-0.354158,-0.218167,0.251256,0.0349,0.029535,-0.038786,0.574048,-0.371833,0.729526,-0.049789,0.873447,0.484366,-0.817306,-0.314372,0.482888,-0.007849,0.008792,0.000787,-0.899284,-1.290582,-0.607836,0.106668,0.070698,0.022472,-0.067726,0.517412,0.534845,-0.668001,-0.212316,0.836442,0.505257,0.828979,-0.119598,0.546341,0.006588,-0.006692,-0.007456,-0.012377,0.008073,-0.021612,-1.052917
533,0.139158,-0.032126,0.313988,-0.555232,-0.431203,-0.711215,0.046976,-0.870024,0.490739,-0.829694,0.239595,0.504211,0.012692,-0.016469,-0.018504,0.004369,-0.084806,0.152149,-1.910067,-0.185834,-0.028925,0.285567,-0.778479,0.33985,0.527698,0.066186,-0.791459,0.607574,0.6251,0.507477,0.592942,-0.015465,0.020226,0.004941,-0.165395,-0.683057,0.006892,0.305894,0.034612,0.029996,-0.038816,0.632125,-0.333645,0.699355,-0.091444,0.864122,0.494904,-0.76945,-0.376793,0.515724,-0.000355,0.016053,-0.001744,-0.793846,-1.917625,-0.167609,0.18766,0.070873,0.022202,-0.068037,0.516585,0.523844,-0.677292,-0.202936,0.84338,0.49752,0.831838,-0.119565,0.541985,0.006358,-0.008223,-0.009246,0.002734,-0.080935,0.145273,-1.055366
534,0.13955,-0.032902,0.313062,-0.555807,-0.416678,-0.719376,0.020205,-0.871857,0.489314,-0.830392,0.257943,0.493905,-0.003308,-0.020721,-0.023791,-0.078008,-0.17892,0.062728,-1.910078,-0.186373,-0.028014,0.285861,-0.840294,0.291978,0.456777,0.082155,-0.764091,0.639804,0.536874,0.574776,0.617465,-0.014506,0.012477,0.017396,-2.584764,-4.48354,-2.221797,0.322868,0.034341,0.03045,-0.038679,0.707971,-0.30403,0.637449,-0.112019,0.842827,0.526396,-0.6973,-0.44408,0.56264,-0.007613,0.011865,0.004703,-0.296777,-2.310703,2.785139,0.232728,0.071076,0.021822,-0.068491,0.519567,0.509853,-0.685638,-0.176398,0.849171,0.497786,0.836022,-0.137688,0.531138,0.005842,-0.01164,-0.013242,-0.062718,-0.174674,0.068258,-1.057652
535,0.13963,-0.033319,0.312537,-0.560552,-0.404594,-0.722586,-0.00329,-0.871458,0.490431,-0.827435,0.277788,0.488071,-0.00346,-0.021678,-0.025009,-0.184759,-0.089493,0.111643,-1.909383,-0.186607,-0.027721,0.28626,-0.864238,0.282371,0.416353,0.070972,-0.750727,0.656738,0.499088,0.596765,0.628208,-0.014257,0.015786,0.021599,-0.047642,-1.127918,1.452774,0.337659,0.034224,0.030592,-0.038485,0.741568,-0.29683,0.601638,-0.110255,0.830676,0.545728,-0.661755,-0.471029,0.583276,-0.007129,0.008233,0.011241,-0.31277,-2.334001,2.685143,0.248894,0.071114,0.021604,-0.068765,0.526051,0.498738,-0.688861,-0.153102,0.852296,0.500149,0.836558,-0.157638,0.524709,-0.001727,-0.010949,-0.012632,-0.136725,-0.04646,0.132534,-1.058305
536,0.139434,-0.034241,0.311578,-0.572388,-0.379025,-0.727157,-0.043128,-0.871643,0.488212,-0.818157,0.311274,0.483482,-0.003614,-0.022503,-0.026215,-0.102124,-0.083131,0.341512,-1.908675,-0.187056,-0.026817,0.287209,-0.897671,0.244949,0.366302,0.073775,-0.735786,0.673135,0.435525,0.630961,0.641926,-0.014466,0.032719,0.020652,-0.496396,-1.806535,-0.003591,0.372226,0.034,0.031037,-0.038011,0.78668,-0.270478,0.554954,-0.116129,0.818036,0.563321,-0.606339,-0.5076,0.612122,-0.006968,0.010855,0.014648,-1.970403,-4.392312,-2.493144,0.298207,0.071017,0.02115,-0.069236,0.542162,0.475389,-0.692866,-0.114176,0.858603,0.499763,0.83248,-0.191844,0.519779,-0.001792,-0.011292,-0.013146,-0.348556,0.201277,0.344831,-1.058142
537,0.139156,-0.035242,0.310547,-0.576934,-0.360249,-0.733085,-0.06786,-0.873265,0.482469,-0.813272,0.328543,0.480287,-0.003784,-0.023376,-0.027521,0.007312,-0.154581,0.270895,-1.90878,-0.187773,-0.025693,0.288096,-0.906752,0.229947,0.353436,0.078937,-0.730604,0.678175,0.415299,0.642537,0.643845,-0.013871,0.019459,0.025812,0.134873,1.63963,-1.48758,0.368495,0.033647,0.031602,-0.037564,0.801509,-0.256752,0.540056,-0.122418,0.813552,0.56846,-0.585316,-0.521739,0.620638,-0.014892,0.015541,0.009746,-0.177777,0.272935,0.079766,0.311271,0.07088,0.020657,-0.069743,0.550001,0.457471,-0.698726,-0.089682,0.864147,0.495183,0.830334,-0.209688,0.516308,-0.009657,-0.016761,-0.009195,-0.03419,-0.024412,0.05246,-1.052427
538,0.138627,-0.036096,0.309579,-0.572653,-0.349349,-0.741666,-0.08963,-0.872581,0.480147,-0.814194,0.341863,0.469303,-0.018689,-0.019309,-0.023264,-0.350213,-0.534024,-0.20343,-1.908763,-0.188212,-0.024848,0.288916,-0.900117,0.190539,0.391759,0.132339,-0.736967,0.662797,0.416126,0.648191,0.637613,-0.014565,0.02927,0.015789,0.027104,-0.161911,0.071214,0.368869,0.033422,0.032034,-0.037142,0.79072,-0.212572,0.574085,-0.172317,0.822573,0.541922,-0.587425,-0.527434,0.613795,0.000666,0.009271,0.011629,-0.076595,0.034406,-0.62059,0.311434,0.070619,0.020214,-0.070245,0.549525,0.444609,-0.70735,-0.068349,0.867728,0.492316,0.832676,-0.222193,0.507227,-0.009279,-0.009372,-0.011287,-0.022083,-0.096508,0.061756,-1.053733
539,0.13835,-0.036468,0.309211,-0.57193,-0.341003,-0.746095,-0.10318,-0.872398,0.477753,-0.813099,0.350643,0.4647,-0.018092,-0.015456,-0.018767,-0.120571,-0.228639,-0.00235,-1.908658,-0.18827,-0.024421,0.28934,-0.892583,0.178206,0.414161,0.155225,-0.740755,0.653545,0.424371,0.647398,0.632968,-0.014499,0.029937,0.016521,-2.203746,-3.675684,-3.330451,0.378117,0.033393,0.032245,-0.036932,0.779055,-0.202011,0.593518,-0.188347,0.827529,0.528885,-0.597994,-0.523818,0.606643,0.000697,0.009724,0.012142,0.112327,0.372576,-0.296474,0.313883,0.070479,0.020022,-0.070436,0.548709,0.437627,-0.712319,-0.05426,0.868889,0.492022,0.83425,-0.231327,0.500513,-0.001342,-0.008232,-0.009819,-0.162841,-0.295458,-0.006069,-1.056346
540,0.137897,-0.037092,0.308603,-0.570709,-0.314436,-0.758595,-0.154331,-0.866273,0.475105,-0.805835,0.388608,0.446812,-0.017825,-0.013507,-0.016567,-0.508917,-0.132783,0.394883,-1.907743,-0.188082,-0.023556,0.290257,-0.884625,0.156447,0.439266,0.187399,-0.743123,0.642326,0.428022,0.650331,0.62748,0.016691,0.021415,0.025331,0.250529,1.670443,-1.782622,0.392625,0.033482,0.032686,-0.036472,0.771302,-0.171952,0.612801,-0.221231,0.830347,0.511448,-0.596782,-0.530052,0.602408,0.008341,0.010795,0.01276,0.246719,1.658791,-1.761817,0.330376,0.070253,0.019714,-0.070736,0.55167,0.412032,-0.725182,-0.002976,0.870424,0.492292,0.834056,-0.269425,0.481413,-0.001192,-0.007208,-0.008652,-1.404717,0.362863,0.977723,-1.063531
541,0.137457,-0.037946,0.307971,-0.558827,-0.296916,-0.774337,-0.198391,-0.858754,0.472392,-0.804535,0.417972,0.421959,-0.003449,-0.030008,-0.014633,-0.241665,-0.564522,0.245852,-1.906482,-0.187925,-0.022762,0.291227,-0.895085,0.106035,0.433094,0.225166,-0.730649,0.644505,0.385897,0.674262,0.629538,0.001387,0.019813,0.024297,-2.407783,-3.637762,-3.435012,0.416054,0.03356,0.033079,-0.035991,0.786291,-0.128684,0.604305,-0.255875,0.822433,0.508065,-0.562381,-0.554114,0.613745,0.000673,0.009692,0.011874,-0.066431,-0.120669,-0.043975,0.357482,0.070029,0.019302,-0.071041,0.543882,0.39279,-0.741557,0.042118,0.869797,0.491608,0.838104,-0.29861,0.456523,-0.009259,-0.008727,-0.010741,-0.263289,-0.53915,0.015194,-1.062061
542,0.137312,-0.038473,0.307673,-0.552773,-0.291763,-0.780616,-0.214471,-0.855369,0.471506,-0.8046,0.428414,0.411227,-0.018609,-0.017606,-0.021775,-0.088714,-0.284286,0.161131,-1.906924,-0.187955,-0.022379,0.2917,-0.902046,0.091222,0.421881,0.230113,-0.72505,0.649064,0.36622,0.682441,0.632472,0.001288,0.018443,0.022517,-0.029198,-0.090759,0.067131,0.421081,0.03355,0.033266,-0.03576,0.797469,-0.110679,0.593121,-0.266845,0.816967,0.511231,-0.541143,-0.565963,0.621971,0.000633,0.009208,0.011234,-0.22761,-1.873578,2.100985,0.370708,0.069962,0.019032,-0.071191,0.538305,0.387453,-0.748403,0.05875,0.868635,0.491955,0.840699,-0.308791,0.444828,-0.001654,-0.014633,-0.006907,-0.065382,-0.353006,0.390839,-1.062714
543,0.137197,-0.039481,0.307195,-0.53803,-0.288602,-0.792009,-0.224786,-0.856436,0.464715,-0.811758,0.428418,0.396905,-0.002527,-0.014896,-0.01825,-0.005251,-0.189229,0.28399,-1.907138,-0.188296,-0.021783,0.292503,-0.91682,0.088515,0.389357,0.211435,-0.719307,0.661685,0.339782,0.688848,0.640234,0.001059,0.015032,0.01822,-0.005455,-0.306759,0.400315,0.423874,0.033375,0.03358,-0.035339,0.818482,-0.113571,0.563194,-0.250874,0.811226,0.528179,-0.516864,-0.573596,0.635482,0.000508,0.007353,0.008913,-0.003183,-0.301484,0.397905,0.384098,0.069898,0.018521,-0.071438,0.525048,0.382151,-0.760449,0.068677,0.871581,0.485416,0.848296,-0.307093,0.431377,-0.001352,-0.012785,-0.004727,-0.002747,-0.238183,0.456676,-1.062551
544,0.137114,-0.040249,0.306728,-0.530386,-0.281672,-0.799623,-0.23113,-0.859436,0.455983,-0.815007,0.42701,0.39173,-0.002171,-0.012755,-0.015725,0.003421,-0.06962,0.122858,-1.906796,-0.188907,-0.02136,0.293293,-0.919963,0.087251,0.382161,0.206808,-0.719898,0.662504,0.334072,0.688393,0.643719,-0.014099,0.013354,0.017222,0.272225,-0.210454,-0.126499,0.42007,0.03308,0.033785,-0.034962,0.822487,-0.114749,0.557088,-0.246568,0.810692,0.531019,-0.512561,-0.574116,0.63849,-0.014632,0.006156,0.008563,0.578264,-0.387657,-0.294084,0.386548,0.069856,0.018136,-0.071673,0.519153,0.373924,-0.768543,0.07477,0.875899,0.476664,0.851403,-0.304926,0.426768,-0.001147,-0.011559,-0.003275,-0.025724,-0.166324,0.30395,-1.065
545,0.13708,-0.040675,0.306236,-0.524834,-0.276719,-0.804998,-0.235206,-0.861739,0.449506,-0.817437,0.425596,0.388191,-0.017013,-0.007564,-0.009762,0.00314,-0.069096,0.118378,-1.906796,-0.189486,-0.021159,0.294001,-0.919695,0.079075,0.384578,0.214054,-0.719884,0.660214,0.330208,0.689406,0.644628,0.001355,-0.00127,0.019951,-0.031906,0.094096,-0.16755,0.397112,0.03278,0.033893,-0.034598,0.823118,-0.10496,0.558086,-0.252979,0.812087,0.525848,-0.508407,-0.574019,0.641891,-0.007157,0.005125,0.006713,-0.026525,0.114826,-0.167711,0.3663,0.069844,0.017918,-0.071924,0.514702,0.368269,-0.774247,0.07876,0.878923,0.470415,0.853743,-0.303104,0.423379,-0.000737,-0.00436,-0.0054,0.008864,-0.181659,0.321062,-1.059285
546,0.137041,-0.040866,0.306065,-0.522644,-0.274762,-0.80709,-0.236866,-0.862598,0.44698,-0.818362,0.425121,0.38676,-0.001311,-0.007677,-0.009527,0.004126,-0.083795,0.14794,-1.90722,-0.189579,-0.02111,0.294325,-0.918377,0.074489,0.38862,0.218444,-0.723197,0.655135,0.330998,0.68645,0.647372,-0.014398,0.008694,0.011518,0.277734,-0.103033,-0.328719,0.397825,0.032739,0.033914,-0.034432,0.821303,-0.100776,0.56152,-0.25608,0.814418,0.520715,-0.509788,-0.571459,0.643078,0.000617,-0.001308,0.009164,0.427799,-0.327047,-0.224121,0.358625,0.069819,0.017821,-0.072012,0.512891,0.365975,-0.776532,0.080436,0.880105,0.467915,0.854675,-0.302451,0.421961,-0.000621,-0.003673,-0.004558,0.004044,-0.083677,0.14802,-1.05357
547,0.136847,-0.041322,0.305841,-0.518492,-0.271024,-0.811023,-0.240287,-0.864063,0.442301,-0.820008,0.42454,0.3839,-0.016843,-0.006371,-0.008339,0.003149,-0.068999,0.118433,-1.906575,-0.189476,-0.021109,0.294852,-0.91617,0.069915,0.394635,0.224209,-0.726495,0.649514,0.333256,0.683449,0.649385,0.001068,-0.005139,0.015278,0.055679,-0.069019,-0.041978,0.41497,0.032785,0.033919,-0.03417,0.818712,-0.094372,0.566394,-0.260389,0.818127,0.512703,-0.511768,-0.56724,0.645238,0.008022,-0.00282,0.006779,0.051236,-0.084934,-0.009775,0.364667,0.069729,0.017599,-0.072116,0.509608,0.361782,-0.780648,0.083776,0.882127,0.4635,0.856317,-0.301603,0.41923,-0.000758,-0.009218,-0.000434,-0.026458,-0.167299,0.303404,-1.054386
